T_0,T_1,T_2,T_3,T_4,T_5,T_6,T_7,T_8,T_9,T_10,T_11,T_12,T_13,T_14,T_15,T_16,T_17,T_18,T_19,T_20,T_21,T_22,T_23,T_24,T_25,T_26,T_27,T_28,T_29,T_30,T_31,T_32,T_33,T_34,T_35,T_36,T_37,T_38,T_39,T_40,T_41,T_42,T_43,T_44,T_45,T_46,T_47,T_48,T_49,T_50,T_51,T_52,T_53,T_54,T_55,T_56,T_57,T_58,T_59,T_60,T_61,T_62,T_63,T_64,T_65,T_66,T_67,T_68,T_69,T_70,T_71,T_72,T_73,T_74,T_75,T_76,T_77,T_78,T_79,T_80,T_81,T_82,T_83,T_84,T_85,T_86,T_87,T_88,T_89,T_90,T_91,T_92,T_93,T_94,T_95,T_96,T_97,T_98,T_99,T_100,T_101,T_102,T_103,T_104,T_105,T_106,T_107,T_108,T_109,T_110,T_111,T_112,T_113,T_114,T_115,T_116,T_117,T_118,T_119,T_120,T_121,T_122,T_123,T_124,T_125,T_126,T_127,T_128,T_129,T_130,T_131,T_132,T_133,T_134,T_135,T_136,T_137,T_138,T_139,T_140,T_141,T_142,T_143,T_144,T_145,T_146,T_147,T_148,T_149,T_150,T_151,T_152,T_153,T_154,T_155,T_156,T_157,T_158,T_159,T_160,T_161,T_162,T_163,T_164,T_165,T_166,T_167,T_168,T_169,T_170,T_171,T_172,T_173,T_174,T_175,T_176,T_177,T_178,T_179,T_180,T_181,T_182,T_183,T_184,T_185,T_186,T_187,T_188,T_189,T_190,T_191,T_192,T_193,T_194,T_195,T_196,T_197,T_198,
1,4,5,5,6,6,11,14,21,25,26,34,44,51,77,100,136,183,225,298,327,355,449,601,830,1090,1350,1707,1905,2104,2424,2604,2686,2815,2947,2912,2829,2810,2638,2418,2185,2135,1943,1753,1614,1616,1546,1413,1351,1251,1181,1096,1016,952,939,927,949,934,889,841,828,823,802,752,700,640,644,583,550,527,503,516,549,586,637,650,661,717,743,909,920,877,830,758,678,711,757,832,868,834,859,876,933,886,805,750,705,639,587,573,541,594,541,506,512,542,569,656,696,658,645,696,788,771,730,677,656,625,652,654,679,673,692,756,829,921,997,1045,1080,1034,1003,919,918,983,1054,1105,1206,1278,1340,1479,1564,1458,1390,1328,1190,1097,1000,940,877,789,699,616,644,690,695,635,609,586,585,670,788,938,1117,1365,1468,1353,1245,1212,1085,1022,930,828,769,789,833,802,805,827,866,915,1063,1187,1148,1063,1177,1293,1380,1486,1647,1869,1979,1855,1733,1724,1687,1626,1578,1616,1773,
1,3,4,4,7,10,13,20,31,37,36,49,64,88,117,147,199,262,369,501,588,598,691,926,1114,1273,1296,1569,1813,1937,2120,2246,2312,2299,2444,2417,2659,2591,2565,2607,2568,2543,2360,2192,2078,1896,1763,1637,1554,1491,1412,1281,1197,1195,1165,1052,1078,1070,1067,1093,1117,1113,1055,997,929,852,814,795,749,799,728,730,769,763,759,797,836,812,811,795,732,684,747,748,711,716,763,726,657,675,717,734,736,733,707,687,647,612,626,613,589,576,536,508,538,540,534,538,577,605,623,625,606,614,613,618,559,584,595,624,693,725,841,821,897,949,1007,918,836,822,844,933,878,781,802,946,956,1054,1069,1071,1092,1058,1071,1043,1019,940,893,842,805,819,772,756,748,729,677,633,635,641,647,654,730,801,862,914,976,902,854,829,828,788,818,805,767,789,818,780,690,672,757,859,948,998,1021,985,1046,1121,1386,1637,1896,2186,2307,2533,2562,2454,2309,2102,2160,2100,2075,
1,3,4,4,6,7,11,17,27,31,34,42,53,61,85,126,167,240,297,374,409,431,588,834,1082,1224,1340,1454,1471,1643,2079,2265,2233,2062,1996,1823,1700,1775,1716,1673,1642,1686,1625,1475,1314,1177,1086,967,913,907,909,869,825,793,736,700,674,702,764,733,707,651,622,654,633,616,569,572,527,491,449,453,450,430,463,511,501,504,521,604,634,632,571,619,644,661,682,663,635,711,736,747,826,909,918,907,907,982,1003,924,882,958,870,805,774,743,806,821,878,952,1079,1102,998,985,894,935,957,1022,1111,1125,1074,963,921,881,832,883,914,821,801,796,729,676,649,633,631,631,643,737,853,833,814,821,838,852,883,840,810,761,819,853,856,847,847,826,821,776,755,743,755,764,886,888,1018,1120,1282,1287,1176,1121,1126,1044,986,914,839,772,704,684,669,610,625,719,814,868,884,1011,1152,1435,1708,1920,1948,1903,1799,1624,1574,1503,1651,1698,1597,1586,1554,
1,4,6,5,6,8,12,20,35,50,57,62,74,85,125,180,270,326,374,418,429,468,531,690,833,925,1050,1080,1240,1587,1744,1843,1792,1880,1916,1861,1746,1653,1482,1438,1355,1344,1346,1243,1152,1093,1010,975,941,883,802,743,656,689,663,650,662,664,644,711,735,767,843,895,882,860,842,801,772,735,655,741,752,721,690,701,745,788,738,718,735,757,731,747,719,722,693,652,632,669,694,752,892,972,962,904,900,823,778,683,656,604,640,688,656,618,661,643,673,730,730,762,732,731,699,682,619,590,602,564,513,515,534,522,582,685,720,756,789,806,849,840,796,779,821,879,881,856,866,822,763,713,638,589,585,595,597,634,652,705,689,619,563,508,459,443,468,496,494,542,544,575,648,682,683,678,682,620,631,625,622,594,589,552,552,599,664,788,882,1041,1103,1160,1194,1253,1420,1348,1430,1519,1517,1402,1374,1319,1292,1221,1115,992,916,827,783,
1,3,4,3,6,10,13,22,37,38,45,51,68,73,92,122,161,226,292,372,420,476,586,707,754,911,1056,1127,1256,1322,1368,1309,1312,1300,1208,1163,1189,1347,1362,1299,1214,1098,1019,920,1018,1015,933,890,825,807,776,733,661,643,604,560,551,599,694,720,674,710,664,601,580,574,577,590,575,575,526,529,552,562,549,559,564,596,615,669,641,607,609,604,642,725,756,690,630,637,624,579,572,606,681,765,757,748,747,785,770,775,772,709,673,655,617,599,594,611,630,712,770,876,840,853,754,726,718,760,762,722,753,729,677,688,715,770,773,802,798,786,786,760,834,869,860,834,756,738,809,834,814,802,804,773,699,716,777,789,732,738,671,661,651,641,557,493,444,440,446,471,496,492,448,425,448,435,435,435,440,434,392,378,390,351,340,340,368,386,404,496,553,637,729,820,921,1018,1094,1106,1127,1205,1306,1371,1384,1356,1351,1470,1679,
1,3,4,3,6,10,13,22,37,38,45,51,68,73,92,122,161,226,292,372,420,476,586,707,754,911,1056,1127,1256,1322,1368,1309,1312,1300,1208,1163,1189,1347,1362,1299,1214,1098,1019,920,1018,1015,933,890,825,807,776,733,661,643,604,560,551,599,694,720,674,710,664,601,580,574,577,590,575,575,526,529,552,562,549,559,564,596,615,669,641,607,609,604,642,725,756,690,630,637,624,579,572,606,681,765,757,748,747,785,770,775,772,709,673,655,617,599,594,611,630,712,770,876,840,853,754,726,718,760,762,722,753,729,677,688,715,770,773,802,798,786,786,760,834,869,860,834,756,738,809,834,814,802,804,773,699,716,777,789,732,738,671,661,651,641,557,493,444,440,446,471,496,492,448,425,448,435,435,435,440,434,392,378,390,351,340,340,368,386,404,496,553,637,729,820,921,1018,1094,1106,1127,1205,1306,1371,1384,1356,1351,1470,1679,
1,3,4,3,6,10,13,22,37,38,45,51,68,73,92,122,161,226,292,372,420,476,586,707,754,911,1056,1127,1256,1322,1368,1309,1312,1300,1208,1163,1189,1347,1362,1299,1214,1098,1019,920,1018,1015,933,890,825,807,776,733,661,643,604,560,551,599,694,720,674,710,664,601,580,574,577,590,575,575,526,529,552,562,549,559,564,596,615,669,641,607,609,604,642,725,756,690,630,637,624,579,572,606,681,765,757,748,747,785,770,775,772,709,673,655,617,599,594,611,630,712,770,876,840,853,754,726,718,760,762,722,753,729,677,688,715,770,773,802,798,786,786,760,834,869,860,834,756,738,809,834,814,802,804,773,699,716,777,789,732,738,671,661,651,641,557,493,444,440,446,471,496,492,448,425,448,435,435,435,440,434,392,378,390,351,340,340,368,386,404,496,553,637,729,820,921,1018,1094,1106,1127,1205,1306,1371,1384,1356,1351,1470,1679,
1,3,4,3,6,10,13,22,37,38,45,51,68,73,92,122,161,226,292,372,420,476,586,707,754,911,1056,1127,1256,1322,1368,1309,1312,1300,1208,1163,1189,1347,1362,1299,1214,1098,1019,920,1018,1015,933,890,825,807,776,733,661,643,604,560,551,599,694,720,674,710,664,601,580,574,577,590,575,575,526,529,552,562,549,559,564,596,615,669,641,607,609,604,642,725,756,690,630,637,624,579,572,606,681,765,757,748,747,785,770,775,772,709,673,655,617,599,594,611,630,712,770,876,840,853,754,726,718,760,762,722,753,729,677,688,715,770,773,802,798,786,786,760,834,869,860,834,756,738,809,834,814,802,804,773,699,716,777,789,732,738,671,661,651,641,557,493,444,440,446,471,496,492,448,425,448,435,435,435,440,434,392,378,390,351,340,340,368,386,404,496,553,637,729,820,921,1018,1094,1106,1127,1205,1306,1371,1384,1356,1351,1470,1679,
1,3,4,3,6,10,13,22,37,38,45,51,68,73,92,122,161,226,292,372,420,476,586,707,754,911,1056,1127,1256,1322,1368,1309,1312,1300,1208,1163,1189,1347,1362,1299,1214,1098,1019,920,1018,1015,933,890,825,807,776,733,661,643,604,560,551,599,694,720,674,710,664,601,580,574,577,590,575,575,526,529,552,562,549,559,564,596,615,669,641,607,609,604,642,725,756,690,630,637,624,579,572,606,681,765,757,748,747,785,770,775,772,709,673,655,617,599,594,611,630,712,770,876,840,853,754,726,718,760,762,722,753,729,677,688,715,770,773,802,798,786,786,760,834,869,860,834,756,738,809,834,814,802,804,773,699,716,777,789,732,738,671,661,651,641,557,493,444,440,446,471,496,492,448,425,448,435,435,435,440,434,392,378,390,351,340,340,368,386,404,496,553,637,729,820,921,1018,1094,1106,1127,1205,1306,1371,1384,1356,1351,1470,1679,
1,3,4,3,6,10,13,22,37,38,45,51,68,73,92,122,161,226,292,372,420,476,586,707,754,911,1056,1127,1256,1322,1368,1309,1312,1300,1208,1163,1189,1347,1362,1299,1214,1098,1019,920,1018,1015,933,890,825,807,776,733,661,643,604,560,551,599,694,720,674,710,664,601,580,574,577,590,575,575,526,529,552,562,549,559,564,596,615,669,641,607,609,604,642,725,756,690,630,637,624,579,572,606,681,765,757,748,747,785,770,775,772,709,673,655,617,599,594,611,630,712,770,876,840,853,754,726,718,760,762,722,753,729,677,688,715,770,773,802,798,786,786,760,834,869,860,834,756,738,809,834,814,802,804,773,699,716,777,789,732,738,671,661,651,641,557,493,444,440,446,471,496,492,448,425,448,435,435,435,440,434,392,378,390,351,340,340,368,386,404,496,553,637,729,820,921,1018,1094,1106,1127,1205,1306,1371,1384,1356,1351,1470,1679,
1,3,4,5,7,11,14,18,26,32,38,47,58,74,101,138,182,244,310,388,414,456,544,620,769,1005,1251,1430,1748,2019,2239,2233,2234,2304,2079,1845,1859,1873,2020,1920,1778,1642,1461,1314,1268,1241,1136,1070,1095,1147,1152,1061,938,927,860,818,795,851,823,744,756,760,729,698,661,657,695,661,634,620,601,579,572,528,517,541,593,681,712,805,886,922,838,794,736,702,623,576,518,523,538,518,530,576,640,693,739,723,710,708,703,715,693,674,620,557,565,568,577,637,674,735,708,663,656,687,676,644,649,621,617,606,568,569,598,672,711,685,669,664,657,624,699,749,839,875,900,923,884,926,932,959,888,825,734,672,645,607,588,595,549,477,473,458,410,402,386,362,377,412,464,569,680,766,829,809,856,824,808,813,868,884,833,811,777,717,701,692,762,771,749,821,874,1026,1150,1254,1384,1510,1501,1477,1523,1489,1550,1559,1386,1271,1164,1110,1036,
1,3,5,6,9,10,13,22,29,33,39,58,69,77,98,139,178,258,301,356,408,487,653,852,1005,1200,1219,1308,1421,1528,1628,1740,1841,1994,2092,1884,1742,1720,1587,1495,1367,1277,1160,1121,1041,1102,1145,1161,1055,1039,992,886,865,851,803,791,779,815,826,795,784,743,750,681,630,581,595,565,587,611,576,544,578,597,601,562,511,502,546,606,625,678,712,786,776,761,683,650,555,559,670,701,737,740,772,819,826,754,729,687,694,702,658,645,664,660,789,824,869,815,794,814,805,822,759,682,622,643,713,735,752,768,798,843,848,893,898,884,804,759,726,675,613,603,586,619,602,630,622,649,747,783,779,804,788,799,734,651,598,585,510,520,491,479,525,496,505,526,523,569,650,682,737,829,857,925,919,853,764,673,652,635,600,565,549,537,522,500,498,531,510,539,571,601,696,849,1066,1283,1379,1511,1624,1676,1578,1670,1755,1856,2095,2408,2668,
1,3,4,6,8,12,14,19,30,38,44,48,57,74,101,144,203,244,276,350,426,491,609,829,1132,1372,1737,1959,2127,2209,2178,2043,1863,1723,1744,1547,1398,1479,1378,1305,1276,1270,1362,1225,1128,1016,932,848,801,761,668,596,539,547,515,555,567,595,596,587,615,599,555,512,483,503,502,514,498,501,484,475,468,429,387,404,425,418,448,507,545,596,653,703,771,785,755,758,809,886,907,855,838,735,688,610,553,595,592,601,597,534,505,538,575,630,701,759,818,793,798,793,869,853,875,857,821,737,689,705,724,687,677,708,796,821,819,842,844,905,967,964,937,897,928,902,870,883,868,909,900,889,834,810,766,687,605,599,623,647,678,702,638,597,559,496,505,508,527,576,613,709,767,772,829,854,923,1056,1098,1047,948,864,801,722,641,596,570,545,569,629,679,836,1068,1292,1435,1624,1804,1768,1783,1740,1861,2003,2123,2159,1969,1786,1575,1365,1251,
1,2,3,3,6,8,14,24,30,33,38,44,52,64,88,108,132,198,253,314,367,434,498,578,675,805,938,1195,1430,1813,2074,2384,2450,2516,2471,2344,2044,1924,1881,1859,1914,1855,1699,1475,1277,1091,1046,895,822,767,680,597,592,589,554,561,558,530,509,491,518,551,580,607,619,666,667,643,568,572,563,595,590,598,601,612,587,620,626,639,691,670,629,599,628,628,579,515,483,466,495,574,659,701,785,819,928,849,823,800,757,736,730,700,709,688,717,718,703,713,765,921,928,837,742,664,620,590,609,683,686,731,754,745,747,801,842,888,879,892,869,820,867,775,747,740,746,778,776,745,760,758,680,624,645,613,611,611,667,677,687,707,642,600,536,488,428,414,415,432,474,497,549,659,728,806,884,872,859,913,1014,980,898,822,732,635,609,606,583,607,632,697,772,915,1134,1332,1500,1555,1604,1699,1811,1950,2067,2163,2237,2209,2215,2443,2893,
1,4,5,5,6,7,12,17,28,35,49,60,68,83,106,142,206,253,313,377,425,488,575,677,796,975,1218,1483,1820,2158,2210,2172,2089,1872,1657,1513,1436,1366,1360,1288,1234,1249,1161,1177,1040,984,912,872,784,732,742,722,765,747,686,657,669,682,713,700,645,608,595,537,529,523,485,497,487,520,502,511,493,480,460,455,504,587,675,728,846,954,1008,922,880,852,807,737,748,813,887,990,1019,1077,1059,1054,991,933,920,850,789,766,673,636,653,668,676,667,660,604,580,589,647,687,700,689,671,682,685,731,749,752,760,784,849,852,825,763,763,755,748,697,629,542,496,562,627,646,739,827,955,1037,1041,987,910,845,801,779,718,739,736,718,701,751,804,855,837,789,751,755,731,801,882,943,924,868,813,709,618,541,514,479,472,489,482,457,408,388,402,392,430,563,669,785,935,1126,1299,1448,1364,1225,1198,1116,1022,889,757,672,608,577,578,
1,4,5,5,6,7,12,17,28,35,49,60,68,83,106,142,206,253,313,377,425,488,575,677,796,975,1218,1483,1820,2158,2210,2172,2089,1872,1657,1513,1436,1366,1360,1288,1234,1249,1161,1177,1040,984,912,872,784,732,742,722,765,747,686,657,669,682,713,700,645,608,595,537,529,523,485,497,487,520,502,511,493,480,460,455,504,587,675,728,846,954,1008,922,880,852,807,737,748,813,887,990,1019,1077,1059,1054,991,933,920,850,789,766,673,636,653,668,676,667,660,604,580,589,647,687,700,689,671,682,685,731,749,752,760,784,849,852,825,763,763,755,748,697,629,542,496,562,627,646,739,827,955,1037,1041,987,910,845,801,779,718,739,736,718,701,751,804,855,837,789,751,755,731,801,882,943,924,868,813,709,618,541,514,479,472,489,482,457,408,388,402,392,430,563,669,785,935,1126,1299,1448,1364,1225,1198,1116,1022,889,757,672,608,577,578,
1,4,4,5,9,10,12,21,29,32,38,51,62,68,84,100,164,201,238,292,342,434,568,678,804,924,1118,1340,1654,1814,1990,2260,2387,2340,2275,2287,2087,1949,1789,1693,1546,1489,1401,1253,1165,1102,1003,913,827,761,778,795,806,807,846,921,991,997,965,928,902,828,755,671,596,557,591,581,560,614,684,762,861,902,873,861,881,914,884,900,952,987,964,978,1008,1032,966,902,856,802,883,885,921,912,887,923,944,997,1042,1100,1085,1038,937,875,871,864,841,852,868,858,766,715,713,682,724,799,882,918,982,1076,1089,1057,973,925,930,937,991,1043,1072,1084,1169,1189,1137,1059,1106,1070,988,907,874,846,817,813,807,796,768,745,723,675,675,661,660,667,647,609,551,484,459,440,419,407,400,424,468,476,502,488,480,510,568,572,587,573,574,606,596,593,624,658,712,730,776,819,1001,1193,1329,1518,1685,1974,2129,2177,2278,2417,2315,2156,1946,1737,1666,1600,1530,
1,5,7,6,7,9,12,17,24,27,27,34,48,61,81,106,152,227,304,386,460,565,742,891,1065,1177,1378,1564,1711,1863,1934,2056,2197,2400,2306,2057,1854,1720,1707,1609,1467,1304,1126,1029,950,879,799,689,624,579,546,543,546,538,562,575,654,725,775,776,782,731,733,677,625,567,540,520,493,464,477,500,521,545,543,578,632,698,763,745,711,702,713,738,732,730,705,701,695,742,771,772,803,834,786,759,682,618,576,545,537,527,526,543,546,534,573,596,622,616,587,580,595,615,640,649,652,663,688,771,825,857,893,869,877,938,960,967,946,881,875,894,840,838,877,915,935,996,1033,1064,1076,1024,1012,930,892,825,727,663,614,587,546,532,560,580,603,660,682,697,712,710,743,801,813,833,902,942,1031,1035,1067,1002,923,829,772,689,617,591,562,543,567,594,653,698,799,889,1061,1198,1335,1506,1728,1852,1966,2118,2253,2360,2463,2387,2372,2346,2339,
1,3,4,5,8,15,17,22,35,38,40,50,60,69,94,115,173,239,294,337,391,463,553,683,845,1069,1283,1599,1820,1978,2124,2248,2403,2529,2608,2517,2498,2308,2208,2138,2054,1926,1833,1717,1464,1333,1237,1176,1062,967,868,818,866,948,1018,1096,1151,1227,1207,1158,1094,1060,1005,940,822,746,717,671,636,613,557,537,532,499,476,476,483,479,514,509,507,521,527,518,500,512,521,528,547,584,620,689,785,844,871,877,842,866,854,831,874,875,863,927,989,1008,1052,1120,1193,1220,1215,1241,1201,1231,1237,1278,1294,1298,1295,1239,1241,1251,1238,1255,1227,1145,1086,1025,982,1004,1017,1003,944,920,951,1007,1049,1073,1093,1102,1135,1103,1088,1014,936,891,823,808,797,772,685,640,618,557,535,541,562,588,638,699,733,849,961,1145,1257,1321,1365,1344,1364,1292,1217,1114,1015,913,836,843,807,776,739,692,695,750,799,916,1145,1307,1463,1635,1789,1890,1939,1962,1980,1955,1880,1746,1532,1323,1147,
1,3,5,6,9,9,13,23,37,41,49,66,80,102,134,167,218,281,332,423,518,623,774,1000,1295,1526,1647,1708,1715,1692,1618,1631,1653,1680,1703,1727,1829,1903,1933,1858,1715,1602,1544,1379,1269,1099,962,882,785,723,715,708,699,686,713,758,798,784,781,745,697,677,673,637,618,619,603,582,588,604,644,677,701,701,741,774,780,813,838,841,863,854,822,755,728,691,630,560,511,492,468,476,479,473,497,504,509,510,496,496,476,462,435,461,442,431,442,460,455,453,470,499,504,532,571,618,670,741,846,927,1018,1087,1117,1107,1144,1175,1116,1006,956,975,987,970,950,897,919,924,864,812,854,906,913,947,948,940,894,873,806,772,773,790,745,676,666,671,706,755,795,818,837,874,936,967,1050,1074,1076,1020,1011,1008,996,996,925,877,845,809,832,881,911,947,966,981,992,1018,1028,1083,1215,1377,1468,1600,1653,1667,1619,1596,1541,1483,1427,1403,1456,1456,1434,
1,3,5,4,6,9,10,16,25,33,38,51,58,84,105,156,212,271,349,464,549,652,802,989,1124,1281,1428,1554,1708,1890,1917,1963,2086,2128,2142,2179,2244,2207,2221,2286,2227,2106,1982,1767,1527,1349,1207,1179,1058,1003,917,820,755,721,708,664,638,585,572,558,559,543,509,468,458,475,489,520,527,507,514,521,532,533,527,577,638,663,710,809,846,894,913,944,950,980,952,927,920,936,996,1048,1032,1050,977,849,747,707,682,641,614,578,541,504,488,501,528,509,514,512,499,523,542,528,529,547,570,614,668,655,666,690,716,728,784,838,888,879,898,901,911,935,985,950,938,966,1015,1050,1055,1037,1052,1082,1044,990,937,838,810,819,804,822,818,802,773,754,687,596,566,545,567,541,587,621,680,743,805,849,892,886,860,862,861,867,879,888,931,951,959,928,995,1029,1064,1154,1165,1216,1222,1275,1406,1503,1631,1717,1820,1834,1830,1824,1616,1603,1624,1761,1907,
1,2,4,5,8,12,18,27,38,44,58,71,82,95,120,144,205,256,325,413,484,605,714,839,944,1019,1173,1334,1475,1546,1674,1913,2065,2186,2195,2035,1895,1705,1505,1414,1366,1317,1267,1178,1047,928,846,753,695,621,598,559,536,525,524,523,524,535,544,566,572,561,562,542,565,592,637,670,722,743,745,765,733,697,649,653,633,629,641,661,703,712,673,639,636,627,577,536,478,496,524,537,516,520,515,515,508,514,545,588,602,614,625,630,666,688,732,799,825,856,918,947,922,895,918,923,932,974,1051,1110,1085,1083,1051,986,963,944,940,924,989,1098,1184,1243,1270,1238,1195,1144,1040,936,883,895,859,840,818,831,837,859,858,815,793,852,839,833,870,884,841,795,796,777,777,777,806,782,771,737,710,662,648,625,598,569,530,518,525,544,553,566,599,647,708,763,861,997,1091,1200,1358,1510,1659,1776,1889,1912,1929,1955,2021,2025,2021,1920,1838,1782,1705,
1,2,4,5,8,12,18,27,38,44,58,71,82,95,120,144,205,256,325,413,484,605,714,839,944,1019,1173,1334,1475,1546,1674,1913,2065,2186,2195,2035,1895,1705,1505,1414,1366,1317,1267,1178,1047,928,846,753,695,621,598,559,536,525,524,523,524,535,544,566,572,561,562,542,565,592,637,670,722,743,745,765,733,697,649,653,633,629,641,661,703,712,673,639,636,627,577,536,478,496,524,537,516,520,515,515,508,514,545,588,602,614,625,630,666,688,732,799,825,856,918,947,922,895,918,923,932,974,1051,1110,1085,1083,1051,986,963,944,940,924,989,1098,1184,1243,1270,1238,1195,1144,1040,936,883,895,859,840,818,831,837,859,858,815,793,852,839,833,870,884,841,795,796,777,777,777,806,782,771,737,710,662,648,625,598,569,530,518,525,544,553,566,599,647,708,763,861,997,1091,1200,1358,1510,1659,1776,1889,1912,1929,1955,2021,2025,2021,1920,1838,1782,1705,
1,3,4,4,6,7,13,21,39,43,48,67,82,102,136,176,236,328,416,511,606,714,809,943,1080,1185,1257,1366,1493,1594,1751,1831,1903,1994,2124,2133,2183,2161,2060,1907,1723,1624,1546,1462,1472,1502,1430,1331,1213,1105,989,949,880,868,874,850,840,835,822,800,781,773,768,794,808,766,765,759,712,656,619,640,681,637,637,634,620,587,565,575,611,626,643,663,658,676,663,648,682,686,746,831,897,931,990,1023,1056,1044,983,978,989,991,968,916,942,959,992,977,934,896,865,866,915,985,990,1018,1034,996,931,894,906,929,943,954,1009,1036,1088,1135,1128,1135,1136,1091,1027,993,980,1010,997,1055,1063,1082,1125,1075,996,948,824,744,731,679,652,677,655,624,596,561,539,538,540,557,576,622,679,710,709,681,664,646,609,595,591,622,615,664,691,722,798,835,824,825,925,1005,1054,1100,1129,1222,1356,1478,1562,1631,1637,1587,1585,1671,1787,1948,2113,2150,2322,2499,2780,
1,3,4,4,6,7,13,21,39,43,48,67,82,102,136,176,236,328,416,511,606,714,809,943,1080,1185,1257,1366,1493,1594,1751,1831,1903,1994,2124,2133,2183,2161,2060,1907,1723,1624,1546,1462,1472,1502,1430,1331,1213,1105,989,949,880,868,874,850,840,835,822,800,781,773,768,794,808,766,765,759,712,656,619,640,681,637,637,634,620,587,565,575,611,626,643,663,658,676,663,648,682,686,746,831,897,931,990,1023,1056,1044,983,978,989,991,968,916,942,959,992,977,934,896,865,866,915,985,990,1018,1034,996,931,894,906,929,943,954,1009,1036,1088,1135,1128,1135,1136,1091,1027,993,980,1010,997,1055,1063,1082,1125,1075,996,948,824,744,731,679,652,677,655,624,596,561,539,538,540,557,576,622,679,710,709,681,664,646,609,595,591,622,615,664,691,722,798,835,824,825,925,1005,1054,1100,1129,1222,1356,1478,1562,1631,1637,1587,1585,1671,1787,1948,2113,2150,2322,2499,2780,
1,3,4,4,6,7,13,21,39,43,48,67,82,102,136,176,236,328,416,511,606,714,809,943,1080,1185,1257,1366,1493,1594,1751,1831,1903,1994,2124,2133,2183,2161,2060,1907,1723,1624,1546,1462,1472,1502,1430,1331,1213,1105,989,949,880,868,874,850,840,835,822,800,781,773,768,794,808,766,765,759,712,656,619,640,681,637,637,634,620,587,565,575,611,626,643,663,658,676,663,648,682,686,746,831,897,931,990,1023,1056,1044,983,978,989,991,968,916,942,959,992,977,934,896,865,866,915,985,990,1018,1034,996,931,894,906,929,943,954,1009,1036,1088,1135,1128,1135,1136,1091,1027,993,980,1010,997,1055,1063,1082,1125,1075,996,948,824,744,731,679,652,677,655,624,596,561,539,538,540,557,576,622,679,710,709,681,664,646,609,595,591,622,615,664,691,722,798,835,824,825,925,1005,1054,1100,1129,1222,1356,1478,1562,1631,1637,1587,1585,1671,1787,1948,2113,2150,2322,2499,2780,
1,3,4,4,6,7,13,21,39,43,48,67,82,102,136,176,236,328,416,511,606,714,809,943,1080,1185,1257,1366,1493,1594,1751,1831,1903,1994,2124,2133,2183,2161,2060,1907,1723,1624,1546,1462,1472,1502,1430,1331,1213,1105,989,949,880,868,874,850,840,835,822,800,781,773,768,794,808,766,765,759,712,656,619,640,681,637,637,634,620,587,565,575,611,626,643,663,658,676,663,648,682,686,746,831,897,931,990,1023,1056,1044,983,978,989,991,968,916,942,959,992,977,934,896,865,866,915,985,990,1018,1034,996,931,894,906,929,943,954,1009,1036,1088,1135,1128,1135,1136,1091,1027,993,980,1010,997,1055,1063,1082,1125,1075,996,948,824,744,731,679,652,677,655,624,596,561,539,538,540,557,576,622,679,710,709,681,664,646,609,595,591,622,615,664,691,722,798,835,824,825,925,1005,1054,1100,1129,1222,1356,1478,1562,1631,1637,1587,1585,1671,1787,1948,2113,2150,2322,2499,2780,
1,3,4,4,6,7,13,21,39,43,48,67,82,102,136,176,236,328,416,511,606,714,809,943,1080,1185,1257,1366,1493,1594,1751,1831,1903,1994,2124,2133,2183,2161,2060,1907,1723,1624,1546,1462,1472,1502,1430,1331,1213,1105,989,949,880,868,874,850,840,835,822,800,781,773,768,794,808,766,765,759,712,656,619,640,681,637,637,634,620,587,565,575,611,626,643,663,658,676,663,648,682,686,746,831,897,931,990,1023,1056,1044,983,978,989,991,968,916,942,959,992,977,934,896,865,866,915,985,990,1018,1034,996,931,894,906,929,943,954,1009,1036,1088,1135,1128,1135,1136,1091,1027,993,980,1010,997,1055,1063,1082,1125,1075,996,948,824,744,731,679,652,677,655,624,596,561,539,538,540,557,576,622,679,710,709,681,664,646,609,595,591,622,615,664,691,722,798,835,824,825,925,1005,1054,1100,1129,1222,1356,1478,1562,1631,1637,1587,1585,1671,1787,1948,2113,2150,2322,2499,2780,
1,2,3,3,5,9,15,19,29,30,39,56,66,79,114,136,170,222,277,348,411,480,652,857,1068,1230,1362,1494,1609,1797,2061,2354,2556,2676,2640,2609,2560,2432,2219,2015,1823,1613,1415,1259,1085,988,860,784,782,717,694,696,668,652,637,691,750,767,781,792,824,808,837,859,877,890,874,856,842,842,755,780,787,822,849,866,865,850,885,901,938,957,1018,1058,1022,956,921,902,853,821,794,767,728,738,786,850,830,790,729,693,652,663,645,625,619,627,605,603,619,635,654,683,697,714,735,770,815,886,953,1009,1087,1179,1204,1231,1260,1322,1371,1335,1302,1292,1253,1277,1246,1281,1404,1436,1403,1489,1483,1387,1299,1237,1165,1078,1064,997,944,926,893,911,908,853,817,766,757,767,773,750,775,777,830,934,949,957,921,863,858,826,815,802,791,816,887,945,978,996,1026,1014,984,1044,1045,1090,1171,1252,1335,1383,1481,1538,1659,1771,1830,1863,1748,1681,1681,1693,1701,1764,1780,
1,2,4,4,5,7,12,19,34,37,44,61,84,86,122,158,210,271,317,416,484,616,809,1013,1251,1467,1673,1931,2009,2175,2245,2305,2420,2617,2869,3016,3120,3061,2734,2541,2330,2033,1829,1556,1321,1114,1007,968,1008,1043,1144,1186,1218,1255,1264,1234,1211,1250,1236,1270,1290,1303,1189,1014,940,888,807,859,880,973,980,1036,1114,1152,1131,1100,1000,942,908,917,961,925,838,723,643,619,589,564,516,497,522,541,531,577,661,701,712,729,759,784,803,883,926,934,958,970,1023,1095,1139,1175,1143,1193,1176,1153,1164,1177,1184,1110,1035,1034,1021,970,982,995,977,1052,1031,1036,987,1014,1101,1133,1104,1103,1089,1106,1088,1083,1065,1025,952,864,839,841,831,754,773,756,740,733,701,657,639,613,588,581,578,624,683,718,783,783,805,828,834,879,878,850,875,847,800,757,733,721,747,736,746,752,811,822,857,918,1027,1094,1164,1304,1475,1624,1721,1815,1870,1888,1866,1744,1593,1360,1294,1190,1072,
1,4,6,8,8,11,12,20,32,33,40,51,64,73,99,134,187,254,322,382,466,566,671,897,1145,1396,1695,1947,2209,2463,2713,2726,2663,2562,2597,2454,2265,2144,1947,1820,1784,1839,1749,1692,1593,1427,1268,1161,1064,1016,949,821,773,793,808,830,830,820,758,694,649,670,633,642,615,645,626,590,610,623,641,641,653,619,599,586,552,531,521,499,486,503,538,588,614,642,634,638,685,717,756,791,797,811,848,854,838,845,812,809,818,786,778,748,714,729,718,767,839,826,866,884,996,1037,1047,1034,1025,981,981,979,978,953,965,1000,974,1000,990,997,1005,1046,1047,1029,1008,954,931,956,976,978,948,897,850,872,837,799,792,753,693,598,570,559,528,486,459,519,557,592,638,694,743,794,810,878,932,1043,1136,1166,1162,1251,1288,1296,1297,1161,1111,1032,1034,1043,1023,1049,1125,1186,1272,1383,1501,1462,1464,1501,1514,1553,1734,1869,1922,1820,1885,1935,1952,1977,1952,1821,1824,
1,4,6,8,8,11,12,20,32,33,40,51,64,73,99,134,187,254,322,382,466,566,671,897,1145,1396,1695,1947,2209,2463,2713,2726,2663,2562,2597,2454,2265,2144,1947,1820,1784,1839,1749,1692,1593,1427,1268,1161,1064,1016,949,821,773,793,808,830,830,820,758,694,649,670,633,642,615,645,626,590,610,623,641,641,653,619,599,586,552,531,521,499,486,503,538,588,614,642,634,638,685,717,756,791,797,811,848,854,838,845,812,809,818,786,778,748,714,729,718,767,839,826,866,884,996,1037,1047,1034,1025,981,981,979,978,953,965,1000,974,1000,990,997,1005,1046,1047,1029,1008,954,931,956,976,978,948,897,850,872,837,799,792,753,693,598,570,559,528,486,459,519,557,592,638,694,743,794,810,878,932,1043,1136,1166,1162,1251,1288,1296,1297,1161,1111,1032,1034,1043,1023,1049,1125,1186,1272,1383,1501,1462,1464,1501,1514,1553,1734,1869,1922,1820,1885,1935,1952,1977,1952,1821,1824,
1,3,3,4,9,11,18,27,34,46,57,60,74,96,120,157,210,261,318,374,418,460,551,695,829,992,1250,1600,1920,2121,2309,2373,2351,2407,2368,2339,2496,2608,2732,2673,2564,2303,2100,1975,1743,1582,1425,1352,1193,1137,1043,901,823,802,787,778,748,712,654,631,612,600,556,579,584,588,603,626,646,674,672,773,820,831,828,853,863,953,989,1068,1115,1114,1090,1082,1039,1019,932,829,762,741,778,774,753,747,700,686,690,696,722,720,681,688,662,707,742,783,770,826,887,895,918,937,892,877,846,790,758,696,740,777,801,788,767,740,699,704,810,858,924,1021,1117,1204,1222,1203,1234,1313,1279,1220,1157,1163,1241,1262,1255,1214,1089,938,839,823,776,756,819,863,910,896,879,863,812,747,724,741,774,816,857,881,880,857,858,807,798,772,723,707,682,695,712,772,793,810,831,855,928,1000,1113,1211,1416,1618,1894,2145,2322,2499,2678,2802,3066,2909,2728,2746,2640,2359,2296,
1,4,7,9,10,13,17,19,28,30,42,51,65,76,101,127,182,248,319,360,411,485,664,819,977,1182,1534,1892,2159,2246,2415,2430,2527,2536,2556,2441,2307,2156,2106,2034,2003,1832,1591,1380,1191,1075,1064,996,942,850,777,699,670,728,740,722,787,819,854,855,861,796,831,794,745,766,759,767,743,774,851,915,914,929,942,968,988,1024,1022,975,1022,996,964,916,904,874,829,769,765,756,745,767,776,803,788,831,908,1012,1117,1209,1307,1336,1325,1321,1255,1235,1191,1166,1173,1176,1161,1189,1214,1257,1261,1297,1249,1225,1209,1307,1430,1479,1534,1486,1400,1376,1327,1159,1155,1123,1160,1271,1360,1484,1474,1473,1655,1687,1598,1503,1503,1476,1454,1318,1242,1167,1049,908,815,805,732,677,647,584,501,460,441,454,511,562,636,692,711,759,799,835,954,942,932,960,890,869,837,875,862,802,837,935,1054,1139,1166,1222,1289,1361,1439,1657,1984,2198,2358,2839,3163,3474,3732,3605,3091,2859,2822,2488,2123,
1,3,5,6,6,8,9,17,33,37,46,57,72,91,122,179,244,333,423,547,658,771,850,1043,1264,1480,1767,2089,2542,3004,3377,3996,4256,4347,4198,3716,3369,3123,2952,2571,2301,2069,1801,1546,1342,1244,1172,1101,947,848,793,794,747,753,732,766,818,893,915,877,825,718,703,661,625,591,584,543,547,604,640,669,677,716,741,797,836,921,929,979,1085,1080,1015,1032,974,971,919,872,880,947,954,934,957,1016,970,964,946,981,1039,1128,1074,1042,1032,1000,920,860,843,837,797,792,801,815,802,810,818,822,805,803,824,859,866,899,924,951,985,967,934,977,1057,1083,1051,1049,1014,1013,1023,1065,1080,1071,1124,1116,1107,1068,1021,925,868,820,783,765,778,799,922,973,969,1024,1011,1055,1032,1007,970,948,960,909,874,853,877,907,900,897,852,858,883,915,898,886,929,940,1027,1207,1345,1389,1387,1371,1478,1649,1773,1930,2211,2442,2590,2616,2601,2533,2262,2111,1773,1565,1463,1378,1307,
1,4,4,4,7,9,16,23,32,42,50,68,89,115,141,175,229,286,351,455,549,653,781,975,1200,1451,1697,1969,2194,2446,2626,2872,3126,3437,3670,3741,3682,3576,3337,3191,2940,2871,2707,2472,2171,1917,1670,1537,1441,1322,1195,1055,956,964,964,1033,965,881,875,860,875,865,876,843,831,925,1016,997,910,834,791,746,760,776,749,762,802,845,873,949,999,956,827,785,761,780,849,926,1074,1200,1346,1346,1345,1249,1207,1157,1037,935,838,767,730,703,683,693,658,704,750,824,843,844,869,941,928,979,980,1038,1074,1131,1085,1087,981,866,787,797,850,849,848,879,878,990,1024,1055,1133,1166,1183,1265,1330,1326,1322,1273,1304,1285,1323,1257,1160,1053,996,971,908,804,723,646,607,594,638,680,669,696,738,778,850,871,868,901,931,908,896,890,893,899,902,935,898,876,926,918,933,933,996,1104,1248,1320,1428,1626,1684,1819,1813,1734,1700,1669,1656,1643,1712,1851,1971,2039,2187,2642,2904,
1,4,4,4,7,9,16,23,32,42,50,68,89,115,141,175,229,286,351,455,549,653,781,975,1200,1451,1697,1969,2194,2446,2626,2872,3126,3437,3670,3741,3682,3576,3337,3191,2940,2871,2707,2472,2171,1917,1670,1537,1441,1322,1195,1055,956,964,964,1033,965,881,875,860,875,865,876,843,831,925,1016,997,910,834,791,746,760,776,749,762,802,845,873,949,999,956,827,785,761,780,849,926,1074,1200,1346,1346,1345,1249,1207,1157,1037,935,838,767,730,703,683,693,658,704,750,824,843,844,869,941,928,979,980,1038,1074,1131,1085,1087,981,866,787,797,850,849,848,879,878,990,1024,1055,1133,1166,1183,1265,1330,1326,1322,1273,1304,1285,1323,1257,1160,1053,996,971,908,804,723,646,607,594,638,680,669,696,738,778,850,871,868,901,931,908,896,890,893,899,902,935,898,876,926,918,933,933,996,1104,1248,1320,1428,1626,1684,1819,1813,1734,1700,1669,1656,1643,1712,1851,1971,2039,2187,2642,2904,
1,4,4,4,7,9,16,23,32,42,50,68,89,115,141,175,229,286,351,455,549,653,781,975,1200,1451,1697,1969,2194,2446,2626,2872,3126,3437,3670,3741,3682,3576,3337,3191,2940,2871,2707,2472,2171,1917,1670,1537,1441,1322,1195,1055,956,964,964,1033,965,881,875,860,875,865,876,843,831,925,1016,997,910,834,791,746,760,776,749,762,802,845,873,949,999,956,827,785,761,780,849,926,1074,1200,1346,1346,1345,1249,1207,1157,1037,935,838,767,730,703,683,693,658,704,750,824,843,844,869,941,928,979,980,1038,1074,1131,1085,1087,981,866,787,797,850,849,848,879,878,990,1024,1055,1133,1166,1183,1265,1330,1326,1322,1273,1304,1285,1323,1257,1160,1053,996,971,908,804,723,646,607,594,638,680,669,696,738,778,850,871,868,901,931,908,896,890,893,899,902,935,898,876,926,918,933,933,996,1104,1248,1320,1428,1626,1684,1819,1813,1734,1700,1669,1656,1643,1712,1851,1971,2039,2187,2642,2904,
1,4,4,6,7,8,12,18,24,37,38,48,64,90,113,140,160,198,250,328,402,498,670,901,1164,1432,1750,2107,2522,2728,2812,2866,2894,2790,2644,2474,2288,2201,2095,2012,1899,1835,1770,1579,1403,1222,1100,996,922,868,821,801,816,833,805,790,783,785,773,763,734,717,733,682,690,688,675,686,663,655,638,663,635,679,762,772,867,965,1017,1069,1146,1129,1123,1207,1319,1374,1402,1390,1363,1388,1394,1309,1337,1390,1374,1401,1411,1448,1355,1222,1118,985,869,783,696,667,648,660,669,702,719,745,743,820,877,965,1072,1195,1305,1369,1435,1511,1544,1516,1655,1719,1718,1687,1831,1920,2073,2009,2001,1966,1884,1863,1729,1591,1506,1467,1468,1454,1436,1399,1330,1199,1038,951,934,926,875,812,733,748,773,772,729,719,767,817,912,964,1015,1060,1122,1067,974,858,805,766,720,771,828,918,963,1074,1198,1329,1309,1327,1380,1432,1446,1453,1489,1548,1582,1596,1582,1716,1834,1996,2177,2270,2242,2164,1994,1759,1627,
1,5,9,7,9,10,17,18,30,35,38,55,66,78,99,138,184,238,304,387,485,603,770,963,1204,1485,1753,1964,2024,2104,2307,2558,2874,3200,3347,3497,3399,3442,3319,3057,3073,2769,2676,2514,2305,2055,1789,1546,1370,1230,1115,970,899,920,850,805,781,761,790,728,680,635,630,681,709,746,764,743,752,752,773,805,822,847,889,933,964,961,988,977,999,1059,1022,934,897,837,811,812,815,870,898,1013,1137,1240,1356,1462,1459,1382,1307,1295,1231,1155,1073,961,883,817,802,807,762,718,701,702,691,670,634,595,591,601,649,694,714,744,816,938,1005,1070,1206,1248,1304,1426,1523,1566,1609,1653,1799,1704,1752,1666,1625,1644,1609,1556,1544,1371,1194,1049,955,893,842,791,751,773,809,880,928,940,964,947,921,873,882,899,892,981,1072,1063,1004,1002,912,811,775,757,742,739,727,724,727,716,722,781,818,959,1156,1273,1477,1783,1962,2156,2355,2626,2730,2592,2436,2298,2084,1939,1904,1912,1914,
1,3,6,6,7,9,13,20,31,33,35,43,62,83,109,147,209,282,367,507,673,860,1097,1455,1804,2160,2663,3291,3547,3618,3591,3567,3812,4080,4030,3855,3625,3558,3398,3134,2949,2707,2431,2093,1849,1678,1447,1245,1105,993,869,751,684,662,623,618,627,641,659,656,662,661,691,726,723,710,686,689,664,633,619,595,594,611,601,604,610,649,718,764,834,838,821,844,875,916,868,776,767,746,792,832,869,883,917,893,852,818,857,859,851,840,915,935,957,931,930,868,840,812,757,715,635,615,583,573,604,603,675,758,812,877,926,948,985,1166,1332,1409,1479,1576,1560,1497,1452,1473,1465,1437,1390,1358,1306,1306,1205,1178,1140,1127,1090,1061,1032,962,996,1020,990,960,936,923,947,923,942,992,1010,980,1014,1014,1141,1259,1345,1384,1437,1519,1584,1633,1746,1902,1985,2050,2046,2099,2245,2294,2334,2404,2443,2485,2519,2529,2696,2755,2743,2721,2743,2618,2512,2463,2483,2503,2378,2327,2267,2222,2187,
1,3,4,3,6,8,13,19,27,31,35,45,58,76,100,131,173,219,263,327,402,478,630,782,955,1240,1379,1519,1591,1780,1959,2125,2248,2202,2201,2206,2100,2004,1927,1918,1852,1822,1761,1554,1357,1189,1069,997,915,832,717,662,606,588,592,601,669,722,762,799,818,825,803,805,744,734,722,686,673,687,706,702,741,789,768,740,715,718,722,726,782,802,849,818,755,771,768,769,796,827,897,956,937,943,966,987,942,952,949,892,901,878,835,783,735,689,683,700,752,814,890,1008,992,949,954,1041,1057,1044,1039,986,944,921,933,957,982,1042,1035,1058,1094,1153,1160,1112,1095,1038,922,861,783,706,656,670,645,657,612,611,577,567,570,614,660,676,673,668,699,739,754,729,671,632,681,718,757,776,837,979,1073,1154,1173,1313,1406,1446,1464,1538,1600,1774,1737,1684,1527,1322,1244,1288,1381,1549,1682,1881,2017,2111,2102,2088,2147,2179,2170,2197,2343,2295,2237,2204,2200,2055,2079,
1,4,5,5,7,10,15,25,42,49,61,72,74,91,122,175,241,300,389,479,564,658,747,855,1007,1128,1308,1645,1961,2250,2430,2646,2946,3052,2886,2694,2504,2353,2228,2175,2012,1834,1709,1596,1437,1299,1118,1014,873,777,705,689,646,645,597,617,624,637,683,743,840,924,1027,1080,1123,1078,1039,1014,989,876,774,784,830,850,820,785,786,783,779,807,898,944,932,927,921,870,846,835,790,760,827,778,816,810,765,762,727,706,707,712,703,721,770,793,843,863,873,841,763,773,873,965,1042,1195,1328,1365,1333,1340,1405,1436,1260,1246,1257,1310,1278,1352,1416,1462,1472,1493,1625,1690,1685,1643,1571,1540,1530,1563,1524,1468,1522,1579,1502,1437,1357,1224,1161,1170,1090,1011,923,873,837,830,764,747,725,718,692,720,694,684,735,790,853,963,960,908,902,893,852,840,829,767,723,719,724,788,848,951,1007,1118,1234,1441,1683,1884,2087,2130,2204,2235,2168,2101,1892,1787,1562,1372,1249,1163,1141,
1,3,4,4,5,6,10,15,27,35,44,55,68,86,118,149,195,274,330,417,493,608,715,906,1182,1558,1933,2371,2675,3037,3347,3464,3465,3513,3430,3102,2793,2680,2443,2141,2005,1727,1509,1441,1335,1312,1240,1172,1097,1071,936,806,681,643,592,573,604,637,649,650,683,730,762,836,874,874,879,934,979,993,966,971,945,901,945,934,939,1011,977,934,836,705,647,592,596,640,631,673,670,710,763,811,870,911,984,1008,979,870,781,739,712,655,667,745,859,994,1090,1325,1528,1634,1724,1662,1594,1458,1379,1315,1251,1230,1199,1104,1051,903,860,836,852,899,846,823,786,796,797,853,951,972,996,1092,1140,1194,1191,1164,1208,1280,1306,1307,1305,1341,1211,1084,1056,980,827,754,658,607,617,620,661,710,768,803,900,1020,1072,1136,1189,1203,1125,1169,1223,1249,1313,1310,1285,1269,1268,1256,1231,1224,1362,1472,1636,1693,1816,1827,1917,2053,2242,2572,2863,2984,2841,2720,2652,2501,2621,2949,3257,3519,3835,
1,3,4,4,5,6,10,15,27,35,44,55,68,86,118,149,195,274,330,417,493,608,715,906,1182,1558,1933,2371,2675,3037,3347,3464,3465,3513,3430,3102,2793,2680,2443,2141,2005,1727,1509,1441,1335,1312,1240,1172,1097,1071,936,806,681,643,592,573,604,637,649,650,683,730,762,836,874,874,879,934,979,993,966,971,945,901,945,934,939,1011,977,934,836,705,647,592,596,640,631,673,670,710,763,811,870,911,984,1008,979,870,781,739,712,655,667,745,859,994,1090,1325,1528,1634,1724,1662,1594,1458,1379,1315,1251,1230,1199,1104,1051,903,860,836,852,899,846,823,786,796,797,853,951,972,996,1092,1140,1194,1191,1164,1208,1280,1306,1307,1305,1341,1211,1084,1056,980,827,754,658,607,617,620,661,710,768,803,900,1020,1072,1136,1189,1203,1125,1169,1223,1249,1313,1310,1285,1269,1268,1256,1231,1224,1362,1472,1636,1693,1816,1827,1917,2053,2242,2572,2863,2984,2841,2720,2652,2501,2621,2949,3257,3519,3835,
1,3,5,5,7,11,12,19,33,36,46,61,74,79,110,140,207,268,333,441,538,624,827,1017,1213,1604,2089,2539,2961,3374,3638,3671,3543,3469,3322,3170,2934,2811,2694,2548,2348,2140,1961,1690,1520,1367,1291,1204,1090,1023,870,735,643,679,655,656,649,641,676,706,789,836,842,813,828,772,776,773,774,837,840,843,874,900,896,931,970,1048,1122,1229,1356,1315,1347,1251,1164,1115,998,921,891,916,970,1037,1083,1112,1136,1150,1130,1112,1076,992,952,914,925,854,816,825,857,859,856,785,717,697,686,688,707,717,763,784,858,839,838,829,834,896,922,1003,1123,1271,1395,1506,1561,1665,1643,1598,1580,1531,1528,1548,1537,1536,1546,1452,1369,1376,1330,1236,1079,1016,899,814,712,652,628,637,640,645,650,699,754,907,1075,1328,1478,1564,1587,1566,1498,1445,1368,1347,1316,1314,1323,1294,1337,1402,1534,1533,1564,1665,1677,1780,1893,2189,2344,2447,2677,2761,2808,2787,2852,3094,3099,3006,2913,2944,3025,3029,3169,
1,3,5,5,7,11,12,19,33,36,46,61,74,79,110,140,207,268,333,441,538,624,827,1017,1213,1604,2089,2539,2961,3374,3638,3671,3543,3469,3322,3170,2934,2811,2694,2548,2348,2140,1961,1690,1520,1367,1291,1204,1090,1023,870,735,643,679,655,656,649,641,676,706,789,836,842,813,828,772,776,773,774,837,840,843,874,900,896,931,970,1048,1122,1229,1356,1315,1347,1251,1164,1115,998,921,891,916,970,1037,1083,1112,1136,1150,1130,1112,1076,992,952,914,925,854,816,825,857,859,856,785,717,697,686,688,707,717,763,784,858,839,838,829,834,896,922,1003,1123,1271,1395,1506,1561,1665,1643,1598,1580,1531,1528,1548,1537,1536,1546,1452,1369,1376,1330,1236,1079,1016,899,814,712,652,628,637,640,645,650,699,754,907,1075,1328,1478,1564,1587,1566,1498,1445,1368,1347,1316,1314,1323,1294,1337,1402,1534,1533,1564,1665,1677,1780,1893,2189,2344,2447,2677,2761,2808,2787,2852,3094,3099,3006,2913,2944,3025,3029,3169,
1,3,5,5,7,11,12,19,33,36,46,61,74,79,110,140,207,268,333,441,538,624,827,1017,1213,1604,2089,2539,2961,3374,3638,3671,3543,3469,3322,3170,2934,2811,2694,2548,2348,2140,1961,1690,1520,1367,1291,1204,1090,1023,870,735,643,679,655,656,649,641,676,706,789,836,842,813,828,772,776,773,774,837,840,843,874,900,896,931,970,1048,1122,1229,1356,1315,1347,1251,1164,1115,998,921,891,916,970,1037,1083,1112,1136,1150,1130,1112,1076,992,952,914,925,854,816,825,857,859,856,785,717,697,686,688,707,717,763,784,858,839,838,829,834,896,922,1003,1123,1271,1395,1506,1561,1665,1643,1598,1580,1531,1528,1548,1537,1536,1546,1452,1369,1376,1330,1236,1079,1016,899,814,712,652,628,637,640,645,650,699,754,907,1075,1328,1478,1564,1587,1566,1498,1445,1368,1347,1316,1314,1323,1294,1337,1402,1534,1533,1564,1665,1677,1780,1893,2189,2344,2447,2677,2761,2808,2787,2852,3094,3099,3006,2913,2944,3025,3029,3169,
1,3,5,5,7,11,12,19,33,36,46,61,74,79,110,140,207,268,333,441,538,624,827,1017,1213,1604,2089,2539,2961,3374,3638,3671,3543,3469,3322,3170,2934,2811,2694,2548,2348,2140,1961,1690,1520,1367,1291,1204,1090,1023,870,735,643,679,655,656,649,641,676,706,789,836,842,813,828,772,776,773,774,837,840,843,874,900,896,931,970,1048,1122,1229,1356,1315,1347,1251,1164,1115,998,921,891,916,970,1037,1083,1112,1136,1150,1130,1112,1076,992,952,914,925,854,816,825,857,859,856,785,717,697,686,688,707,717,763,784,858,839,838,829,834,896,922,1003,1123,1271,1395,1506,1561,1665,1643,1598,1580,1531,1528,1548,1537,1536,1546,1452,1369,1376,1330,1236,1079,1016,899,814,712,652,628,637,640,645,650,699,754,907,1075,1328,1478,1564,1587,1566,1498,1445,1368,1347,1316,1314,1323,1294,1337,1402,1534,1533,1564,1665,1677,1780,1893,2189,2344,2447,2677,2761,2808,2787,2852,3094,3099,3006,2913,2944,3025,3029,3169,
1,3,5,5,7,11,12,19,33,36,46,61,74,79,110,140,207,268,333,441,538,624,827,1017,1213,1604,2089,2539,2961,3374,3638,3671,3543,3469,3322,3170,2934,2811,2694,2548,2348,2140,1961,1690,1520,1367,1291,1204,1090,1023,870,735,643,679,655,656,649,641,676,706,789,836,842,813,828,772,776,773,774,837,840,843,874,900,896,931,970,1048,1122,1229,1356,1315,1347,1251,1164,1115,998,921,891,916,970,1037,1083,1112,1136,1150,1130,1112,1076,992,952,914,925,854,816,825,857,859,856,785,717,697,686,688,707,717,763,784,858,839,838,829,834,896,922,1003,1123,1271,1395,1506,1561,1665,1643,1598,1580,1531,1528,1548,1537,1536,1546,1452,1369,1376,1330,1236,1079,1016,899,814,712,652,628,637,640,645,650,699,754,907,1075,1328,1478,1564,1587,1566,1498,1445,1368,1347,1316,1314,1323,1294,1337,1402,1534,1533,1564,1665,1677,1780,1893,2189,2344,2447,2677,2761,2808,2787,2852,3094,3099,3006,2913,2944,3025,3029,3169,
1,3,5,5,7,11,12,19,33,36,46,61,74,79,110,140,207,268,333,441,538,624,827,1017,1213,1604,2089,2539,2961,3374,3638,3671,3543,3469,3322,3170,2934,2811,2694,2548,2348,2140,1961,1690,1520,1367,1291,1204,1090,1023,870,735,643,679,655,656,649,641,676,706,789,836,842,813,828,772,776,773,774,837,840,843,874,900,896,931,970,1048,1122,1229,1356,1315,1347,1251,1164,1115,998,921,891,916,970,1037,1083,1112,1136,1150,1130,1112,1076,992,952,914,925,854,816,825,857,859,856,785,717,697,686,688,707,717,763,784,858,839,838,829,834,896,922,1003,1123,1271,1395,1506,1561,1665,1643,1598,1580,1531,1528,1548,1537,1536,1546,1452,1369,1376,1330,1236,1079,1016,899,814,712,652,628,637,640,645,650,699,754,907,1075,1328,1478,1564,1587,1566,1498,1445,1368,1347,1316,1314,1323,1294,1337,1402,1534,1533,1564,1665,1677,1780,1893,2189,2344,2447,2677,2761,2808,2787,2852,3094,3099,3006,2913,2944,3025,3029,3169,
1,3,5,5,7,11,12,19,33,36,46,61,74,79,110,140,207,268,333,441,538,624,827,1017,1213,1604,2089,2539,2961,3374,3638,3671,3543,3469,3322,3170,2934,2811,2694,2548,2348,2140,1961,1690,1520,1367,1291,1204,1090,1023,870,735,643,679,655,656,649,641,676,706,789,836,842,813,828,772,776,773,774,837,840,843,874,900,896,931,970,1048,1122,1229,1356,1315,1347,1251,1164,1115,998,921,891,916,970,1037,1083,1112,1136,1150,1130,1112,1076,992,952,914,925,854,816,825,857,859,856,785,717,697,686,688,707,717,763,784,858,839,838,829,834,896,922,1003,1123,1271,1395,1506,1561,1665,1643,1598,1580,1531,1528,1548,1537,1536,1546,1452,1369,1376,1330,1236,1079,1016,899,814,712,652,628,637,640,645,650,699,754,907,1075,1328,1478,1564,1587,1566,1498,1445,1368,1347,1316,1314,1323,1294,1337,1402,1534,1533,1564,1665,1677,1780,1893,2189,2344,2447,2677,2761,2808,2787,2852,3094,3099,3006,2913,2944,3025,3029,3169,
1,3,5,5,7,11,12,19,33,36,46,61,74,79,110,140,207,268,333,441,538,624,827,1017,1213,1604,2089,2539,2961,3374,3638,3671,3543,3469,3322,3170,2934,2811,2694,2548,2348,2140,1961,1690,1520,1367,1291,1204,1090,1023,870,735,643,679,655,656,649,641,676,706,789,836,842,813,828,772,776,773,774,837,840,843,874,900,896,931,970,1048,1122,1229,1356,1315,1347,1251,1164,1115,998,921,891,916,970,1037,1083,1112,1136,1150,1130,1112,1076,992,952,914,925,854,816,825,857,859,856,785,717,697,686,688,707,717,763,784,858,839,838,829,834,896,922,1003,1123,1271,1395,1506,1561,1665,1643,1598,1580,1531,1528,1548,1537,1536,1546,1452,1369,1376,1330,1236,1079,1016,899,814,712,652,628,637,640,645,650,699,754,907,1075,1328,1478,1564,1587,1566,1498,1445,1368,1347,1316,1314,1323,1294,1337,1402,1534,1533,1564,1665,1677,1780,1893,2189,2344,2447,2677,2761,2808,2787,2852,3094,3099,3006,2913,2944,3025,3029,3169,
1,3,4,3,5,8,14,17,26,36,44,53,64,82,101,142,187,247,314,408,495,561,693,842,1080,1350,1653,2083,2412,2674,2865,2992,3035,3142,3106,2983,2907,2889,2699,2662,2390,2176,1947,1639,1502,1361,1254,1058,987,838,800,768,745,777,747,725,736,705,671,633,612,588,599,584,580,562,577,609,612,680,759,852,903,923,978,976,966,946,884,920,934,944,930,947,974,1023,1019,1006,958,959,970,958,896,840,798,799,803,859,851,806,760,783,814,795,775,853,894,938,1019,1060,1162,1192,1177,1185,1216,1210,1192,1153,1166,1080,984,934,951,1006,1116,1255,1368,1424,1536,1582,1609,1542,1555,1681,1869,1932,1878,1760,1706,1736,1758,1760,1892,1986,1924,1820,1647,1610,1630,1619,1498,1398,1337,1252,1140,1096,1057,1013,942,956,970,918,867,864,906,915,866,834,853,832,826,820,768,777,811,874,872,910,962,1037,1196,1307,1457,1612,1875,2068,2245,2555,2836,2871,2788,2623,2355,2112,1924,1813,1660,1576,1496,
1,3,4,3,5,8,14,17,26,36,44,53,64,82,101,142,187,247,314,408,495,561,693,842,1080,1350,1653,2083,2412,2674,2865,2992,3035,3142,3106,2983,2907,2889,2699,2662,2390,2176,1947,1639,1502,1361,1254,1058,987,838,800,768,745,777,747,725,736,705,671,633,612,588,599,584,580,562,577,609,612,680,759,852,903,923,978,976,966,946,884,920,934,944,930,947,974,1023,1019,1006,958,959,970,958,896,840,798,799,803,859,851,806,760,783,814,795,775,853,894,938,1019,1060,1162,1192,1177,1185,1216,1210,1192,1153,1166,1080,984,934,951,1006,1116,1255,1368,1424,1536,1582,1609,1542,1555,1681,1869,1932,1878,1760,1706,1736,1758,1760,1892,1986,1924,1820,1647,1610,1630,1619,1498,1398,1337,1252,1140,1096,1057,1013,942,956,970,918,867,864,906,915,866,834,853,832,826,820,768,777,811,874,872,910,962,1037,1196,1307,1457,1612,1875,2068,2245,2555,2836,2871,2788,2623,2355,2112,1924,1813,1660,1576,1496,
1,5,9,10,9,8,14,23,31,41,56,66,80,99,116,150,189,267,356,454,559,668,817,1083,1348,1629,1856,2246,2680,3075,3456,3573,3780,4130,4319,4324,4129,3892,3697,3457,3168,2928,2591,2165,1796,1480,1214,1014,909,901,908,889,884,931,963,1017,1087,1166,1326,1483,1506,1622,1611,1505,1503,1315,1126,1001,948,882,818,781,799,745,756,841,894,950,993,1029,1132,1209,1222,1254,1261,1255,1210,1162,1140,1129,1143,1096,1140,1154,1237,1306,1294,1292,1348,1389,1272,1168,1063,1016,893,883,892,920,971,1076,1042,1006,1023,1057,1146,1228,1322,1357,1428,1541,1564,1616,1648,1669,1600,1612,1567,1548,1526,1500,1476,1402,1359,1340,1352,1329,1329,1274,1179,1063,928,857,789,728,771,772,752,680,617,572,546,524,521,510,570,673,778,813,911,1027,1121,1208,1344,1463,1556,1633,1745,1887,2117,2224,2232,2092,1989,1857,1617,1391,1320,1215,1090,1063,1095,1192,1169,1201,1244,1339,1430,1427,1564,1708,1876,2036,2199,2553,3023,3572,4185,5043,5975,
1,4,5,6,7,8,13,27,35,48,52,63,71,89,128,152,184,239,274,341,415,505,634,826,998,1271,1538,1874,2241,2614,2898,3151,3396,3645,3705,3692,3551,3290,2974,2700,2582,2347,2176,2031,1841,1666,1460,1228,1031,942,849,820,826,836,854,891,925,917,934,947,936,963,1005,1023,1052,981,959,846,762,712,662,667,649,667,679,699,719,726,755,810,863,881,866,866,881,902,941,950,936,989,995,993,1035,1064,1055,1085,1159,1195,1165,1150,1181,1143,1076,991,999,1057,1118,1169,1261,1333,1374,1439,1507,1596,1663,1716,1828,1820,1953,1993,2007,2023,2026,2010,1892,1843,1786,1711,1591,1513,1570,1624,1736,1823,1826,1811,1826,1798,1813,1780,1690,1602,1478,1371,1287,1259,1215,1194,1146,1109,1136,1142,1117,1096,1116,1226,1222,1244,1242,1251,1261,1296,1291,1217,1199,1239,1212,1238,1287,1328,1442,1499,1467,1467,1443,1529,1501,1475,1473,1520,1561,1683,1845,2135,2209,2380,2458,2538,2591,2658,2581,2456,2497,2639,2703,2716,2754,2988,3335,
1,2,4,7,10,11,22,32,43,54,71,93,102,117,159,201,253,300,375,481,606,757,992,1298,1591,1986,2390,2770,3200,3618,3816,3766,3732,3573,3290,2943,2510,2274,2056,1923,1755,1666,1560,1513,1497,1513,1502,1450,1439,1385,1285,1151,1097,1044,980,953,983,1000,985,996,959,893,848,784,735,683,702,678,642,611,616,625,647,673,672,715,700,730,723,748,762,792,789,872,907,958,1038,1139,1236,1228,1291,1303,1237,1253,1228,1247,1199,1137,1109,1140,1091,1047,1040,1004,1013,999,950,926,846,793,788,806,849,833,907,961,1001,1040,1151,1206,1235,1302,1371,1455,1539,1623,1588,1556,1496,1439,1397,1322,1268,1195,1070,1056,1034,1026,971,1039,1094,1147,1159,1163,1241,1283,1260,1245,1231,1195,1217,1199,1251,1307,1313,1334,1342,1371,1520,1566,1570,1505,1478,1437,1401,1321,1209,1105,1083,1088,1045,999,1006,1017,1004,1023,1120,1153,1199,1242,1340,1489,1599,1654,1721,1880,1949,2069,2337,2493,2401,2205,2092,1924,1843,1712,1588,1466,1337,
1,3,5,5,8,9,16,23,35,40,46,60,79,99,144,194,252,342,449,550,656,773,943,1101,1311,1474,1629,1790,2008,2206,2428,2574,2697,2939,3175,3375,3450,3451,3428,3142,2949,2653,2422,2277,2091,1864,1675,1622,1497,1418,1391,1309,1229,1147,1072,1046,1040,1009,1025,1002,979,945,928,843,837,844,814,787,762,763,788,824,889,933,996,1043,1163,1265,1338,1370,1384,1346,1274,1222,1169,1157,1103,1059,1019,990,938,921,888,889,871,848,878,916,979,1036,1058,1077,1152,1223,1226,1307,1328,1302,1350,1431,1459,1550,1622,1677,1618,1497,1406,1333,1276,1234,1213,1269,1296,1257,1239,1320,1351,1379,1455,1604,1823,2005,2098,2127,2124,2184,2125,1992,1840,1745,1721,1702,1722,1712,1705,1625,1508,1368,1258,1192,1156,1131,1104,1146,1134,1100,1015,982,962,1014,1072,1059,1109,1081,1063,1065,1051,1049,1104,1107,1161,1214,1203,1193,1247,1253,1292,1313,1367,1403,1425,1459,1498,1576,1622,1647,1643,1636,1732,1848,2053,2211,2388,2571,2722,2882,2958,3120,3254,
1,4,5,7,6,9,17,27,39,47,53,55,84,113,151,194,256,330,418,603,758,933,1097,1221,1423,1565,1741,2001,2263,2517,2753,2894,2966,3058,3012,2857,2767,2634,2525,2398,2299,2159,1928,1696,1568,1388,1300,1215,1198,1185,1151,1123,1092,1013,964,914,910,936,954,977,941,901,931,917,868,847,808,840,830,873,867,915,914,991,1067,1162,1236,1309,1320,1300,1229,1166,1100,1043,1014,983,968,921,882,900,899,930,977,1088,1169,1250,1273,1251,1265,1220,1171,1145,1096,1057,974,937,876,921,1000,1003,1074,1059,1132,1179,1155,1195,1199,1220,1216,1195,1136,1129,1138,1162,1222,1267,1254,1205,1205,1291,1325,1383,1438,1426,1437,1425,1352,1371,1358,1294,1226,1179,1125,1083,1053,1006,969,906,847,823,753,719,694,745,782,796,854,860,839,813,810,806,815,838,888,897,928,943,936,947,982,971,991,1010,1115,1202,1349,1489,1503,1542,1600,1614,1591,1671,1721,1756,1788,1842,1853,1838,1841,1797,1658,1545,1411,1330,1199,1023,933,
1,3,6,10,12,12,16,21,33,48,56,74,100,123,150,203,271,328,393,475,556,714,944,1187,1479,1786,2002,2258,2460,2627,2835,2928,3042,3184,3344,3327,3358,3474,3407,3380,3105,2795,2493,2326,2000,1682,1540,1395,1265,1116,1040,1003,982,965,975,970,1010,1052,1041,1033,1007,975,972,957,983,986,1003,962,914,919,985,1074,1130,1225,1262,1315,1414,1497,1560,1526,1468,1414,1268,1200,1123,1107,1008,917,835,814,787,802,815,828,853,924,1011,1101,1168,1205,1272,1383,1471,1556,1609,1632,1744,1752,1679,1633,1630,1671,1616,1584,1556,1561,1480,1351,1271,1251,1250,1297,1289,1305,1332,1394,1430,1487,1553,1548,1566,1522,1542,1717,1869,1937,1913,1922,1918,1852,1779,1728,1744,1856,1962,1935,1821,1720,1635,1642,1558,1391,1267,1163,1093,1067,1028,1009,986,969,1019,1072,1122,1207,1286,1314,1406,1532,1556,1602,1533,1574,1508,1433,1420,1471,1571,1609,1716,1855,1944,1986,2011,2013,2112,2220,2408,2575,2525,2564,2553,2503,2317,2194,2083,2032,1999,1903,1922,
1,4,4,4,8,11,17,26,34,42,42,51,67,87,116,165,204,264,350,480,584,745,892,1051,1272,1486,1804,2137,2344,2575,2856,3075,3314,3386,3391,3224,3033,2896,2675,2538,2389,2076,1793,1564,1334,1184,1116,1008,965,943,955,986,1020,1028,1044,1043,1024,1015,1007,946,923,870,859,815,778,795,809,882,905,912,957,1006,1024,1069,1099,1128,1102,1066,1031,1013,990,975,924,945,979,1070,1062,1076,1061,1079,1118,1230,1215,1187,1211,1156,1062,1036,968,913,873,846,825,801,787,816,901,974,1001,1023,1065,1092,1067,1015,984,931,900,885,885,919,984,982,992,1072,1192,1300,1372,1344,1367,1461,1588,1703,1849,1907,1955,1894,1839,1812,1773,1708,1605,1503,1389,1275,1204,1136,1126,1167,1235,1268,1241,1251,1209,1169,1146,1059,1046,1014,1011,1071,1077,1126,1149,1187,1227,1208,1158,1110,1066,1046,1021,1017,1016,1018,1058,1094,1109,1153,1256,1360,1422,1502,1531,1525,1554,1639,1687,1689,1765,1873,1985,2004,2151,2286,2565,2808,3164,3357,3564,
1,4,7,5,7,13,15,24,37,38,39,46,67,85,106,149,216,289,369,502,600,776,980,1160,1402,1569,1784,2109,2358,2649,2926,3093,3408,3606,3634,3676,3747,3880,3830,3846,3674,3433,3064,2716,2354,1948,1708,1504,1355,1262,1163,1188,1124,1075,1145,1171,1136,1132,1098,1121,1151,1175,1186,1179,1155,1110,1141,1119,1134,1091,1106,1136,1180,1203,1247,1270,1332,1399,1481,1580,1570,1641,1710,1696,1729,1704,1624,1557,1428,1412,1378,1407,1486,1489,1450,1381,1242,1157,1104,1070,1052,1013,988,974,915,922,918,950,985,1007,1025,1115,1135,1143,1114,1049,1044,1058,1077,1087,1054,1056,1102,1162,1309,1383,1421,1460,1501,1515,1509,1501,1517,1519,1493,1457,1470,1408,1361,1325,1224,1176,1145,1128,1104,1092,1085,1101,1125,1139,1170,1274,1399,1491,1534,1580,1566,1579,1483,1454,1526,1602,1667,1728,1744,1787,1802,1778,1842,1867,1810,1776,1688,1573,1472,1376,1394,1410,1456,1500,1432,1408,1352,1377,1411,1498,1569,1648,1726,1723,1855,1971,2127,2309,2526,2864,3191,3755,4498,
1,4,7,5,7,13,15,24,37,38,39,46,67,85,106,149,216,289,369,502,600,776,980,1160,1402,1569,1784,2109,2358,2649,2926,3093,3408,3606,3634,3676,3747,3880,3830,3846,3674,3433,3064,2716,2354,1948,1708,1504,1355,1262,1163,1188,1124,1075,1145,1171,1136,1132,1098,1121,1151,1175,1186,1179,1155,1110,1141,1119,1134,1091,1106,1136,1180,1203,1247,1270,1332,1399,1481,1580,1570,1641,1710,1696,1729,1704,1624,1557,1428,1412,1378,1407,1486,1489,1450,1381,1242,1157,1104,1070,1052,1013,988,974,915,922,918,950,985,1007,1025,1115,1135,1143,1114,1049,1044,1058,1077,1087,1054,1056,1102,1162,1309,1383,1421,1460,1501,1515,1509,1501,1517,1519,1493,1457,1470,1408,1361,1325,1224,1176,1145,1128,1104,1092,1085,1101,1125,1139,1170,1274,1399,1491,1534,1580,1566,1579,1483,1454,1526,1602,1667,1728,1744,1787,1802,1778,1842,1867,1810,1776,1688,1573,1472,1376,1394,1410,1456,1500,1432,1408,1352,1377,1411,1498,1569,1648,1726,1723,1855,1971,2127,2309,2526,2864,3191,3755,4498,
1,3,4,4,5,13,21,24,40,46,58,64,83,114,119,154,203,292,386,538,663,824,1123,1411,1644,1967,2256,2527,2773,3068,3261,3298,3410,3408,3427,3385,3340,3315,3116,2979,2862,2689,2518,2467,2170,1940,1783,1610,1486,1322,1199,1159,1130,1163,1173,1192,1210,1234,1259,1194,1190,1211,1209,1175,1097,1023,923,896,870,877,847,810,772,721,691,720,727,739,755,747,756,791,788,789,836,895,939,1011,1024,1077,1101,1135,1157,1162,1270,1284,1310,1354,1385,1403,1439,1408,1308,1213,1112,1106,1087,1126,1177,1186,1234,1250,1251,1240,1238,1212,1190,1214,1251,1314,1288,1291,1310,1302,1348,1331,1361,1370,1279,1241,1235,1205,1187,1182,1161,1149,1122,1100,1041,979,924,899,854,821,790,763,755,743,735,731,727,703,683,675,667,665,674,703,725,771,836,905,981,1072,1092,1209,1370,1518,1583,1657,1672,1725,1829,1893,1940,1959,2024,2074,2141,2091,2000,1942,1997,2028,2092,2230,2284,2377,2440,2460,2566,2597,2672,2763,2861,2915,2984,2973,2928,
1,4,6,9,11,13,18,21,33,40,49,68,93,135,154,178,237,291,352,422,500,618,775,944,1099,1242,1398,1535,1668,1831,1941,1963,2040,2090,2133,2056,1927,1866,1773,1771,1717,1690,1695,1686,1654,1589,1447,1301,1195,1119,1030,965,928,884,900,931,947,964,977,983,1015,997,1025,1031,1001,978,976,1001,1056,1039,1013,1010,999,980,967,962,955,939,955,923,905,886,880,882,959,977,991,983,990,1015,1034,1041,1096,1090,1114,1096,1140,1142,1121,1075,1109,1144,1169,1164,1120,1099,1148,1148,1108,1134,1182,1189,1254,1242,1253,1298,1314,1324,1339,1350,1420,1475,1476,1457,1430,1488,1556,1623,1621,1687,1709,1741,1793,1832,1852,1953,1989,1979,1918,1879,1817,1712,1606,1554,1476,1413,1340,1298,1277,1289,1255,1222,1181,1085,1008,950,878,838,794,762,761,752,756,775,828,881,1019,1127,1212,1287,1385,1398,1467,1507,1522,1479,1530,1546,1650,1675,1800,1949,2111,2252,2331,2386,2340,2419,2522,2688,2794,2834,2944,2971,2922,2709,2636,2516,2471,
1,4,6,9,11,13,18,21,33,40,49,68,93,135,154,178,237,291,352,422,500,618,775,944,1099,1242,1398,1535,1668,1831,1941,1963,2040,2090,2133,2056,1927,1866,1773,1771,1717,1690,1695,1686,1654,1589,1447,1301,1195,1119,1030,965,928,884,900,931,947,964,977,983,1015,997,1025,1031,1001,978,976,1001,1056,1039,1013,1010,999,980,967,962,955,939,955,923,905,886,880,882,959,977,991,983,990,1015,1034,1041,1096,1090,1114,1096,1140,1142,1121,1075,1109,1144,1169,1164,1120,1099,1148,1148,1108,1134,1182,1189,1254,1242,1253,1298,1314,1324,1339,1350,1420,1475,1476,1457,1430,1488,1556,1623,1621,1687,1709,1741,1793,1832,1852,1953,1989,1979,1918,1879,1817,1712,1606,1554,1476,1413,1340,1298,1277,1289,1255,1222,1181,1085,1008,950,878,838,794,762,761,752,756,775,828,881,1019,1127,1212,1287,1385,1398,1467,1507,1522,1479,1530,1546,1650,1675,1800,1949,2111,2252,2331,2386,2340,2419,2522,2688,2794,2834,2944,2971,2922,2709,2636,2516,2471,
1,4,6,9,11,13,18,21,33,40,49,68,93,135,154,178,237,291,352,422,500,618,775,944,1099,1242,1398,1535,1668,1831,1941,1963,2040,2090,2133,2056,1927,1866,1773,1771,1717,1690,1695,1686,1654,1589,1447,1301,1195,1119,1030,965,928,884,900,931,947,964,977,983,1015,997,1025,1031,1001,978,976,1001,1056,1039,1013,1010,999,980,967,962,955,939,955,923,905,886,880,882,959,977,991,983,990,1015,1034,1041,1096,1090,1114,1096,1140,1142,1121,1075,1109,1144,1169,1164,1120,1099,1148,1148,1108,1134,1182,1189,1254,1242,1253,1298,1314,1324,1339,1350,1420,1475,1476,1457,1430,1488,1556,1623,1621,1687,1709,1741,1793,1832,1852,1953,1989,1979,1918,1879,1817,1712,1606,1554,1476,1413,1340,1298,1277,1289,1255,1222,1181,1085,1008,950,878,838,794,762,761,752,756,775,828,881,1019,1127,1212,1287,1385,1398,1467,1507,1522,1479,1530,1546,1650,1675,1800,1949,2111,2252,2331,2386,2340,2419,2522,2688,2794,2834,2944,2971,2922,2709,2636,2516,2471,
1,4,8,10,9,12,17,17,26,30,34,41,51,79,111,135,193,262,362,456,525,667,823,997,1197,1487,1727,1928,2098,2281,2507,2721,2892,2911,2940,2916,2833,2694,2577,2512,2409,2395,2240,2037,1832,1662,1433,1225,1067,983,914,877,843,846,851,834,825,825,822,845,806,783,764,770,758,783,780,782,766,763,758,788,809,804,817,819,867,914,930,966,1030,1047,1094,1126,1225,1277,1264,1297,1296,1375,1398,1411,1407,1415,1452,1486,1486,1494,1421,1402,1401,1395,1342,1268,1262,1229,1242,1248,1263,1310,1373,1357,1342,1370,1387,1363,1410,1411,1382,1372,1360,1303,1281,1322,1334,1403,1426,1444,1489,1411,1394,1343,1308,1309,1297,1253,1222,1187,1107,1096,1081,1072,1050,1022,990,985,970,947,1014,1055,1025,1009,1005,1007,1008,1018,1032,1036,1053,1073,1136,1095,1058,1096,1086,1121,1129,1126,1069,1042,1084,1118,1193,1214,1284,1265,1330,1343,1407,1407,1427,1489,1514,1654,1830,1929,2042,2148,2251,2341,2480,2609,2639,2723,2813,2900,2975,2979,3025,
1,3,4,4,7,9,14,18,26,34,43,61,84,107,144,177,227,320,410,557,672,813,960,1114,1265,1439,1603,1719,1968,2271,2457,2629,2775,2841,2779,2678,2610,2616,2602,2460,2346,2287,2104,1951,1812,1692,1540,1344,1226,1113,1090,1054,1012,1039,1046,975,921,879,781,743,737,711,688,720,716,715,685,656,626,631,621,627,660,669,654,658,668,699,722,736,794,801,764,771,771,812,779,772,769,790,846,913,979,997,1054,1070,1065,1068,1041,1042,1042,1043,1001,1011,975,941,885,864,848,858,892,974,1058,1089,1110,1118,1083,1041,1065,1077,1092,1121,1161,1140,1142,1151,1165,1169,1212,1254,1210,1225,1240,1186,1189,1187,1230,1217,1186,1226,1194,1154,1104,1022,959,922,873,812,775,750,755,760,733,784,786,836,898,915,953,1025,1098,1201,1330,1443,1543,1711,1931,2049,2222,2314,2457,2589,2707,2662,2617,2464,2438,2406,2296,2187,2161,2115,2011,1933,1798,1749,1746,1742,1755,1863,1956,2085,2198,2441,2708,3016,3394,3825,4188,
1,3,4,4,7,9,14,18,26,34,43,61,84,107,144,177,227,320,410,557,672,813,960,1114,1265,1439,1603,1719,1968,2271,2457,2629,2775,2841,2779,2678,2610,2616,2602,2460,2346,2287,2104,1951,1812,1692,1540,1344,1226,1113,1090,1054,1012,1039,1046,975,921,879,781,743,737,711,688,720,716,715,685,656,626,631,621,627,660,669,654,658,668,699,722,736,794,801,764,771,771,812,779,772,769,790,846,913,979,997,1054,1070,1065,1068,1041,1042,1042,1043,1001,1011,975,941,885,864,848,858,892,974,1058,1089,1110,1118,1083,1041,1065,1077,1092,1121,1161,1140,1142,1151,1165,1169,1212,1254,1210,1225,1240,1186,1189,1187,1230,1217,1186,1226,1194,1154,1104,1022,959,922,873,812,775,750,755,760,733,784,786,836,898,915,953,1025,1098,1201,1330,1443,1543,1711,1931,2049,2222,2314,2457,2589,2707,2662,2617,2464,2438,2406,2296,2187,2161,2115,2011,1933,1798,1749,1746,1742,1755,1863,1956,2085,2198,2441,2708,3016,3394,3825,4188,
1,3,4,4,7,9,14,18,26,34,43,61,84,107,144,177,227,320,410,557,672,813,960,1114,1265,1439,1603,1719,1968,2271,2457,2629,2775,2841,2779,2678,2610,2616,2602,2460,2346,2287,2104,1951,1812,1692,1540,1344,1226,1113,1090,1054,1012,1039,1046,975,921,879,781,743,737,711,688,720,716,715,685,656,626,631,621,627,660,669,654,658,668,699,722,736,794,801,764,771,771,812,779,772,769,790,846,913,979,997,1054,1070,1065,1068,1041,1042,1042,1043,1001,1011,975,941,885,864,848,858,892,974,1058,1089,1110,1118,1083,1041,1065,1077,1092,1121,1161,1140,1142,1151,1165,1169,1212,1254,1210,1225,1240,1186,1189,1187,1230,1217,1186,1226,1194,1154,1104,1022,959,922,873,812,775,750,755,760,733,784,786,836,898,915,953,1025,1098,1201,1330,1443,1543,1711,1931,2049,2222,2314,2457,2589,2707,2662,2617,2464,2438,2406,2296,2187,2161,2115,2011,1933,1798,1749,1746,1742,1755,1863,1956,2085,2198,2441,2708,3016,3394,3825,4188,
1,3,4,4,7,9,14,18,26,34,43,61,84,107,144,177,227,320,410,557,672,813,960,1114,1265,1439,1603,1719,1968,2271,2457,2629,2775,2841,2779,2678,2610,2616,2602,2460,2346,2287,2104,1951,1812,1692,1540,1344,1226,1113,1090,1054,1012,1039,1046,975,921,879,781,743,737,711,688,720,716,715,685,656,626,631,621,627,660,669,654,658,668,699,722,736,794,801,764,771,771,812,779,772,769,790,846,913,979,997,1054,1070,1065,1068,1041,1042,1042,1043,1001,1011,975,941,885,864,848,858,892,974,1058,1089,1110,1118,1083,1041,1065,1077,1092,1121,1161,1140,1142,1151,1165,1169,1212,1254,1210,1225,1240,1186,1189,1187,1230,1217,1186,1226,1194,1154,1104,1022,959,922,873,812,775,750,755,760,733,784,786,836,898,915,953,1025,1098,1201,1330,1443,1543,1711,1931,2049,2222,2314,2457,2589,2707,2662,2617,2464,2438,2406,2296,2187,2161,2115,2011,1933,1798,1749,1746,1742,1755,1863,1956,2085,2198,2441,2708,3016,3394,3825,4188,
1,3,4,4,7,9,14,18,26,34,43,61,84,107,144,177,227,320,410,557,672,813,960,1114,1265,1439,1603,1719,1968,2271,2457,2629,2775,2841,2779,2678,2610,2616,2602,2460,2346,2287,2104,1951,1812,1692,1540,1344,1226,1113,1090,1054,1012,1039,1046,975,921,879,781,743,737,711,688,720,716,715,685,656,626,631,621,627,660,669,654,658,668,699,722,736,794,801,764,771,771,812,779,772,769,790,846,913,979,997,1054,1070,1065,1068,1041,1042,1042,1043,1001,1011,975,941,885,864,848,858,892,974,1058,1089,1110,1118,1083,1041,1065,1077,1092,1121,1161,1140,1142,1151,1165,1169,1212,1254,1210,1225,1240,1186,1189,1187,1230,1217,1186,1226,1194,1154,1104,1022,959,922,873,812,775,750,755,760,733,784,786,836,898,915,953,1025,1098,1201,1330,1443,1543,1711,1931,2049,2222,2314,2457,2589,2707,2662,2617,2464,2438,2406,2296,2187,2161,2115,2011,1933,1798,1749,1746,1742,1755,1863,1956,2085,2198,2441,2708,3016,3394,3825,4188,
1,3,4,4,7,9,14,18,26,34,43,61,84,107,144,177,227,320,410,557,672,813,960,1114,1265,1439,1603,1719,1968,2271,2457,2629,2775,2841,2779,2678,2610,2616,2602,2460,2346,2287,2104,1951,1812,1692,1540,1344,1226,1113,1090,1054,1012,1039,1046,975,921,879,781,743,737,711,688,720,716,715,685,656,626,631,621,627,660,669,654,658,668,699,722,736,794,801,764,771,771,812,779,772,769,790,846,913,979,997,1054,1070,1065,1068,1041,1042,1042,1043,1001,1011,975,941,885,864,848,858,892,974,1058,1089,1110,1118,1083,1041,1065,1077,1092,1121,1161,1140,1142,1151,1165,1169,1212,1254,1210,1225,1240,1186,1189,1187,1230,1217,1186,1226,1194,1154,1104,1022,959,922,873,812,775,750,755,760,733,784,786,836,898,915,953,1025,1098,1201,1330,1443,1543,1711,1931,2049,2222,2314,2457,2589,2707,2662,2617,2464,2438,2406,2296,2187,2161,2115,2011,1933,1798,1749,1746,1742,1755,1863,1956,2085,2198,2441,2708,3016,3394,3825,4188,
1,3,4,4,7,9,14,18,26,34,43,61,84,107,144,177,227,320,410,557,672,813,960,1114,1265,1439,1603,1719,1968,2271,2457,2629,2775,2841,2779,2678,2610,2616,2602,2460,2346,2287,2104,1951,1812,1692,1540,1344,1226,1113,1090,1054,1012,1039,1046,975,921,879,781,743,737,711,688,720,716,715,685,656,626,631,621,627,660,669,654,658,668,699,722,736,794,801,764,771,771,812,779,772,769,790,846,913,979,997,1054,1070,1065,1068,1041,1042,1042,1043,1001,1011,975,941,885,864,848,858,892,974,1058,1089,1110,1118,1083,1041,1065,1077,1092,1121,1161,1140,1142,1151,1165,1169,1212,1254,1210,1225,1240,1186,1189,1187,1230,1217,1186,1226,1194,1154,1104,1022,959,922,873,812,775,750,755,760,733,784,786,836,898,915,953,1025,1098,1201,1330,1443,1543,1711,1931,2049,2222,2314,2457,2589,2707,2662,2617,2464,2438,2406,2296,2187,2161,2115,2011,1933,1798,1749,1746,1742,1755,1863,1956,2085,2198,2441,2708,3016,3394,3825,4188,
1,3,4,4,7,9,14,18,26,34,43,61,84,107,144,177,227,320,410,557,672,813,960,1114,1265,1439,1603,1719,1968,2271,2457,2629,2775,2841,2779,2678,2610,2616,2602,2460,2346,2287,2104,1951,1812,1692,1540,1344,1226,1113,1090,1054,1012,1039,1046,975,921,879,781,743,737,711,688,720,716,715,685,656,626,631,621,627,660,669,654,658,668,699,722,736,794,801,764,771,771,812,779,772,769,790,846,913,979,997,1054,1070,1065,1068,1041,1042,1042,1043,1001,1011,975,941,885,864,848,858,892,974,1058,1089,1110,1118,1083,1041,1065,1077,1092,1121,1161,1140,1142,1151,1165,1169,1212,1254,1210,1225,1240,1186,1189,1187,1230,1217,1186,1226,1194,1154,1104,1022,959,922,873,812,775,750,755,760,733,784,786,836,898,915,953,1025,1098,1201,1330,1443,1543,1711,1931,2049,2222,2314,2457,2589,2707,2662,2617,2464,2438,2406,2296,2187,2161,2115,2011,1933,1798,1749,1746,1742,1755,1863,1956,2085,2198,2441,2708,3016,3394,3825,4188,
1,5,5,6,11,13,16,20,35,44,54,69,93,117,147,204,253,310,421,530,621,760,927,1076,1301,1564,1848,2085,2262,2563,2852,3091,3193,3281,3328,3384,3217,3032,2807,2640,2408,2175,1971,1843,1724,1639,1569,1524,1411,1339,1294,1250,1199,1150,1047,1013,978,1016,1062,1085,1159,1171,1184,1137,1142,1082,1030,978,942,947,929,886,875,838,828,785,782,790,816,888,1016,1113,1170,1239,1325,1326,1308,1328,1330,1325,1328,1292,1268,1279,1229,1199,1134,1122,1077,1025,956,889,879,901,844,820,872,890,875,850,856,882,957,1012,1086,1173,1239,1321,1439,1482,1479,1465,1438,1374,1306,1270,1228,1220,1187,1168,1181,1165,1207,1182,1181,1183,1210,1237,1243,1273,1294,1254,1229,1193,1238,1208,1149,1087,1053,1020,1003,1016,1029,1018,1003,1031,1026,1007,981,1000,1057,1077,1078,1071,1099,1144,1211,1274,1334,1425,1464,1542,1487,1478,1445,1373,1359,1326,1335,1346,1348,1371,1482,1560,1649,1707,1732,1784,1753,1711,1623,1530,1518,1486,1423,1300,1323,1292,1277,
1,5,5,6,11,13,16,20,35,44,54,69,93,117,147,204,253,310,421,530,621,760,927,1076,1301,1564,1848,2085,2262,2563,2852,3091,3193,3281,3328,3384,3217,3032,2807,2640,2408,2175,1971,1843,1724,1639,1569,1524,1411,1339,1294,1250,1199,1150,1047,1013,978,1016,1062,1085,1159,1171,1184,1137,1142,1082,1030,978,942,947,929,886,875,838,828,785,782,790,816,888,1016,1113,1170,1239,1325,1326,1308,1328,1330,1325,1328,1292,1268,1279,1229,1199,1134,1122,1077,1025,956,889,879,901,844,820,872,890,875,850,856,882,957,1012,1086,1173,1239,1321,1439,1482,1479,1465,1438,1374,1306,1270,1228,1220,1187,1168,1181,1165,1207,1182,1181,1183,1210,1237,1243,1273,1294,1254,1229,1193,1238,1208,1149,1087,1053,1020,1003,1016,1029,1018,1003,1031,1026,1007,981,1000,1057,1077,1078,1071,1099,1144,1211,1274,1334,1425,1464,1542,1487,1478,1445,1373,1359,1326,1335,1346,1348,1371,1482,1560,1649,1707,1732,1784,1753,1711,1623,1530,1518,1486,1423,1300,1323,1292,1277,
1,5,5,6,11,13,16,20,35,44,54,69,93,117,147,204,253,310,421,530,621,760,927,1076,1301,1564,1848,2085,2262,2563,2852,3091,3193,3281,3328,3384,3217,3032,2807,2640,2408,2175,1971,1843,1724,1639,1569,1524,1411,1339,1294,1250,1199,1150,1047,1013,978,1016,1062,1085,1159,1171,1184,1137,1142,1082,1030,978,942,947,929,886,875,838,828,785,782,790,816,888,1016,1113,1170,1239,1325,1326,1308,1328,1330,1325,1328,1292,1268,1279,1229,1199,1134,1122,1077,1025,956,889,879,901,844,820,872,890,875,850,856,882,957,1012,1086,1173,1239,1321,1439,1482,1479,1465,1438,1374,1306,1270,1228,1220,1187,1168,1181,1165,1207,1182,1181,1183,1210,1237,1243,1273,1294,1254,1229,1193,1238,1208,1149,1087,1053,1020,1003,1016,1029,1018,1003,1031,1026,1007,981,1000,1057,1077,1078,1071,1099,1144,1211,1274,1334,1425,1464,1542,1487,1478,1445,1373,1359,1326,1335,1346,1348,1371,1482,1560,1649,1707,1732,1784,1753,1711,1623,1530,1518,1486,1423,1300,1323,1292,1277,
1,5,5,6,11,13,16,20,35,44,54,69,93,117,147,204,253,310,421,530,621,760,927,1076,1301,1564,1848,2085,2262,2563,2852,3091,3193,3281,3328,3384,3217,3032,2807,2640,2408,2175,1971,1843,1724,1639,1569,1524,1411,1339,1294,1250,1199,1150,1047,1013,978,1016,1062,1085,1159,1171,1184,1137,1142,1082,1030,978,942,947,929,886,875,838,828,785,782,790,816,888,1016,1113,1170,1239,1325,1326,1308,1328,1330,1325,1328,1292,1268,1279,1229,1199,1134,1122,1077,1025,956,889,879,901,844,820,872,890,875,850,856,882,957,1012,1086,1173,1239,1321,1439,1482,1479,1465,1438,1374,1306,1270,1228,1220,1187,1168,1181,1165,1207,1182,1181,1183,1210,1237,1243,1273,1294,1254,1229,1193,1238,1208,1149,1087,1053,1020,1003,1016,1029,1018,1003,1031,1026,1007,981,1000,1057,1077,1078,1071,1099,1144,1211,1274,1334,1425,1464,1542,1487,1478,1445,1373,1359,1326,1335,1346,1348,1371,1482,1560,1649,1707,1732,1784,1753,1711,1623,1530,1518,1486,1423,1300,1323,1292,1277,
1,5,5,6,11,13,16,20,35,44,54,69,93,117,147,204,253,310,421,530,621,760,927,1076,1301,1564,1848,2085,2262,2563,2852,3091,3193,3281,3328,3384,3217,3032,2807,2640,2408,2175,1971,1843,1724,1639,1569,1524,1411,1339,1294,1250,1199,1150,1047,1013,978,1016,1062,1085,1159,1171,1184,1137,1142,1082,1030,978,942,947,929,886,875,838,828,785,782,790,816,888,1016,1113,1170,1239,1325,1326,1308,1328,1330,1325,1328,1292,1268,1279,1229,1199,1134,1122,1077,1025,956,889,879,901,844,820,872,890,875,850,856,882,957,1012,1086,1173,1239,1321,1439,1482,1479,1465,1438,1374,1306,1270,1228,1220,1187,1168,1181,1165,1207,1182,1181,1183,1210,1237,1243,1273,1294,1254,1229,1193,1238,1208,1149,1087,1053,1020,1003,1016,1029,1018,1003,1031,1026,1007,981,1000,1057,1077,1078,1071,1099,1144,1211,1274,1334,1425,1464,1542,1487,1478,1445,1373,1359,1326,1335,1346,1348,1371,1482,1560,1649,1707,1732,1784,1753,1711,1623,1530,1518,1486,1423,1300,1323,1292,1277,
1,5,5,6,11,13,16,20,35,44,54,69,93,117,147,204,253,310,421,530,621,760,927,1076,1301,1564,1848,2085,2262,2563,2852,3091,3193,3281,3328,3384,3217,3032,2807,2640,2408,2175,1971,1843,1724,1639,1569,1524,1411,1339,1294,1250,1199,1150,1047,1013,978,1016,1062,1085,1159,1171,1184,1137,1142,1082,1030,978,942,947,929,886,875,838,828,785,782,790,816,888,1016,1113,1170,1239,1325,1326,1308,1328,1330,1325,1328,1292,1268,1279,1229,1199,1134,1122,1077,1025,956,889,879,901,844,820,872,890,875,850,856,882,957,1012,1086,1173,1239,1321,1439,1482,1479,1465,1438,1374,1306,1270,1228,1220,1187,1168,1181,1165,1207,1182,1181,1183,1210,1237,1243,1273,1294,1254,1229,1193,1238,1208,1149,1087,1053,1020,1003,1016,1029,1018,1003,1031,1026,1007,981,1000,1057,1077,1078,1071,1099,1144,1211,1274,1334,1425,1464,1542,1487,1478,1445,1373,1359,1326,1335,1346,1348,1371,1482,1560,1649,1707,1732,1784,1753,1711,1623,1530,1518,1486,1423,1300,1323,1292,1277,
1,5,5,6,11,13,16,20,35,44,54,69,93,117,147,204,253,310,421,530,621,760,927,1076,1301,1564,1848,2085,2262,2563,2852,3091,3193,3281,3328,3384,3217,3032,2807,2640,2408,2175,1971,1843,1724,1639,1569,1524,1411,1339,1294,1250,1199,1150,1047,1013,978,1016,1062,1085,1159,1171,1184,1137,1142,1082,1030,978,942,947,929,886,875,838,828,785,782,790,816,888,1016,1113,1170,1239,1325,1326,1308,1328,1330,1325,1328,1292,1268,1279,1229,1199,1134,1122,1077,1025,956,889,879,901,844,820,872,890,875,850,856,882,957,1012,1086,1173,1239,1321,1439,1482,1479,1465,1438,1374,1306,1270,1228,1220,1187,1168,1181,1165,1207,1182,1181,1183,1210,1237,1243,1273,1294,1254,1229,1193,1238,1208,1149,1087,1053,1020,1003,1016,1029,1018,1003,1031,1026,1007,981,1000,1057,1077,1078,1071,1099,1144,1211,1274,1334,1425,1464,1542,1487,1478,1445,1373,1359,1326,1335,1346,1348,1371,1482,1560,1649,1707,1732,1784,1753,1711,1623,1530,1518,1486,1423,1300,1323,1292,1277,
1,5,5,6,11,13,16,20,35,44,54,69,93,117,147,204,253,310,421,530,621,760,927,1076,1301,1564,1848,2085,2262,2563,2852,3091,3193,3281,3328,3384,3217,3032,2807,2640,2408,2175,1971,1843,1724,1639,1569,1524,1411,1339,1294,1250,1199,1150,1047,1013,978,1016,1062,1085,1159,1171,1184,1137,1142,1082,1030,978,942,947,929,886,875,838,828,785,782,790,816,888,1016,1113,1170,1239,1325,1326,1308,1328,1330,1325,1328,1292,1268,1279,1229,1199,1134,1122,1077,1025,956,889,879,901,844,820,872,890,875,850,856,882,957,1012,1086,1173,1239,1321,1439,1482,1479,1465,1438,1374,1306,1270,1228,1220,1187,1168,1181,1165,1207,1182,1181,1183,1210,1237,1243,1273,1294,1254,1229,1193,1238,1208,1149,1087,1053,1020,1003,1016,1029,1018,1003,1031,1026,1007,981,1000,1057,1077,1078,1071,1099,1144,1211,1274,1334,1425,1464,1542,1487,1478,1445,1373,1359,1326,1335,1346,1348,1371,1482,1560,1649,1707,1732,1784,1753,1711,1623,1530,1518,1486,1423,1300,1323,1292,1277,
1,5,5,6,11,13,16,20,35,44,54,69,93,117,147,204,253,310,421,530,621,760,927,1076,1301,1564,1848,2085,2262,2563,2852,3091,3193,3281,3328,3384,3217,3032,2807,2640,2408,2175,1971,1843,1724,1639,1569,1524,1411,1339,1294,1250,1199,1150,1047,1013,978,1016,1062,1085,1159,1171,1184,1137,1142,1082,1030,978,942,947,929,886,875,838,828,785,782,790,816,888,1016,1113,1170,1239,1325,1326,1308,1328,1330,1325,1328,1292,1268,1279,1229,1199,1134,1122,1077,1025,956,889,879,901,844,820,872,890,875,850,856,882,957,1012,1086,1173,1239,1321,1439,1482,1479,1465,1438,1374,1306,1270,1228,1220,1187,1168,1181,1165,1207,1182,1181,1183,1210,1237,1243,1273,1294,1254,1229,1193,1238,1208,1149,1087,1053,1020,1003,1016,1029,1018,1003,1031,1026,1007,981,1000,1057,1077,1078,1071,1099,1144,1211,1274,1334,1425,1464,1542,1487,1478,1445,1373,1359,1326,1335,1346,1348,1371,1482,1560,1649,1707,1732,1784,1753,1711,1623,1530,1518,1486,1423,1300,1323,1292,1277,
1,2,4,5,9,9,15,20,30,37,51,66,79,98,128,171,219,290,357,445,555,683,849,1067,1292,1494,1711,1940,2150,2508,2716,2968,3294,3483,3635,3645,3661,3484,3435,3296,3201,3167,3111,2897,2639,2378,2194,1970,1797,1620,1532,1452,1411,1372,1281,1210,1161,1147,1069,941,844,785,739,703,661,630,650,669,711,754,779,797,844,850,856,854,895,911,932,991,1037,1103,1179,1180,1213,1225,1165,1164,1179,1124,1061,1047,963,952,972,1005,975,924,901,898,861,879,954,955,906,875,934,991,1037,1080,1146,1240,1310,1407,1440,1490,1579,1669,1752,1860,1982,2042,2135,2220,2226,2238,2229,2192,2192,2151,2235,2238,2210,2151,2096,1964,1853,1806,1759,1638,1565,1469,1369,1288,1140,1035,954,901,920,917,923,910,913,944,986,997,997,1020,1019,1078,1105,1153,1218,1276,1302,1362,1455,1481,1473,1462,1410,1405,1391,1416,1403,1433,1428,1396,1325,1343,1365,1385,1463,1577,1677,1791,1893,2035,2211,2274,2317,2323,2260,2303,2299,2295,2286,2233,2241,
1,2,4,5,9,9,15,20,30,37,51,66,79,98,128,171,219,290,357,445,555,683,849,1067,1292,1494,1711,1940,2150,2508,2716,2968,3294,3483,3635,3645,3661,3484,3435,3296,3201,3167,3111,2897,2639,2378,2194,1970,1797,1620,1532,1452,1411,1372,1281,1210,1161,1147,1069,941,844,785,739,703,661,630,650,669,711,754,779,797,844,850,856,854,895,911,932,991,1037,1103,1179,1180,1213,1225,1165,1164,1179,1124,1061,1047,963,952,972,1005,975,924,901,898,861,879,954,955,906,875,934,991,1037,1080,1146,1240,1310,1407,1440,1490,1579,1669,1752,1860,1982,2042,2135,2220,2226,2238,2229,2192,2192,2151,2235,2238,2210,2151,2096,1964,1853,1806,1759,1638,1565,1469,1369,1288,1140,1035,954,901,920,917,923,910,913,944,986,997,997,1020,1019,1078,1105,1153,1218,1276,1302,1362,1455,1481,1473,1462,1410,1405,1391,1416,1403,1433,1428,1396,1325,1343,1365,1385,1463,1577,1677,1791,1893,2035,2211,2274,2317,2323,2260,2303,2299,2295,2286,2233,2241,
1,2,4,5,9,9,15,20,30,37,51,66,79,98,128,171,219,290,357,445,555,683,849,1067,1292,1494,1711,1940,2150,2508,2716,2968,3294,3483,3635,3645,3661,3484,3435,3296,3201,3167,3111,2897,2639,2378,2194,1970,1797,1620,1532,1452,1411,1372,1281,1210,1161,1147,1069,941,844,785,739,703,661,630,650,669,711,754,779,797,844,850,856,854,895,911,932,991,1037,1103,1179,1180,1213,1225,1165,1164,1179,1124,1061,1047,963,952,972,1005,975,924,901,898,861,879,954,955,906,875,934,991,1037,1080,1146,1240,1310,1407,1440,1490,1579,1669,1752,1860,1982,2042,2135,2220,2226,2238,2229,2192,2192,2151,2235,2238,2210,2151,2096,1964,1853,1806,1759,1638,1565,1469,1369,1288,1140,1035,954,901,920,917,923,910,913,944,986,997,997,1020,1019,1078,1105,1153,1218,1276,1302,1362,1455,1481,1473,1462,1410,1405,1391,1416,1403,1433,1428,1396,1325,1343,1365,1385,1463,1577,1677,1791,1893,2035,2211,2274,2317,2323,2260,2303,2299,2295,2286,2233,2241,
1,2,4,5,9,9,15,20,30,37,51,66,79,98,128,171,219,290,357,445,555,683,849,1067,1292,1494,1711,1940,2150,2508,2716,2968,3294,3483,3635,3645,3661,3484,3435,3296,3201,3167,3111,2897,2639,2378,2194,1970,1797,1620,1532,1452,1411,1372,1281,1210,1161,1147,1069,941,844,785,739,703,661,630,650,669,711,754,779,797,844,850,856,854,895,911,932,991,1037,1103,1179,1180,1213,1225,1165,1164,1179,1124,1061,1047,963,952,972,1005,975,924,901,898,861,879,954,955,906,875,934,991,1037,1080,1146,1240,1310,1407,1440,1490,1579,1669,1752,1860,1982,2042,2135,2220,2226,2238,2229,2192,2192,2151,2235,2238,2210,2151,2096,1964,1853,1806,1759,1638,1565,1469,1369,1288,1140,1035,954,901,920,917,923,910,913,944,986,997,997,1020,1019,1078,1105,1153,1218,1276,1302,1362,1455,1481,1473,1462,1410,1405,1391,1416,1403,1433,1428,1396,1325,1343,1365,1385,1463,1577,1677,1791,1893,2035,2211,2274,2317,2323,2260,2303,2299,2295,2286,2233,2241,
1,4,4,4,5,6,9,24,35,38,45,53,70,98,124,148,190,234,291,388,455,538,675,845,980,1200,1378,1652,1880,2109,2273,2424,2665,2896,3018,3014,3087,3004,2999,3031,2998,2887,2862,2773,2603,2459,2279,2069,1806,1613,1424,1255,1105,986,931,902,899,858,823,837,820,800,762,747,747,727,697,705,700,732,735,723,751,732,696,722,725,710,677,698,723,728,773,846,879,903,941,944,992,1021,1049,1032,1062,1081,1093,1057,1046,1037,1003,978,954,957,995,947,941,917,937,931,919,910,926,942,929,975,967,970,961,944,971,1044,1127,1159,1256,1293,1315,1404,1488,1605,1688,1669,1731,1789,1727,1631,1573,1526,1509,1437,1315,1221,1180,1107,1012,970,967,971,937,911,868,820,753,717,692,695,684,652,648,651,634,624,654,667,690,721,799,881,976,1066,1208,1267,1384,1409,1481,1554,1551,1593,1548,1538,1568,1627,1687,1677,1669,1630,1576,1539,1499,1461,1497,1486,1401,1340,1332,1306,1311,1328,1313,1301,1286,
1,4,4,4,5,9,14,25,37,41,50,68,85,107,140,163,183,233,283,379,459,581,732,865,1033,1249,1438,1675,1973,2265,2576,3006,3330,3747,4107,4098,4115,4007,3657,3256,2937,2729,2521,2308,1998,1792,1651,1583,1521,1448,1357,1264,1166,1137,1070,1023,989,958,929,892,862,844,790,759,742,752,741,738,703,688,673,662,665,669,662,662,683,704,752,797,871,972,1024,1028,1039,1083,1092,1130,1163,1208,1225,1227,1255,1312,1358,1448,1492,1559,1532,1488,1395,1314,1234,1155,1140,1177,1219,1239,1240,1270,1272,1271,1333,1312,1306,1311,1284,1279,1328,1344,1410,1398,1406,1423,1466,1510,1582,1600,1590,1619,1589,1619,1585,1573,1457,1387,1407,1394,1418,1439,1481,1557,1570,1514,1445,1313,1269,1161,1069,1020,941,857,807,752,735,744,743,744,728,687,688,665,651,674,698,702,739,741,707,705,697,734,748,799,873,916,943,1032,1081,1167,1279,1437,1538,1691,1791,1872,2015,2154,2183,2199,2227,2352,2403,2487,2641,2609,2673,2653,2670,
1,3,5,5,10,16,18,25,36,43,49,59,74,89,101,139,166,218,267,357,398,497,671,873,1084,1362,1595,1882,2118,2338,2566,2781,2946,3043,3001,2901,2882,2764,2619,2490,2321,2251,2143,1965,1737,1566,1411,1268,1185,1126,1019,938,881,853,831,790,762,724,748,703,690,676,654,606,611,646,634,659,644,633,637,647,682,670,663,670,627,603,608,622,649,655,672,676,649,629,614,580,604,637,651,703,749,820,869,947,961,964,926,912,866,853,827,834,824,823,865,933,986,1056,1055,1099,1145,1142,1155,1129,1062,969,885,853,817,839,834,839,845,874,875,924,963,988,1019,1069,1084,1094,1126,1167,1200,1225,1258,1267,1239,1233,1185,1142,1072,1060,1078,1120,1135,1138,1046,909,860,789,763,765,742,683,673,661,662,671,688,662,666,682,666,668,678,674,700,706,711,688,693,725,731,735,732,779,816,844,921,993,1077,1162,1276,1342,1487,1609,1736,1848,1895,1982,2091,2181,2252,2254,2244,
1,3,3,3,6,7,10,15,30,38,39,49,73,86,112,144,181,220,264,337,429,514,621,713,820,951,1083,1255,1485,1749,1971,2292,2611,3038,3190,3304,3327,3267,3088,2796,2594,2411,2321,2071,1790,1536,1365,1260,1162,1093,1001,934,864,821,748,735,735,754,767,757,745,718,739,754,754,790,767,777,764,759,763,784,790,805,791,758,755,780,779,799,810,773,729,735,714,723,713,707,705,679,685,659,703,725,753,791,835,860,852,848,820,850,852,840,830,838,835,879,861,890,892,897,960,967,971,1014,1056,1033,1051,1124,1151,1221,1201,1237,1162,1127,1136,1160,1182,1218,1238,1220,1216,1169,1171,1255,1289,1325,1265,1260,1275,1225,1202,1191,1109,1089,1063,1016,1001,1014,953,951,950,924,925,948,1019,1121,1160,1163,1141,1162,1195,1253,1315,1336,1356,1359,1343,1318,1315,1347,1348,1302,1248,1259,1226,1215,1251,1295,1337,1367,1436,1510,1550,1631,1793,1837,1784,1720,1674,1682,1708,1730,1743,1723,1770,1889,1997,
1,4,5,7,9,14,18,26,36,40,48,56,71,82,107,128,154,210,258,307,374,468,644,831,1003,1225,1456,1717,1962,2120,2412,2564,2665,2701,2530,2468,2452,2432,2460,2409,2369,2274,2098,1947,1747,1593,1482,1343,1195,1086,968,871,767,734,683,624,597,587,573,553,524,531,538,542,609,657,712,743,805,857,919,965,955,947,937,911,896,864,864,873,849,804,771,718,701,693,671,661,622,622,632,668,687,678,651,656,679,700,770,790,833,865,848,855,858,874,862,878,927,933,946,960,994,978,996,1058,1079,1112,1099,1094,1082,1130,1212,1306,1379,1482,1553,1585,1568,1512,1403,1302,1207,1145,1101,1088,1098,1082,1083,1069,1125,1169,1173,1199,1154,1128,1047,1006,958,909,871,854,827,800,807,807,792,819,768,771,785,800,829,828,817,802,816,858,851,820,829,843,828,767,740,752,785,786,798,778,793,859,890,947,1043,1154,1215,1251,1268,1305,1338,1396,1553,1734,1973,2241,2682,3162,3821,
1,4,5,7,9,14,18,26,36,40,48,56,71,82,107,128,154,210,258,307,374,468,644,831,1003,1225,1456,1717,1962,2120,2412,2564,2665,2701,2530,2468,2452,2432,2460,2409,2369,2274,2098,1947,1747,1593,1482,1343,1195,1086,968,871,767,734,683,624,597,587,573,553,524,531,538,542,609,657,712,743,805,857,919,965,955,947,937,911,896,864,864,873,849,804,771,718,701,693,671,661,622,622,632,668,687,678,651,656,679,700,770,790,833,865,848,855,858,874,862,878,927,933,946,960,994,978,996,1058,1079,1112,1099,1094,1082,1130,1212,1306,1379,1482,1553,1585,1568,1512,1403,1302,1207,1145,1101,1088,1098,1082,1083,1069,1125,1169,1173,1199,1154,1128,1047,1006,958,909,871,854,827,800,807,807,792,819,768,771,785,800,829,828,817,802,816,858,851,820,829,843,828,767,740,752,785,786,798,778,793,859,890,947,1043,1154,1215,1251,1268,1305,1338,1396,1553,1734,1973,2241,2682,3162,3821,
1,4,5,7,9,14,18,26,36,40,48,56,71,82,107,128,154,210,258,307,374,468,644,831,1003,1225,1456,1717,1962,2120,2412,2564,2665,2701,2530,2468,2452,2432,2460,2409,2369,2274,2098,1947,1747,1593,1482,1343,1195,1086,968,871,767,734,683,624,597,587,573,553,524,531,538,542,609,657,712,743,805,857,919,965,955,947,937,911,896,864,864,873,849,804,771,718,701,693,671,661,622,622,632,668,687,678,651,656,679,700,770,790,833,865,848,855,858,874,862,878,927,933,946,960,994,978,996,1058,1079,1112,1099,1094,1082,1130,1212,1306,1379,1482,1553,1585,1568,1512,1403,1302,1207,1145,1101,1088,1098,1082,1083,1069,1125,1169,1173,1199,1154,1128,1047,1006,958,909,871,854,827,800,807,807,792,819,768,771,785,800,829,828,817,802,816,858,851,820,829,843,828,767,740,752,785,786,798,778,793,859,890,947,1043,1154,1215,1251,1268,1305,1338,1396,1553,1734,1973,2241,2682,3162,3821,
1,4,5,7,9,14,18,26,36,40,48,56,71,82,107,128,154,210,258,307,374,468,644,831,1003,1225,1456,1717,1962,2120,2412,2564,2665,2701,2530,2468,2452,2432,2460,2409,2369,2274,2098,1947,1747,1593,1482,1343,1195,1086,968,871,767,734,683,624,597,587,573,553,524,531,538,542,609,657,712,743,805,857,919,965,955,947,937,911,896,864,864,873,849,804,771,718,701,693,671,661,622,622,632,668,687,678,651,656,679,700,770,790,833,865,848,855,858,874,862,878,927,933,946,960,994,978,996,1058,1079,1112,1099,1094,1082,1130,1212,1306,1379,1482,1553,1585,1568,1512,1403,1302,1207,1145,1101,1088,1098,1082,1083,1069,1125,1169,1173,1199,1154,1128,1047,1006,958,909,871,854,827,800,807,807,792,819,768,771,785,800,829,828,817,802,816,858,851,820,829,843,828,767,740,752,785,786,798,778,793,859,890,947,1043,1154,1215,1251,1268,1305,1338,1396,1553,1734,1973,2241,2682,3162,3821,
1,4,5,7,9,14,18,26,36,40,48,56,71,82,107,128,154,210,258,307,374,468,644,831,1003,1225,1456,1717,1962,2120,2412,2564,2665,2701,2530,2468,2452,2432,2460,2409,2369,2274,2098,1947,1747,1593,1482,1343,1195,1086,968,871,767,734,683,624,597,587,573,553,524,531,538,542,609,657,712,743,805,857,919,965,955,947,937,911,896,864,864,873,849,804,771,718,701,693,671,661,622,622,632,668,687,678,651,656,679,700,770,790,833,865,848,855,858,874,862,878,927,933,946,960,994,978,996,1058,1079,1112,1099,1094,1082,1130,1212,1306,1379,1482,1553,1585,1568,1512,1403,1302,1207,1145,1101,1088,1098,1082,1083,1069,1125,1169,1173,1199,1154,1128,1047,1006,958,909,871,854,827,800,807,807,792,819,768,771,785,800,829,828,817,802,816,858,851,820,829,843,828,767,740,752,785,786,798,778,793,859,890,947,1043,1154,1215,1251,1268,1305,1338,1396,1553,1734,1973,2241,2682,3162,3821,
1,3,4,5,8,12,14,19,29,34,41,65,81,108,139,163,218,280,360,460,557,654,783,956,1106,1331,1546,1862,2076,2287,2411,2475,2573,2630,2575,2628,2788,2803,2820,2728,2481,2338,2139,1890,1705,1543,1376,1217,1109,1012,905,838,795,766,785,746,743,729,707,675,650,630,635,612,599,618,610,587,613,627,661,716,775,830,911,940,970,958,941,936,908,914,899,901,925,901,866,815,782,751,715,719,731,748,774,748,734,750,737,767,769,788,777,783,795,798,857,907,938,947,941,963,973,937,910,904,891,874,871,917,942,937,915,937,962,1019,1039,1085,1133,1153,1185,1197,1207,1254,1334,1412,1420,1423,1417,1436,1404,1348,1219,1178,1102,1032,915,779,740,707,659,645,631,610,599,593,611,608,595,613,647,683,726,796,881,966,999,1012,1013,1034,1012,976,996,1014,1062,1105,1118,1134,1154,1167,1226,1366,1451,1531,1566,1642,1716,1815,1910,2014,2064,2110,2144,2167,2278,2416,2617,2746,2990,
1,3,4,5,8,12,14,19,29,34,41,65,81,108,139,163,218,280,360,460,557,654,783,956,1106,1331,1546,1862,2076,2287,2411,2475,2573,2630,2575,2628,2788,2803,2820,2728,2481,2338,2139,1890,1705,1543,1376,1217,1109,1012,905,838,795,766,785,746,743,729,707,675,650,630,635,612,599,618,610,587,613,627,661,716,775,830,911,940,970,958,941,936,908,914,899,901,925,901,866,815,782,751,715,719,731,748,774,748,734,750,737,767,769,788,777,783,795,798,857,907,938,947,941,963,973,937,910,904,891,874,871,917,942,937,915,937,962,1019,1039,1085,1133,1153,1185,1197,1207,1254,1334,1412,1420,1423,1417,1436,1404,1348,1219,1178,1102,1032,915,779,740,707,659,645,631,610,599,593,611,608,595,613,647,683,726,796,881,966,999,1012,1013,1034,1012,976,996,1014,1062,1105,1118,1134,1154,1167,1226,1366,1451,1531,1566,1642,1716,1815,1910,2014,2064,2110,2144,2167,2278,2416,2617,2746,2990,
1,3,4,5,8,12,14,19,29,34,41,65,81,108,139,163,218,280,360,460,557,654,783,956,1106,1331,1546,1862,2076,2287,2411,2475,2573,2630,2575,2628,2788,2803,2820,2728,2481,2338,2139,1890,1705,1543,1376,1217,1109,1012,905,838,795,766,785,746,743,729,707,675,650,630,635,612,599,618,610,587,613,627,661,716,775,830,911,940,970,958,941,936,908,914,899,901,925,901,866,815,782,751,715,719,731,748,774,748,734,750,737,767,769,788,777,783,795,798,857,907,938,947,941,963,973,937,910,904,891,874,871,917,942,937,915,937,962,1019,1039,1085,1133,1153,1185,1197,1207,1254,1334,1412,1420,1423,1417,1436,1404,1348,1219,1178,1102,1032,915,779,740,707,659,645,631,610,599,593,611,608,595,613,647,683,726,796,881,966,999,1012,1013,1034,1012,976,996,1014,1062,1105,1118,1134,1154,1167,1226,1366,1451,1531,1566,1642,1716,1815,1910,2014,2064,2110,2144,2167,2278,2416,2617,2746,2990,
1,3,4,5,8,12,14,19,29,34,41,65,81,108,139,163,218,280,360,460,557,654,783,956,1106,1331,1546,1862,2076,2287,2411,2475,2573,2630,2575,2628,2788,2803,2820,2728,2481,2338,2139,1890,1705,1543,1376,1217,1109,1012,905,838,795,766,785,746,743,729,707,675,650,630,635,612,599,618,610,587,613,627,661,716,775,830,911,940,970,958,941,936,908,914,899,901,925,901,866,815,782,751,715,719,731,748,774,748,734,750,737,767,769,788,777,783,795,798,857,907,938,947,941,963,973,937,910,904,891,874,871,917,942,937,915,937,962,1019,1039,1085,1133,1153,1185,1197,1207,1254,1334,1412,1420,1423,1417,1436,1404,1348,1219,1178,1102,1032,915,779,740,707,659,645,631,610,599,593,611,608,595,613,647,683,726,796,881,966,999,1012,1013,1034,1012,976,996,1014,1062,1105,1118,1134,1154,1167,1226,1366,1451,1531,1566,1642,1716,1815,1910,2014,2064,2110,2144,2167,2278,2416,2617,2746,2990,
1,3,4,5,8,12,14,19,29,34,41,65,81,108,139,163,218,280,360,460,557,654,783,956,1106,1331,1546,1862,2076,2287,2411,2475,2573,2630,2575,2628,2788,2803,2820,2728,2481,2338,2139,1890,1705,1543,1376,1217,1109,1012,905,838,795,766,785,746,743,729,707,675,650,630,635,612,599,618,610,587,613,627,661,716,775,830,911,940,970,958,941,936,908,914,899,901,925,901,866,815,782,751,715,719,731,748,774,748,734,750,737,767,769,788,777,783,795,798,857,907,938,947,941,963,973,937,910,904,891,874,871,917,942,937,915,937,962,1019,1039,1085,1133,1153,1185,1197,1207,1254,1334,1412,1420,1423,1417,1436,1404,1348,1219,1178,1102,1032,915,779,740,707,659,645,631,610,599,593,611,608,595,613,647,683,726,796,881,966,999,1012,1013,1034,1012,976,996,1014,1062,1105,1118,1134,1154,1167,1226,1366,1451,1531,1566,1642,1716,1815,1910,2014,2064,2110,2144,2167,2278,2416,2617,2746,2990,
1,3,4,5,8,12,14,19,29,34,41,65,81,108,139,163,218,280,360,460,557,654,783,956,1106,1331,1546,1862,2076,2287,2411,2475,2573,2630,2575,2628,2788,2803,2820,2728,2481,2338,2139,1890,1705,1543,1376,1217,1109,1012,905,838,795,766,785,746,743,729,707,675,650,630,635,612,599,618,610,587,613,627,661,716,775,830,911,940,970,958,941,936,908,914,899,901,925,901,866,815,782,751,715,719,731,748,774,748,734,750,737,767,769,788,777,783,795,798,857,907,938,947,941,963,973,937,910,904,891,874,871,917,942,937,915,937,962,1019,1039,1085,1133,1153,1185,1197,1207,1254,1334,1412,1420,1423,1417,1436,1404,1348,1219,1178,1102,1032,915,779,740,707,659,645,631,610,599,593,611,608,595,613,647,683,726,796,881,966,999,1012,1013,1034,1012,976,996,1014,1062,1105,1118,1134,1154,1167,1226,1366,1451,1531,1566,1642,1716,1815,1910,2014,2064,2110,2144,2167,2278,2416,2617,2746,2990,
1,3,4,5,8,12,14,19,29,34,41,65,81,108,139,163,218,280,360,460,557,654,783,956,1106,1331,1546,1862,2076,2287,2411,2475,2573,2630,2575,2628,2788,2803,2820,2728,2481,2338,2139,1890,1705,1543,1376,1217,1109,1012,905,838,795,766,785,746,743,729,707,675,650,630,635,612,599,618,610,587,613,627,661,716,775,830,911,940,970,958,941,936,908,914,899,901,925,901,866,815,782,751,715,719,731,748,774,748,734,750,737,767,769,788,777,783,795,798,857,907,938,947,941,963,973,937,910,904,891,874,871,917,942,937,915,937,962,1019,1039,1085,1133,1153,1185,1197,1207,1254,1334,1412,1420,1423,1417,1436,1404,1348,1219,1178,1102,1032,915,779,740,707,659,645,631,610,599,593,611,608,595,613,647,683,726,796,881,966,999,1012,1013,1034,1012,976,996,1014,1062,1105,1118,1134,1154,1167,1226,1366,1451,1531,1566,1642,1716,1815,1910,2014,2064,2110,2144,2167,2278,2416,2617,2746,2990,
1,3,4,5,8,12,14,19,29,34,41,65,81,108,139,163,218,280,360,460,557,654,783,956,1106,1331,1546,1862,2076,2287,2411,2475,2573,2630,2575,2628,2788,2803,2820,2728,2481,2338,2139,1890,1705,1543,1376,1217,1109,1012,905,838,795,766,785,746,743,729,707,675,650,630,635,612,599,618,610,587,613,627,661,716,775,830,911,940,970,958,941,936,908,914,899,901,925,901,866,815,782,751,715,719,731,748,774,748,734,750,737,767,769,788,777,783,795,798,857,907,938,947,941,963,973,937,910,904,891,874,871,917,942,937,915,937,962,1019,1039,1085,1133,1153,1185,1197,1207,1254,1334,1412,1420,1423,1417,1436,1404,1348,1219,1178,1102,1032,915,779,740,707,659,645,631,610,599,593,611,608,595,613,647,683,726,796,881,966,999,1012,1013,1034,1012,976,996,1014,1062,1105,1118,1134,1154,1167,1226,1366,1451,1531,1566,1642,1716,1815,1910,2014,2064,2110,2144,2167,2278,2416,2617,2746,2990,
1,3,4,5,8,12,14,19,29,34,41,65,81,108,139,163,218,280,360,460,557,654,783,956,1106,1331,1546,1862,2076,2287,2411,2475,2573,2630,2575,2628,2788,2803,2820,2728,2481,2338,2139,1890,1705,1543,1376,1217,1109,1012,905,838,795,766,785,746,743,729,707,675,650,630,635,612,599,618,610,587,613,627,661,716,775,830,911,940,970,958,941,936,908,914,899,901,925,901,866,815,782,751,715,719,731,748,774,748,734,750,737,767,769,788,777,783,795,798,857,907,938,947,941,963,973,937,910,904,891,874,871,917,942,937,915,937,962,1019,1039,1085,1133,1153,1185,1197,1207,1254,1334,1412,1420,1423,1417,1436,1404,1348,1219,1178,1102,1032,915,779,740,707,659,645,631,610,599,593,611,608,595,613,647,683,726,796,881,966,999,1012,1013,1034,1012,976,996,1014,1062,1105,1118,1134,1154,1167,1226,1366,1451,1531,1566,1642,1716,1815,1910,2014,2064,2110,2144,2167,2278,2416,2617,2746,2990,
1,3,5,5,6,7,11,19,33,42,47,55,70,74,102,135,182,244,332,424,503,640,822,986,1157,1338,1519,1742,1979,2198,2374,2584,2704,2821,2880,2895,2861,2722,2581,2505,2376,2287,2132,1993,1860,1672,1524,1372,1273,1259,1247,1198,1183,1155,1127,1087,1045,1017,981,904,835,761,739,727,699,688,675,687,676,699,715,717,743,743,716,683,684,729,763,749,764,774,803,791,796,741,711,693,704,705,728,748,766,813,853,889,937,956,935,913,901,907,856,816,788,760,777,791,874,926,979,1005,1053,1047,994,946,904,899,898,901,886,859,860,828,811,813,826,884,931,945,966,1062,1119,1148,1187,1189,1194,1213,1179,1136,1197,1238,1211,1176,1142,1091,1032,1030,1028,1074,1080,1065,1025,995,957,925,903,938,956,980,1025,1072,1063,1023,1001,1032,1015,1007,1017,999,1021,1060,1050,1008,1028,1066,1099,1154,1188,1250,1400,1571,1746,1987,2132,2330,2595,2782,2921,3021,2916,2850,2749,2729,2835,2976,3014,3064,3072,
1,3,5,5,6,7,11,19,33,42,47,55,70,74,102,135,182,244,332,424,503,640,822,986,1157,1338,1519,1742,1979,2198,2374,2584,2704,2821,2880,2895,2861,2722,2581,2505,2376,2287,2132,1993,1860,1672,1524,1372,1273,1259,1247,1198,1183,1155,1127,1087,1045,1017,981,904,835,761,739,727,699,688,675,687,676,699,715,717,743,743,716,683,684,729,763,749,764,774,803,791,796,741,711,693,704,705,728,748,766,813,853,889,937,956,935,913,901,907,856,816,788,760,777,791,874,926,979,1005,1053,1047,994,946,904,899,898,901,886,859,860,828,811,813,826,884,931,945,966,1062,1119,1148,1187,1189,1194,1213,1179,1136,1197,1238,1211,1176,1142,1091,1032,1030,1028,1074,1080,1065,1025,995,957,925,903,938,956,980,1025,1072,1063,1023,1001,1032,1015,1007,1017,999,1021,1060,1050,1008,1028,1066,1099,1154,1188,1250,1400,1571,1746,1987,2132,2330,2595,2782,2921,3021,2916,2850,2749,2729,2835,2976,3014,3064,3072,
1,3,5,5,6,7,11,19,33,42,47,55,70,74,102,135,182,244,332,424,503,640,822,986,1157,1338,1519,1742,1979,2198,2374,2584,2704,2821,2880,2895,2861,2722,2581,2505,2376,2287,2132,1993,1860,1672,1524,1372,1273,1259,1247,1198,1183,1155,1127,1087,1045,1017,981,904,835,761,739,727,699,688,675,687,676,699,715,717,743,743,716,683,684,729,763,749,764,774,803,791,796,741,711,693,704,705,728,748,766,813,853,889,937,956,935,913,901,907,856,816,788,760,777,791,874,926,979,1005,1053,1047,994,946,904,899,898,901,886,859,860,828,811,813,826,884,931,945,966,1062,1119,1148,1187,1189,1194,1213,1179,1136,1197,1238,1211,1176,1142,1091,1032,1030,1028,1074,1080,1065,1025,995,957,925,903,938,956,980,1025,1072,1063,1023,1001,1032,1015,1007,1017,999,1021,1060,1050,1008,1028,1066,1099,1154,1188,1250,1400,1571,1746,1987,2132,2330,2595,2782,2921,3021,2916,2850,2749,2729,2835,2976,3014,3064,3072,
1,3,5,5,6,7,11,19,33,42,47,55,70,74,102,135,182,244,332,424,503,640,822,986,1157,1338,1519,1742,1979,2198,2374,2584,2704,2821,2880,2895,2861,2722,2581,2505,2376,2287,2132,1993,1860,1672,1524,1372,1273,1259,1247,1198,1183,1155,1127,1087,1045,1017,981,904,835,761,739,727,699,688,675,687,676,699,715,717,743,743,716,683,684,729,763,749,764,774,803,791,796,741,711,693,704,705,728,748,766,813,853,889,937,956,935,913,901,907,856,816,788,760,777,791,874,926,979,1005,1053,1047,994,946,904,899,898,901,886,859,860,828,811,813,826,884,931,945,966,1062,1119,1148,1187,1189,1194,1213,1179,1136,1197,1238,1211,1176,1142,1091,1032,1030,1028,1074,1080,1065,1025,995,957,925,903,938,956,980,1025,1072,1063,1023,1001,1032,1015,1007,1017,999,1021,1060,1050,1008,1028,1066,1099,1154,1188,1250,1400,1571,1746,1987,2132,2330,2595,2782,2921,3021,2916,2850,2749,2729,2835,2976,3014,3064,3072,
1,3,5,5,6,7,11,19,33,42,47,55,70,74,102,135,182,244,332,424,503,640,822,986,1157,1338,1519,1742,1979,2198,2374,2584,2704,2821,2880,2895,2861,2722,2581,2505,2376,2287,2132,1993,1860,1672,1524,1372,1273,1259,1247,1198,1183,1155,1127,1087,1045,1017,981,904,835,761,739,727,699,688,675,687,676,699,715,717,743,743,716,683,684,729,763,749,764,774,803,791,796,741,711,693,704,705,728,748,766,813,853,889,937,956,935,913,901,907,856,816,788,760,777,791,874,926,979,1005,1053,1047,994,946,904,899,898,901,886,859,860,828,811,813,826,884,931,945,966,1062,1119,1148,1187,1189,1194,1213,1179,1136,1197,1238,1211,1176,1142,1091,1032,1030,1028,1074,1080,1065,1025,995,957,925,903,938,956,980,1025,1072,1063,1023,1001,1032,1015,1007,1017,999,1021,1060,1050,1008,1028,1066,1099,1154,1188,1250,1400,1571,1746,1987,2132,2330,2595,2782,2921,3021,2916,2850,2749,2729,2835,2976,3014,3064,3072,
1,3,5,5,6,7,11,19,33,42,47,55,70,74,102,135,182,244,332,424,503,640,822,986,1157,1338,1519,1742,1979,2198,2374,2584,2704,2821,2880,2895,2861,2722,2581,2505,2376,2287,2132,1993,1860,1672,1524,1372,1273,1259,1247,1198,1183,1155,1127,1087,1045,1017,981,904,835,761,739,727,699,688,675,687,676,699,715,717,743,743,716,683,684,729,763,749,764,774,803,791,796,741,711,693,704,705,728,748,766,813,853,889,937,956,935,913,901,907,856,816,788,760,777,791,874,926,979,1005,1053,1047,994,946,904,899,898,901,886,859,860,828,811,813,826,884,931,945,966,1062,1119,1148,1187,1189,1194,1213,1179,1136,1197,1238,1211,1176,1142,1091,1032,1030,1028,1074,1080,1065,1025,995,957,925,903,938,956,980,1025,1072,1063,1023,1001,1032,1015,1007,1017,999,1021,1060,1050,1008,1028,1066,1099,1154,1188,1250,1400,1571,1746,1987,2132,2330,2595,2782,2921,3021,2916,2850,2749,2729,2835,2976,3014,3064,3072,
1,3,5,5,6,7,11,19,33,42,47,55,70,74,102,135,182,244,332,424,503,640,822,986,1157,1338,1519,1742,1979,2198,2374,2584,2704,2821,2880,2895,2861,2722,2581,2505,2376,2287,2132,1993,1860,1672,1524,1372,1273,1259,1247,1198,1183,1155,1127,1087,1045,1017,981,904,835,761,739,727,699,688,675,687,676,699,715,717,743,743,716,683,684,729,763,749,764,774,803,791,796,741,711,693,704,705,728,748,766,813,853,889,937,956,935,913,901,907,856,816,788,760,777,791,874,926,979,1005,1053,1047,994,946,904,899,898,901,886,859,860,828,811,813,826,884,931,945,966,1062,1119,1148,1187,1189,1194,1213,1179,1136,1197,1238,1211,1176,1142,1091,1032,1030,1028,1074,1080,1065,1025,995,957,925,903,938,956,980,1025,1072,1063,1023,1001,1032,1015,1007,1017,999,1021,1060,1050,1008,1028,1066,1099,1154,1188,1250,1400,1571,1746,1987,2132,2330,2595,2782,2921,3021,2916,2850,2749,2729,2835,2976,3014,3064,3072,
1,3,5,5,6,7,11,19,33,42,47,55,70,74,102,135,182,244,332,424,503,640,822,986,1157,1338,1519,1742,1979,2198,2374,2584,2704,2821,2880,2895,2861,2722,2581,2505,2376,2287,2132,1993,1860,1672,1524,1372,1273,1259,1247,1198,1183,1155,1127,1087,1045,1017,981,904,835,761,739,727,699,688,675,687,676,699,715,717,743,743,716,683,684,729,763,749,764,774,803,791,796,741,711,693,704,705,728,748,766,813,853,889,937,956,935,913,901,907,856,816,788,760,777,791,874,926,979,1005,1053,1047,994,946,904,899,898,901,886,859,860,828,811,813,826,884,931,945,966,1062,1119,1148,1187,1189,1194,1213,1179,1136,1197,1238,1211,1176,1142,1091,1032,1030,1028,1074,1080,1065,1025,995,957,925,903,938,956,980,1025,1072,1063,1023,1001,1032,1015,1007,1017,999,1021,1060,1050,1008,1028,1066,1099,1154,1188,1250,1400,1571,1746,1987,2132,2330,2595,2782,2921,3021,2916,2850,2749,2729,2835,2976,3014,3064,3072,
1,3,5,5,6,7,11,19,33,42,47,55,70,74,102,135,182,244,332,424,503,640,822,986,1157,1338,1519,1742,1979,2198,2374,2584,2704,2821,2880,2895,2861,2722,2581,2505,2376,2287,2132,1993,1860,1672,1524,1372,1273,1259,1247,1198,1183,1155,1127,1087,1045,1017,981,904,835,761,739,727,699,688,675,687,676,699,715,717,743,743,716,683,684,729,763,749,764,774,803,791,796,741,711,693,704,705,728,748,766,813,853,889,937,956,935,913,901,907,856,816,788,760,777,791,874,926,979,1005,1053,1047,994,946,904,899,898,901,886,859,860,828,811,813,826,884,931,945,966,1062,1119,1148,1187,1189,1194,1213,1179,1136,1197,1238,1211,1176,1142,1091,1032,1030,1028,1074,1080,1065,1025,995,957,925,903,938,956,980,1025,1072,1063,1023,1001,1032,1015,1007,1017,999,1021,1060,1050,1008,1028,1066,1099,1154,1188,1250,1400,1571,1746,1987,2132,2330,2595,2782,2921,3021,2916,2850,2749,2729,2835,2976,3014,3064,3072,
1,3,5,5,6,7,11,19,33,42,47,55,70,74,102,135,182,244,332,424,503,640,822,986,1157,1338,1519,1742,1979,2198,2374,2584,2704,2821,2880,2895,2861,2722,2581,2505,2376,2287,2132,1993,1860,1672,1524,1372,1273,1259,1247,1198,1183,1155,1127,1087,1045,1017,981,904,835,761,739,727,699,688,675,687,676,699,715,717,743,743,716,683,684,729,763,749,764,774,803,791,796,741,711,693,704,705,728,748,766,813,853,889,937,956,935,913,901,907,856,816,788,760,777,791,874,926,979,1005,1053,1047,994,946,904,899,898,901,886,859,860,828,811,813,826,884,931,945,966,1062,1119,1148,1187,1189,1194,1213,1179,1136,1197,1238,1211,1176,1142,1091,1032,1030,1028,1074,1080,1065,1025,995,957,925,903,938,956,980,1025,1072,1063,1023,1001,1032,1015,1007,1017,999,1021,1060,1050,1008,1028,1066,1099,1154,1188,1250,1400,1571,1746,1987,2132,2330,2595,2782,2921,3021,2916,2850,2749,2729,2835,2976,3014,3064,3072,
1,3,5,5,6,7,11,19,33,42,47,55,70,74,102,135,182,244,332,424,503,640,822,986,1157,1338,1519,1742,1979,2198,2374,2584,2704,2821,2880,2895,2861,2722,2581,2505,2376,2287,2132,1993,1860,1672,1524,1372,1273,1259,1247,1198,1183,1155,1127,1087,1045,1017,981,904,835,761,739,727,699,688,675,687,676,699,715,717,743,743,716,683,684,729,763,749,764,774,803,791,796,741,711,693,704,705,728,748,766,813,853,889,937,956,935,913,901,907,856,816,788,760,777,791,874,926,979,1005,1053,1047,994,946,904,899,898,901,886,859,860,828,811,813,826,884,931,945,966,1062,1119,1148,1187,1189,1194,1213,1179,1136,1197,1238,1211,1176,1142,1091,1032,1030,1028,1074,1080,1065,1025,995,957,925,903,938,956,980,1025,1072,1063,1023,1001,1032,1015,1007,1017,999,1021,1060,1050,1008,1028,1066,1099,1154,1188,1250,1400,1571,1746,1987,2132,2330,2595,2782,2921,3021,2916,2850,2749,2729,2835,2976,3014,3064,3072,
1,3,5,5,6,7,11,19,33,42,47,55,70,74,102,135,182,244,332,424,503,640,822,986,1157,1338,1519,1742,1979,2198,2374,2584,2704,2821,2880,2895,2861,2722,2581,2505,2376,2287,2132,1993,1860,1672,1524,1372,1273,1259,1247,1198,1183,1155,1127,1087,1045,1017,981,904,835,761,739,727,699,688,675,687,676,699,715,717,743,743,716,683,684,729,763,749,764,774,803,791,796,741,711,693,704,705,728,748,766,813,853,889,937,956,935,913,901,907,856,816,788,760,777,791,874,926,979,1005,1053,1047,994,946,904,899,898,901,886,859,860,828,811,813,826,884,931,945,966,1062,1119,1148,1187,1189,1194,1213,1179,1136,1197,1238,1211,1176,1142,1091,1032,1030,1028,1074,1080,1065,1025,995,957,925,903,938,956,980,1025,1072,1063,1023,1001,1032,1015,1007,1017,999,1021,1060,1050,1008,1028,1066,1099,1154,1188,1250,1400,1571,1746,1987,2132,2330,2595,2782,2921,3021,2916,2850,2749,2729,2835,2976,3014,3064,3072,
1,3,5,5,6,7,11,19,33,42,47,55,70,74,102,135,182,244,332,424,503,640,822,986,1157,1338,1519,1742,1979,2198,2374,2584,2704,2821,2880,2895,2861,2722,2581,2505,2376,2287,2132,1993,1860,1672,1524,1372,1273,1259,1247,1198,1183,1155,1127,1087,1045,1017,981,904,835,761,739,727,699,688,675,687,676,699,715,717,743,743,716,683,684,729,763,749,764,774,803,791,796,741,711,693,704,705,728,748,766,813,853,889,937,956,935,913,901,907,856,816,788,760,777,791,874,926,979,1005,1053,1047,994,946,904,899,898,901,886,859,860,828,811,813,826,884,931,945,966,1062,1119,1148,1187,1189,1194,1213,1179,1136,1197,1238,1211,1176,1142,1091,1032,1030,1028,1074,1080,1065,1025,995,957,925,903,938,956,980,1025,1072,1063,1023,1001,1032,1015,1007,1017,999,1021,1060,1050,1008,1028,1066,1099,1154,1188,1250,1400,1571,1746,1987,2132,2330,2595,2782,2921,3021,2916,2850,2749,2729,2835,2976,3014,3064,3072,
1,3,4,5,8,10,13,18,30,30,34,45,57,70,86,112,145,183,225,302,376,469,598,735,872,1049,1235,1437,1637,1883,2078,2285,2484,2689,2828,2855,2874,2808,2667,2454,2301,2096,1947,1842,1676,1448,1276,1101,950,832,755,727,693,687,686,690,685,683,688,712,713,726,733,727,761,759,762,705,689,657,637,639,606,585,569,570,560,541,550,526,526,538,549,588,610,599,634,658,697,729,770,789,858,870,880,882,952,960,929,939,955,953,983,1018,1019,1102,1120,1168,1215,1242,1301,1328,1338,1327,1291,1296,1322,1296,1237,1228,1243,1274,1285,1300,1308,1266,1280,1280,1266,1234,1222,1212,1253,1271,1310,1329,1371,1422,1407,1403,1395,1382,1373,1355,1295,1238,1181,1122,1079,1001,973,947,926,915,895,904,942,968,947,1003,1027,1074,1083,1054,988,956,954,977,949,943,887,811,781,755,753,782,825,900,1036,1139,1176,1334,1413,1503,1589,1659,1674,1720,1764,1804,1819,1847,1853,1860,1955,2024,2136,2233,2322,
1,3,4,5,8,10,13,18,30,30,34,45,57,70,86,112,145,183,225,302,376,469,598,735,872,1049,1235,1437,1637,1883,2078,2285,2484,2689,2828,2855,2874,2808,2667,2454,2301,2096,1947,1842,1676,1448,1276,1101,950,832,755,727,693,687,686,690,685,683,688,712,713,726,733,727,761,759,762,705,689,657,637,639,606,585,569,570,560,541,550,526,526,538,549,588,610,599,634,658,697,729,770,789,858,870,880,882,952,960,929,939,955,953,983,1018,1019,1102,1120,1168,1215,1242,1301,1328,1338,1327,1291,1296,1322,1296,1237,1228,1243,1274,1285,1300,1308,1266,1280,1280,1266,1234,1222,1212,1253,1271,1310,1329,1371,1422,1407,1403,1395,1382,1373,1355,1295,1238,1181,1122,1079,1001,973,947,926,915,895,904,942,968,947,1003,1027,1074,1083,1054,988,956,954,977,949,943,887,811,781,755,753,782,825,900,1036,1139,1176,1334,1413,1503,1589,1659,1674,1720,1764,1804,1819,1847,1853,1860,1955,2024,2136,2233,2322,
1,3,4,5,8,10,13,18,30,30,34,45,57,70,86,112,145,183,225,302,376,469,598,735,872,1049,1235,1437,1637,1883,2078,2285,2484,2689,2828,2855,2874,2808,2667,2454,2301,2096,1947,1842,1676,1448,1276,1101,950,832,755,727,693,687,686,690,685,683,688,712,713,726,733,727,761,759,762,705,689,657,637,639,606,585,569,570,560,541,550,526,526,538,549,588,610,599,634,658,697,729,770,789,858,870,880,882,952,960,929,939,955,953,983,1018,1019,1102,1120,1168,1215,1242,1301,1328,1338,1327,1291,1296,1322,1296,1237,1228,1243,1274,1285,1300,1308,1266,1280,1280,1266,1234,1222,1212,1253,1271,1310,1329,1371,1422,1407,1403,1395,1382,1373,1355,1295,1238,1181,1122,1079,1001,973,947,926,915,895,904,942,968,947,1003,1027,1074,1083,1054,988,956,954,977,949,943,887,811,781,755,753,782,825,900,1036,1139,1176,1334,1413,1503,1589,1659,1674,1720,1764,1804,1819,1847,1853,1860,1955,2024,2136,2233,2322,
1,3,4,5,8,10,13,18,30,30,34,45,57,70,86,112,145,183,225,302,376,469,598,735,872,1049,1235,1437,1637,1883,2078,2285,2484,2689,2828,2855,2874,2808,2667,2454,2301,2096,1947,1842,1676,1448,1276,1101,950,832,755,727,693,687,686,690,685,683,688,712,713,726,733,727,761,759,762,705,689,657,637,639,606,585,569,570,560,541,550,526,526,538,549,588,610,599,634,658,697,729,770,789,858,870,880,882,952,960,929,939,955,953,983,1018,1019,1102,1120,1168,1215,1242,1301,1328,1338,1327,1291,1296,1322,1296,1237,1228,1243,1274,1285,1300,1308,1266,1280,1280,1266,1234,1222,1212,1253,1271,1310,1329,1371,1422,1407,1403,1395,1382,1373,1355,1295,1238,1181,1122,1079,1001,973,947,926,915,895,904,942,968,947,1003,1027,1074,1083,1054,988,956,954,977,949,943,887,811,781,755,753,782,825,900,1036,1139,1176,1334,1413,1503,1589,1659,1674,1720,1764,1804,1819,1847,1853,1860,1955,2024,2136,2233,2322,
1,3,4,5,8,10,13,18,30,30,34,45,57,70,86,112,145,183,225,302,376,469,598,735,872,1049,1235,1437,1637,1883,2078,2285,2484,2689,2828,2855,2874,2808,2667,2454,2301,2096,1947,1842,1676,1448,1276,1101,950,832,755,727,693,687,686,690,685,683,688,712,713,726,733,727,761,759,762,705,689,657,637,639,606,585,569,570,560,541,550,526,526,538,549,588,610,599,634,658,697,729,770,789,858,870,880,882,952,960,929,939,955,953,983,1018,1019,1102,1120,1168,1215,1242,1301,1328,1338,1327,1291,1296,1322,1296,1237,1228,1243,1274,1285,1300,1308,1266,1280,1280,1266,1234,1222,1212,1253,1271,1310,1329,1371,1422,1407,1403,1395,1382,1373,1355,1295,1238,1181,1122,1079,1001,973,947,926,915,895,904,942,968,947,1003,1027,1074,1083,1054,988,956,954,977,949,943,887,811,781,755,753,782,825,900,1036,1139,1176,1334,1413,1503,1589,1659,1674,1720,1764,1804,1819,1847,1853,1860,1955,2024,2136,2233,2322,
1,3,4,5,8,10,13,18,30,30,34,45,57,70,86,112,145,183,225,302,376,469,598,735,872,1049,1235,1437,1637,1883,2078,2285,2484,2689,2828,2855,2874,2808,2667,2454,2301,2096,1947,1842,1676,1448,1276,1101,950,832,755,727,693,687,686,690,685,683,688,712,713,726,733,727,761,759,762,705,689,657,637,639,606,585,569,570,560,541,550,526,526,538,549,588,610,599,634,658,697,729,770,789,858,870,880,882,952,960,929,939,955,953,983,1018,1019,1102,1120,1168,1215,1242,1301,1328,1338,1327,1291,1296,1322,1296,1237,1228,1243,1274,1285,1300,1308,1266,1280,1280,1266,1234,1222,1212,1253,1271,1310,1329,1371,1422,1407,1403,1395,1382,1373,1355,1295,1238,1181,1122,1079,1001,973,947,926,915,895,904,942,968,947,1003,1027,1074,1083,1054,988,956,954,977,949,943,887,811,781,755,753,782,825,900,1036,1139,1176,1334,1413,1503,1589,1659,1674,1720,1764,1804,1819,1847,1853,1860,1955,2024,2136,2233,2322,
1,3,4,5,6,8,13,19,25,30,41,58,69,77,107,133,176,238,304,435,535,669,815,1034,1324,1631,2011,2368,2634,2997,3234,3222,3253,3344,3226,3136,3169,2967,2673,2395,2107,1863,1623,1473,1343,1184,1042,954,895,872,845,793,731,720,685,705,738,783,765,718,722,700,668,639,668,680,637,627,632,591,562,518,522,505,489,494,483,502,517,517,525,491,494,482,480,507,484,491,507,514,553,609,665,719,726,764,787,812,845,905,923,929,931,916,878,885,921,944,1022,1140,1204,1245,1272,1272,1241,1221,1167,1117,1076,1060,1010,1029,1045,1064,1049,1033,1055,1054,1048,981,973,1018,1039,1023,1032,1037,1047,1075,1094,1120,1170,1160,1186,1218,1165,1098,1040,1002,940,900,811,743,713,680,665,680,658,645,660,660,735,809,885,981,980,939,927,973,1037,1101,1142,1206,1204,1206,1257,1289,1251,1151,1103,1129,1157,1248,1335,1410,1531,1643,1840,2066,2321,2648,2797,2802,2870,2957,3109,3274,3366,3577,3811,
1,3,4,5,6,8,13,19,25,30,41,58,69,77,107,133,176,238,304,435,535,669,815,1034,1324,1631,2011,2368,2634,2997,3234,3222,3253,3344,3226,3136,3169,2967,2673,2395,2107,1863,1623,1473,1343,1184,1042,954,895,872,845,793,731,720,685,705,738,783,765,718,722,700,668,639,668,680,637,627,632,591,562,518,522,505,489,494,483,502,517,517,525,491,494,482,480,507,484,491,507,514,553,609,665,719,726,764,787,812,845,905,923,929,931,916,878,885,921,944,1022,1140,1204,1245,1272,1272,1241,1221,1167,1117,1076,1060,1010,1029,1045,1064,1049,1033,1055,1054,1048,981,973,1018,1039,1023,1032,1037,1047,1075,1094,1120,1170,1160,1186,1218,1165,1098,1040,1002,940,900,811,743,713,680,665,680,658,645,660,660,735,809,885,981,980,939,927,973,1037,1101,1142,1206,1204,1206,1257,1289,1251,1151,1103,1129,1157,1248,1335,1410,1531,1643,1840,2066,2321,2648,2797,2802,2870,2957,3109,3274,3366,3577,3811,
1,3,4,5,6,8,13,19,25,30,41,58,69,77,107,133,176,238,304,435,535,669,815,1034,1324,1631,2011,2368,2634,2997,3234,3222,3253,3344,3226,3136,3169,2967,2673,2395,2107,1863,1623,1473,1343,1184,1042,954,895,872,845,793,731,720,685,705,738,783,765,718,722,700,668,639,668,680,637,627,632,591,562,518,522,505,489,494,483,502,517,517,525,491,494,482,480,507,484,491,507,514,553,609,665,719,726,764,787,812,845,905,923,929,931,916,878,885,921,944,1022,1140,1204,1245,1272,1272,1241,1221,1167,1117,1076,1060,1010,1029,1045,1064,1049,1033,1055,1054,1048,981,973,1018,1039,1023,1032,1037,1047,1075,1094,1120,1170,1160,1186,1218,1165,1098,1040,1002,940,900,811,743,713,680,665,680,658,645,660,660,735,809,885,981,980,939,927,973,1037,1101,1142,1206,1204,1206,1257,1289,1251,1151,1103,1129,1157,1248,1335,1410,1531,1643,1840,2066,2321,2648,2797,2802,2870,2957,3109,3274,3366,3577,3811,
1,3,4,5,6,8,13,19,25,30,41,58,69,77,107,133,176,238,304,435,535,669,815,1034,1324,1631,2011,2368,2634,2997,3234,3222,3253,3344,3226,3136,3169,2967,2673,2395,2107,1863,1623,1473,1343,1184,1042,954,895,872,845,793,731,720,685,705,738,783,765,718,722,700,668,639,668,680,637,627,632,591,562,518,522,505,489,494,483,502,517,517,525,491,494,482,480,507,484,491,507,514,553,609,665,719,726,764,787,812,845,905,923,929,931,916,878,885,921,944,1022,1140,1204,1245,1272,1272,1241,1221,1167,1117,1076,1060,1010,1029,1045,1064,1049,1033,1055,1054,1048,981,973,1018,1039,1023,1032,1037,1047,1075,1094,1120,1170,1160,1186,1218,1165,1098,1040,1002,940,900,811,743,713,680,665,680,658,645,660,660,735,809,885,981,980,939,927,973,1037,1101,1142,1206,1204,1206,1257,1289,1251,1151,1103,1129,1157,1248,1335,1410,1531,1643,1840,2066,2321,2648,2797,2802,2870,2957,3109,3274,3366,3577,3811,
1,3,4,4,7,8,14,18,30,39,45,58,68,81,114,148,182,254,336,418,498,588,689,860,1089,1281,1572,1768,1914,1999,2116,2177,2333,2378,2428,2337,2177,2079,2003,1958,1948,1934,1795,1669,1523,1428,1303,1161,1028,921,837,766,783,810,781,772,761,758,751,727,677,630,583,545,524,513,528,539,527,551,589,625,665,738,776,825,886,925,981,972,952,939,922,924,904,886,848,837,825,836,905,981,1004,1012,1036,1013,1012,989,932,907,910,951,960,992,982,1042,1098,1121,1191,1252,1295,1287,1235,1191,1204,1215,1201,1216,1165,1081,1023,943,921,932,926,909,907,972,1004,1056,1076,1134,1126,1146,1147,1178,1198,1260,1286,1279,1245,1202,1171,1076,1023,968,937,918,905,855,795,776,796,852,849,837,812,825,838,858,894,904,933,975,977,967,964,1019,1033,1097,1137,1167,1161,1107,1062,1053,1091,1180,1296,1450,1537,1603,1672,1729,1754,1815,1908,1974,2013,2070,2033,1966,1871,1758,1649,1540,1464,1323,1154,
1,3,4,4,7,8,14,18,30,39,45,58,68,81,114,148,182,254,336,418,498,588,689,860,1089,1281,1572,1768,1914,1999,2116,2177,2333,2378,2428,2337,2177,2079,2003,1958,1948,1934,1795,1669,1523,1428,1303,1161,1028,921,837,766,783,810,781,772,761,758,751,727,677,630,583,545,524,513,528,539,527,551,589,625,665,738,776,825,886,925,981,972,952,939,922,924,904,886,848,837,825,836,905,981,1004,1012,1036,1013,1012,989,932,907,910,951,960,992,982,1042,1098,1121,1191,1252,1295,1287,1235,1191,1204,1215,1201,1216,1165,1081,1023,943,921,932,926,909,907,972,1004,1056,1076,1134,1126,1146,1147,1178,1198,1260,1286,1279,1245,1202,1171,1076,1023,968,937,918,905,855,795,776,796,852,849,837,812,825,838,858,894,904,933,975,977,967,964,1019,1033,1097,1137,1167,1161,1107,1062,1053,1091,1180,1296,1450,1537,1603,1672,1729,1754,1815,1908,1974,2013,2070,2033,1966,1871,1758,1649,1540,1464,1323,1154,
1,3,4,4,7,8,14,18,30,39,45,58,68,81,114,148,182,254,336,418,498,588,689,860,1089,1281,1572,1768,1914,1999,2116,2177,2333,2378,2428,2337,2177,2079,2003,1958,1948,1934,1795,1669,1523,1428,1303,1161,1028,921,837,766,783,810,781,772,761,758,751,727,677,630,583,545,524,513,528,539,527,551,589,625,665,738,776,825,886,925,981,972,952,939,922,924,904,886,848,837,825,836,905,981,1004,1012,1036,1013,1012,989,932,907,910,951,960,992,982,1042,1098,1121,1191,1252,1295,1287,1235,1191,1204,1215,1201,1216,1165,1081,1023,943,921,932,926,909,907,972,1004,1056,1076,1134,1126,1146,1147,1178,1198,1260,1286,1279,1245,1202,1171,1076,1023,968,937,918,905,855,795,776,796,852,849,837,812,825,838,858,894,904,933,975,977,967,964,1019,1033,1097,1137,1167,1161,1107,1062,1053,1091,1180,1296,1450,1537,1603,1672,1729,1754,1815,1908,1974,2013,2070,2033,1966,1871,1758,1649,1540,1464,1323,1154,
1,3,4,4,7,8,14,18,30,39,45,58,68,81,114,148,182,254,336,418,498,588,689,860,1089,1281,1572,1768,1914,1999,2116,2177,2333,2378,2428,2337,2177,2079,2003,1958,1948,1934,1795,1669,1523,1428,1303,1161,1028,921,837,766,783,810,781,772,761,758,751,727,677,630,583,545,524,513,528,539,527,551,589,625,665,738,776,825,886,925,981,972,952,939,922,924,904,886,848,837,825,836,905,981,1004,1012,1036,1013,1012,989,932,907,910,951,960,992,982,1042,1098,1121,1191,1252,1295,1287,1235,1191,1204,1215,1201,1216,1165,1081,1023,943,921,932,926,909,907,972,1004,1056,1076,1134,1126,1146,1147,1178,1198,1260,1286,1279,1245,1202,1171,1076,1023,968,937,918,905,855,795,776,796,852,849,837,812,825,838,858,894,904,933,975,977,967,964,1019,1033,1097,1137,1167,1161,1107,1062,1053,1091,1180,1296,1450,1537,1603,1672,1729,1754,1815,1908,1974,2013,2070,2033,1966,1871,1758,1649,1540,1464,1323,1154,
1,3,4,4,7,8,14,18,30,39,45,58,68,81,114,148,182,254,336,418,498,588,689,860,1089,1281,1572,1768,1914,1999,2116,2177,2333,2378,2428,2337,2177,2079,2003,1958,1948,1934,1795,1669,1523,1428,1303,1161,1028,921,837,766,783,810,781,772,761,758,751,727,677,630,583,545,524,513,528,539,527,551,589,625,665,738,776,825,886,925,981,972,952,939,922,924,904,886,848,837,825,836,905,981,1004,1012,1036,1013,1012,989,932,907,910,951,960,992,982,1042,1098,1121,1191,1252,1295,1287,1235,1191,1204,1215,1201,1216,1165,1081,1023,943,921,932,926,909,907,972,1004,1056,1076,1134,1126,1146,1147,1178,1198,1260,1286,1279,1245,1202,1171,1076,1023,968,937,918,905,855,795,776,796,852,849,837,812,825,838,858,894,904,933,975,977,967,964,1019,1033,1097,1137,1167,1161,1107,1062,1053,1091,1180,1296,1450,1537,1603,1672,1729,1754,1815,1908,1974,2013,2070,2033,1966,1871,1758,1649,1540,1464,1323,1154,
1,3,4,4,7,8,14,18,30,39,45,58,68,81,114,148,182,254,336,418,498,588,689,860,1089,1281,1572,1768,1914,1999,2116,2177,2333,2378,2428,2337,2177,2079,2003,1958,1948,1934,1795,1669,1523,1428,1303,1161,1028,921,837,766,783,810,781,772,761,758,751,727,677,630,583,545,524,513,528,539,527,551,589,625,665,738,776,825,886,925,981,972,952,939,922,924,904,886,848,837,825,836,905,981,1004,1012,1036,1013,1012,989,932,907,910,951,960,992,982,1042,1098,1121,1191,1252,1295,1287,1235,1191,1204,1215,1201,1216,1165,1081,1023,943,921,932,926,909,907,972,1004,1056,1076,1134,1126,1146,1147,1178,1198,1260,1286,1279,1245,1202,1171,1076,1023,968,937,918,905,855,795,776,796,852,849,837,812,825,838,858,894,904,933,975,977,967,964,1019,1033,1097,1137,1167,1161,1107,1062,1053,1091,1180,1296,1450,1537,1603,1672,1729,1754,1815,1908,1974,2013,2070,2033,1966,1871,1758,1649,1540,1464,1323,1154,
1,3,4,4,7,8,14,18,30,39,45,58,68,81,114,148,182,254,336,418,498,588,689,860,1089,1281,1572,1768,1914,1999,2116,2177,2333,2378,2428,2337,2177,2079,2003,1958,1948,1934,1795,1669,1523,1428,1303,1161,1028,921,837,766,783,810,781,772,761,758,751,727,677,630,583,545,524,513,528,539,527,551,589,625,665,738,776,825,886,925,981,972,952,939,922,924,904,886,848,837,825,836,905,981,1004,1012,1036,1013,1012,989,932,907,910,951,960,992,982,1042,1098,1121,1191,1252,1295,1287,1235,1191,1204,1215,1201,1216,1165,1081,1023,943,921,932,926,909,907,972,1004,1056,1076,1134,1126,1146,1147,1178,1198,1260,1286,1279,1245,1202,1171,1076,1023,968,937,918,905,855,795,776,796,852,849,837,812,825,838,858,894,904,933,975,977,967,964,1019,1033,1097,1137,1167,1161,1107,1062,1053,1091,1180,1296,1450,1537,1603,1672,1729,1754,1815,1908,1974,2013,2070,2033,1966,1871,1758,1649,1540,1464,1323,1154,
1,3,4,4,7,8,14,18,30,39,45,58,68,81,114,148,182,254,336,418,498,588,689,860,1089,1281,1572,1768,1914,1999,2116,2177,2333,2378,2428,2337,2177,2079,2003,1958,1948,1934,1795,1669,1523,1428,1303,1161,1028,921,837,766,783,810,781,772,761,758,751,727,677,630,583,545,524,513,528,539,527,551,589,625,665,738,776,825,886,925,981,972,952,939,922,924,904,886,848,837,825,836,905,981,1004,1012,1036,1013,1012,989,932,907,910,951,960,992,982,1042,1098,1121,1191,1252,1295,1287,1235,1191,1204,1215,1201,1216,1165,1081,1023,943,921,932,926,909,907,972,1004,1056,1076,1134,1126,1146,1147,1178,1198,1260,1286,1279,1245,1202,1171,1076,1023,968,937,918,905,855,795,776,796,852,849,837,812,825,838,858,894,904,933,975,977,967,964,1019,1033,1097,1137,1167,1161,1107,1062,1053,1091,1180,1296,1450,1537,1603,1672,1729,1754,1815,1908,1974,2013,2070,2033,1966,1871,1758,1649,1540,1464,1323,1154,
1,3,4,4,7,8,14,18,30,39,45,58,68,81,114,148,182,254,336,418,498,588,689,860,1089,1281,1572,1768,1914,1999,2116,2177,2333,2378,2428,2337,2177,2079,2003,1958,1948,1934,1795,1669,1523,1428,1303,1161,1028,921,837,766,783,810,781,772,761,758,751,727,677,630,583,545,524,513,528,539,527,551,589,625,665,738,776,825,886,925,981,972,952,939,922,924,904,886,848,837,825,836,905,981,1004,1012,1036,1013,1012,989,932,907,910,951,960,992,982,1042,1098,1121,1191,1252,1295,1287,1235,1191,1204,1215,1201,1216,1165,1081,1023,943,921,932,926,909,907,972,1004,1056,1076,1134,1126,1146,1147,1178,1198,1260,1286,1279,1245,1202,1171,1076,1023,968,937,918,905,855,795,776,796,852,849,837,812,825,838,858,894,904,933,975,977,967,964,1019,1033,1097,1137,1167,1161,1107,1062,1053,1091,1180,1296,1450,1537,1603,1672,1729,1754,1815,1908,1974,2013,2070,2033,1966,1871,1758,1649,1540,1464,1323,1154,
1,3,4,4,7,8,14,18,30,39,45,58,68,81,114,148,182,254,336,418,498,588,689,860,1089,1281,1572,1768,1914,1999,2116,2177,2333,2378,2428,2337,2177,2079,2003,1958,1948,1934,1795,1669,1523,1428,1303,1161,1028,921,837,766,783,810,781,772,761,758,751,727,677,630,583,545,524,513,528,539,527,551,589,625,665,738,776,825,886,925,981,972,952,939,922,924,904,886,848,837,825,836,905,981,1004,1012,1036,1013,1012,989,932,907,910,951,960,992,982,1042,1098,1121,1191,1252,1295,1287,1235,1191,1204,1215,1201,1216,1165,1081,1023,943,921,932,926,909,907,972,1004,1056,1076,1134,1126,1146,1147,1178,1198,1260,1286,1279,1245,1202,1171,1076,1023,968,937,918,905,855,795,776,796,852,849,837,812,825,838,858,894,904,933,975,977,967,964,1019,1033,1097,1137,1167,1161,1107,1062,1053,1091,1180,1296,1450,1537,1603,1672,1729,1754,1815,1908,1974,2013,2070,2033,1966,1871,1758,1649,1540,1464,1323,1154,
1,3,4,4,7,8,14,18,30,39,45,58,68,81,114,148,182,254,336,418,498,588,689,860,1089,1281,1572,1768,1914,1999,2116,2177,2333,2378,2428,2337,2177,2079,2003,1958,1948,1934,1795,1669,1523,1428,1303,1161,1028,921,837,766,783,810,781,772,761,758,751,727,677,630,583,545,524,513,528,539,527,551,589,625,665,738,776,825,886,925,981,972,952,939,922,924,904,886,848,837,825,836,905,981,1004,1012,1036,1013,1012,989,932,907,910,951,960,992,982,1042,1098,1121,1191,1252,1295,1287,1235,1191,1204,1215,1201,1216,1165,1081,1023,943,921,932,926,909,907,972,1004,1056,1076,1134,1126,1146,1147,1178,1198,1260,1286,1279,1245,1202,1171,1076,1023,968,937,918,905,855,795,776,796,852,849,837,812,825,838,858,894,904,933,975,977,967,964,1019,1033,1097,1137,1167,1161,1107,1062,1053,1091,1180,1296,1450,1537,1603,1672,1729,1754,1815,1908,1974,2013,2070,2033,1966,1871,1758,1649,1540,1464,1323,1154,
1,3,4,4,7,8,14,18,30,39,45,58,68,81,114,148,182,254,336,418,498,588,689,860,1089,1281,1572,1768,1914,1999,2116,2177,2333,2378,2428,2337,2177,2079,2003,1958,1948,1934,1795,1669,1523,1428,1303,1161,1028,921,837,766,783,810,781,772,761,758,751,727,677,630,583,545,524,513,528,539,527,551,589,625,665,738,776,825,886,925,981,972,952,939,922,924,904,886,848,837,825,836,905,981,1004,1012,1036,1013,1012,989,932,907,910,951,960,992,982,1042,1098,1121,1191,1252,1295,1287,1235,1191,1204,1215,1201,1216,1165,1081,1023,943,921,932,926,909,907,972,1004,1056,1076,1134,1126,1146,1147,1178,1198,1260,1286,1279,1245,1202,1171,1076,1023,968,937,918,905,855,795,776,796,852,849,837,812,825,838,858,894,904,933,975,977,967,964,1019,1033,1097,1137,1167,1161,1107,1062,1053,1091,1180,1296,1450,1537,1603,1672,1729,1754,1815,1908,1974,2013,2070,2033,1966,1871,1758,1649,1540,1464,1323,1154,
1,3,4,4,7,8,14,18,30,39,45,58,68,81,114,148,182,254,336,418,498,588,689,860,1089,1281,1572,1768,1914,1999,2116,2177,2333,2378,2428,2337,2177,2079,2003,1958,1948,1934,1795,1669,1523,1428,1303,1161,1028,921,837,766,783,810,781,772,761,758,751,727,677,630,583,545,524,513,528,539,527,551,589,625,665,738,776,825,886,925,981,972,952,939,922,924,904,886,848,837,825,836,905,981,1004,1012,1036,1013,1012,989,932,907,910,951,960,992,982,1042,1098,1121,1191,1252,1295,1287,1235,1191,1204,1215,1201,1216,1165,1081,1023,943,921,932,926,909,907,972,1004,1056,1076,1134,1126,1146,1147,1178,1198,1260,1286,1279,1245,1202,1171,1076,1023,968,937,918,905,855,795,776,796,852,849,837,812,825,838,858,894,904,933,975,977,967,964,1019,1033,1097,1137,1167,1161,1107,1062,1053,1091,1180,1296,1450,1537,1603,1672,1729,1754,1815,1908,1974,2013,2070,2033,1966,1871,1758,1649,1540,1464,1323,1154,
1,3,4,4,7,8,14,18,30,39,45,58,68,81,114,148,182,254,336,418,498,588,689,860,1089,1281,1572,1768,1914,1999,2116,2177,2333,2378,2428,2337,2177,2079,2003,1958,1948,1934,1795,1669,1523,1428,1303,1161,1028,921,837,766,783,810,781,772,761,758,751,727,677,630,583,545,524,513,528,539,527,551,589,625,665,738,776,825,886,925,981,972,952,939,922,924,904,886,848,837,825,836,905,981,1004,1012,1036,1013,1012,989,932,907,910,951,960,992,982,1042,1098,1121,1191,1252,1295,1287,1235,1191,1204,1215,1201,1216,1165,1081,1023,943,921,932,926,909,907,972,1004,1056,1076,1134,1126,1146,1147,1178,1198,1260,1286,1279,1245,1202,1171,1076,1023,968,937,918,905,855,795,776,796,852,849,837,812,825,838,858,894,904,933,975,977,967,964,1019,1033,1097,1137,1167,1161,1107,1062,1053,1091,1180,1296,1450,1537,1603,1672,1729,1754,1815,1908,1974,2013,2070,2033,1966,1871,1758,1649,1540,1464,1323,1154,
1,3,4,4,7,8,14,18,30,39,45,58,68,81,114,148,182,254,336,418,498,588,689,860,1089,1281,1572,1768,1914,1999,2116,2177,2333,2378,2428,2337,2177,2079,2003,1958,1948,1934,1795,1669,1523,1428,1303,1161,1028,921,837,766,783,810,781,772,761,758,751,727,677,630,583,545,524,513,528,539,527,551,589,625,665,738,776,825,886,925,981,972,952,939,922,924,904,886,848,837,825,836,905,981,1004,1012,1036,1013,1012,989,932,907,910,951,960,992,982,1042,1098,1121,1191,1252,1295,1287,1235,1191,1204,1215,1201,1216,1165,1081,1023,943,921,932,926,909,907,972,1004,1056,1076,1134,1126,1146,1147,1178,1198,1260,1286,1279,1245,1202,1171,1076,1023,968,937,918,905,855,795,776,796,852,849,837,812,825,838,858,894,904,933,975,977,967,964,1019,1033,1097,1137,1167,1161,1107,1062,1053,1091,1180,1296,1450,1537,1603,1672,1729,1754,1815,1908,1974,2013,2070,2033,1966,1871,1758,1649,1540,1464,1323,1154,
1,3,4,4,7,8,14,18,30,39,45,58,68,81,114,148,182,254,336,418,498,588,689,860,1089,1281,1572,1768,1914,1999,2116,2177,2333,2378,2428,2337,2177,2079,2003,1958,1948,1934,1795,1669,1523,1428,1303,1161,1028,921,837,766,783,810,781,772,761,758,751,727,677,630,583,545,524,513,528,539,527,551,589,625,665,738,776,825,886,925,981,972,952,939,922,924,904,886,848,837,825,836,905,981,1004,1012,1036,1013,1012,989,932,907,910,951,960,992,982,1042,1098,1121,1191,1252,1295,1287,1235,1191,1204,1215,1201,1216,1165,1081,1023,943,921,932,926,909,907,972,1004,1056,1076,1134,1126,1146,1147,1178,1198,1260,1286,1279,1245,1202,1171,1076,1023,968,937,918,905,855,795,776,796,852,849,837,812,825,838,858,894,904,933,975,977,967,964,1019,1033,1097,1137,1167,1161,1107,1062,1053,1091,1180,1296,1450,1537,1603,1672,1729,1754,1815,1908,1974,2013,2070,2033,1966,1871,1758,1649,1540,1464,1323,1154,
1,3,4,4,7,8,14,18,30,39,45,58,68,81,114,148,182,254,336,418,498,588,689,860,1089,1281,1572,1768,1914,1999,2116,2177,2333,2378,2428,2337,2177,2079,2003,1958,1948,1934,1795,1669,1523,1428,1303,1161,1028,921,837,766,783,810,781,772,761,758,751,727,677,630,583,545,524,513,528,539,527,551,589,625,665,738,776,825,886,925,981,972,952,939,922,924,904,886,848,837,825,836,905,981,1004,1012,1036,1013,1012,989,932,907,910,951,960,992,982,1042,1098,1121,1191,1252,1295,1287,1235,1191,1204,1215,1201,1216,1165,1081,1023,943,921,932,926,909,907,972,1004,1056,1076,1134,1126,1146,1147,1178,1198,1260,1286,1279,1245,1202,1171,1076,1023,968,937,918,905,855,795,776,796,852,849,837,812,825,838,858,894,904,933,975,977,967,964,1019,1033,1097,1137,1167,1161,1107,1062,1053,1091,1180,1296,1450,1537,1603,1672,1729,1754,1815,1908,1974,2013,2070,2033,1966,1871,1758,1649,1540,1464,1323,1154,
1,3,4,4,7,8,14,18,30,39,45,58,68,81,114,148,182,254,336,418,498,588,689,860,1089,1281,1572,1768,1914,1999,2116,2177,2333,2378,2428,2337,2177,2079,2003,1958,1948,1934,1795,1669,1523,1428,1303,1161,1028,921,837,766,783,810,781,772,761,758,751,727,677,630,583,545,524,513,528,539,527,551,589,625,665,738,776,825,886,925,981,972,952,939,922,924,904,886,848,837,825,836,905,981,1004,1012,1036,1013,1012,989,932,907,910,951,960,992,982,1042,1098,1121,1191,1252,1295,1287,1235,1191,1204,1215,1201,1216,1165,1081,1023,943,921,932,926,909,907,972,1004,1056,1076,1134,1126,1146,1147,1178,1198,1260,1286,1279,1245,1202,1171,1076,1023,968,937,918,905,855,795,776,796,852,849,837,812,825,838,858,894,904,933,975,977,967,964,1019,1033,1097,1137,1167,1161,1107,1062,1053,1091,1180,1296,1450,1537,1603,1672,1729,1754,1815,1908,1974,2013,2070,2033,1966,1871,1758,1649,1540,1464,1323,1154,
1,3,4,4,7,8,14,18,30,39,45,58,68,81,114,148,182,254,336,418,498,588,689,860,1089,1281,1572,1768,1914,1999,2116,2177,2333,2378,2428,2337,2177,2079,2003,1958,1948,1934,1795,1669,1523,1428,1303,1161,1028,921,837,766,783,810,781,772,761,758,751,727,677,630,583,545,524,513,528,539,527,551,589,625,665,738,776,825,886,925,981,972,952,939,922,924,904,886,848,837,825,836,905,981,1004,1012,1036,1013,1012,989,932,907,910,951,960,992,982,1042,1098,1121,1191,1252,1295,1287,1235,1191,1204,1215,1201,1216,1165,1081,1023,943,921,932,926,909,907,972,1004,1056,1076,1134,1126,1146,1147,1178,1198,1260,1286,1279,1245,1202,1171,1076,1023,968,937,918,905,855,795,776,796,852,849,837,812,825,838,858,894,904,933,975,977,967,964,1019,1033,1097,1137,1167,1161,1107,1062,1053,1091,1180,1296,1450,1537,1603,1672,1729,1754,1815,1908,1974,2013,2070,2033,1966,1871,1758,1649,1540,1464,1323,1154,
1,3,4,4,7,8,14,18,30,39,45,58,68,81,114,148,182,254,336,418,498,588,689,860,1089,1281,1572,1768,1914,1999,2116,2177,2333,2378,2428,2337,2177,2079,2003,1958,1948,1934,1795,1669,1523,1428,1303,1161,1028,921,837,766,783,810,781,772,761,758,751,727,677,630,583,545,524,513,528,539,527,551,589,625,665,738,776,825,886,925,981,972,952,939,922,924,904,886,848,837,825,836,905,981,1004,1012,1036,1013,1012,989,932,907,910,951,960,992,982,1042,1098,1121,1191,1252,1295,1287,1235,1191,1204,1215,1201,1216,1165,1081,1023,943,921,932,926,909,907,972,1004,1056,1076,1134,1126,1146,1147,1178,1198,1260,1286,1279,1245,1202,1171,1076,1023,968,937,918,905,855,795,776,796,852,849,837,812,825,838,858,894,904,933,975,977,967,964,1019,1033,1097,1137,1167,1161,1107,1062,1053,1091,1180,1296,1450,1537,1603,1672,1729,1754,1815,1908,1974,2013,2070,2033,1966,1871,1758,1649,1540,1464,1323,1154,
1,3,4,4,7,8,14,18,30,39,45,58,68,81,114,148,182,254,336,418,498,588,689,860,1089,1281,1572,1768,1914,1999,2116,2177,2333,2378,2428,2337,2177,2079,2003,1958,1948,1934,1795,1669,1523,1428,1303,1161,1028,921,837,766,783,810,781,772,761,758,751,727,677,630,583,545,524,513,528,539,527,551,589,625,665,738,776,825,886,925,981,972,952,939,922,924,904,886,848,837,825,836,905,981,1004,1012,1036,1013,1012,989,932,907,910,951,960,992,982,1042,1098,1121,1191,1252,1295,1287,1235,1191,1204,1215,1201,1216,1165,1081,1023,943,921,932,926,909,907,972,1004,1056,1076,1134,1126,1146,1147,1178,1198,1260,1286,1279,1245,1202,1171,1076,1023,968,937,918,905,855,795,776,796,852,849,837,812,825,838,858,894,904,933,975,977,967,964,1019,1033,1097,1137,1167,1161,1107,1062,1053,1091,1180,1296,1450,1537,1603,1672,1729,1754,1815,1908,1974,2013,2070,2033,1966,1871,1758,1649,1540,1464,1323,1154,
1,3,4,4,7,8,14,18,30,39,45,58,68,81,114,148,182,254,336,418,498,588,689,860,1089,1281,1572,1768,1914,1999,2116,2177,2333,2378,2428,2337,2177,2079,2003,1958,1948,1934,1795,1669,1523,1428,1303,1161,1028,921,837,766,783,810,781,772,761,758,751,727,677,630,583,545,524,513,528,539,527,551,589,625,665,738,776,825,886,925,981,972,952,939,922,924,904,886,848,837,825,836,905,981,1004,1012,1036,1013,1012,989,932,907,910,951,960,992,982,1042,1098,1121,1191,1252,1295,1287,1235,1191,1204,1215,1201,1216,1165,1081,1023,943,921,932,926,909,907,972,1004,1056,1076,1134,1126,1146,1147,1178,1198,1260,1286,1279,1245,1202,1171,1076,1023,968,937,918,905,855,795,776,796,852,849,837,812,825,838,858,894,904,933,975,977,967,964,1019,1033,1097,1137,1167,1161,1107,1062,1053,1091,1180,1296,1450,1537,1603,1672,1729,1754,1815,1908,1974,2013,2070,2033,1966,1871,1758,1649,1540,1464,1323,1154,
1,3,4,4,7,8,14,18,30,39,45,58,68,81,114,148,182,254,336,418,498,588,689,860,1089,1281,1572,1768,1914,1999,2116,2177,2333,2378,2428,2337,2177,2079,2003,1958,1948,1934,1795,1669,1523,1428,1303,1161,1028,921,837,766,783,810,781,772,761,758,751,727,677,630,583,545,524,513,528,539,527,551,589,625,665,738,776,825,886,925,981,972,952,939,922,924,904,886,848,837,825,836,905,981,1004,1012,1036,1013,1012,989,932,907,910,951,960,992,982,1042,1098,1121,1191,1252,1295,1287,1235,1191,1204,1215,1201,1216,1165,1081,1023,943,921,932,926,909,907,972,1004,1056,1076,1134,1126,1146,1147,1178,1198,1260,1286,1279,1245,1202,1171,1076,1023,968,937,918,905,855,795,776,796,852,849,837,812,825,838,858,894,904,933,975,977,967,964,1019,1033,1097,1137,1167,1161,1107,1062,1053,1091,1180,1296,1450,1537,1603,1672,1729,1754,1815,1908,1974,2013,2070,2033,1966,1871,1758,1649,1540,1464,1323,1154,
1,3,4,4,7,8,14,18,30,39,45,58,68,81,114,148,182,254,336,418,498,588,689,860,1089,1281,1572,1768,1914,1999,2116,2177,2333,2378,2428,2337,2177,2079,2003,1958,1948,1934,1795,1669,1523,1428,1303,1161,1028,921,837,766,783,810,781,772,761,758,751,727,677,630,583,545,524,513,528,539,527,551,589,625,665,738,776,825,886,925,981,972,952,939,922,924,904,886,848,837,825,836,905,981,1004,1012,1036,1013,1012,989,932,907,910,951,960,992,982,1042,1098,1121,1191,1252,1295,1287,1235,1191,1204,1215,1201,1216,1165,1081,1023,943,921,932,926,909,907,972,1004,1056,1076,1134,1126,1146,1147,1178,1198,1260,1286,1279,1245,1202,1171,1076,1023,968,937,918,905,855,795,776,796,852,849,837,812,825,838,858,894,904,933,975,977,967,964,1019,1033,1097,1137,1167,1161,1107,1062,1053,1091,1180,1296,1450,1537,1603,1672,1729,1754,1815,1908,1974,2013,2070,2033,1966,1871,1758,1649,1540,1464,1323,1154,
1,3,4,4,7,8,14,18,30,39,45,58,68,81,114,148,182,254,336,418,498,588,689,860,1089,1281,1572,1768,1914,1999,2116,2177,2333,2378,2428,2337,2177,2079,2003,1958,1948,1934,1795,1669,1523,1428,1303,1161,1028,921,837,766,783,810,781,772,761,758,751,727,677,630,583,545,524,513,528,539,527,551,589,625,665,738,776,825,886,925,981,972,952,939,922,924,904,886,848,837,825,836,905,981,1004,1012,1036,1013,1012,989,932,907,910,951,960,992,982,1042,1098,1121,1191,1252,1295,1287,1235,1191,1204,1215,1201,1216,1165,1081,1023,943,921,932,926,909,907,972,1004,1056,1076,1134,1126,1146,1147,1178,1198,1260,1286,1279,1245,1202,1171,1076,1023,968,937,918,905,855,795,776,796,852,849,837,812,825,838,858,894,904,933,975,977,967,964,1019,1033,1097,1137,1167,1161,1107,1062,1053,1091,1180,1296,1450,1537,1603,1672,1729,1754,1815,1908,1974,2013,2070,2033,1966,1871,1758,1649,1540,1464,1323,1154,
1,3,4,4,7,8,14,18,30,39,45,58,68,81,114,148,182,254,336,418,498,588,689,860,1089,1281,1572,1768,1914,1999,2116,2177,2333,2378,2428,2337,2177,2079,2003,1958,1948,1934,1795,1669,1523,1428,1303,1161,1028,921,837,766,783,810,781,772,761,758,751,727,677,630,583,545,524,513,528,539,527,551,589,625,665,738,776,825,886,925,981,972,952,939,922,924,904,886,848,837,825,836,905,981,1004,1012,1036,1013,1012,989,932,907,910,951,960,992,982,1042,1098,1121,1191,1252,1295,1287,1235,1191,1204,1215,1201,1216,1165,1081,1023,943,921,932,926,909,907,972,1004,1056,1076,1134,1126,1146,1147,1178,1198,1260,1286,1279,1245,1202,1171,1076,1023,968,937,918,905,855,795,776,796,852,849,837,812,825,838,858,894,904,933,975,977,967,964,1019,1033,1097,1137,1167,1161,1107,1062,1053,1091,1180,1296,1450,1537,1603,1672,1729,1754,1815,1908,1974,2013,2070,2033,1966,1871,1758,1649,1540,1464,1323,1154,
1,3,4,4,7,8,14,18,30,39,45,58,68,81,114,148,182,254,336,418,498,588,689,860,1089,1281,1572,1768,1914,1999,2116,2177,2333,2378,2428,2337,2177,2079,2003,1958,1948,1934,1795,1669,1523,1428,1303,1161,1028,921,837,766,783,810,781,772,761,758,751,727,677,630,583,545,524,513,528,539,527,551,589,625,665,738,776,825,886,925,981,972,952,939,922,924,904,886,848,837,825,836,905,981,1004,1012,1036,1013,1012,989,932,907,910,951,960,992,982,1042,1098,1121,1191,1252,1295,1287,1235,1191,1204,1215,1201,1216,1165,1081,1023,943,921,932,926,909,907,972,1004,1056,1076,1134,1126,1146,1147,1178,1198,1260,1286,1279,1245,1202,1171,1076,1023,968,937,918,905,855,795,776,796,852,849,837,812,825,838,858,894,904,933,975,977,967,964,1019,1033,1097,1137,1167,1161,1107,1062,1053,1091,1180,1296,1450,1537,1603,1672,1729,1754,1815,1908,1974,2013,2070,2033,1966,1871,1758,1649,1540,1464,1323,1154,
1,3,4,4,7,8,14,18,30,39,45,58,68,81,114,148,182,254,336,418,498,588,689,860,1089,1281,1572,1768,1914,1999,2116,2177,2333,2378,2428,2337,2177,2079,2003,1958,1948,1934,1795,1669,1523,1428,1303,1161,1028,921,837,766,783,810,781,772,761,758,751,727,677,630,583,545,524,513,528,539,527,551,589,625,665,738,776,825,886,925,981,972,952,939,922,924,904,886,848,837,825,836,905,981,1004,1012,1036,1013,1012,989,932,907,910,951,960,992,982,1042,1098,1121,1191,1252,1295,1287,1235,1191,1204,1215,1201,1216,1165,1081,1023,943,921,932,926,909,907,972,1004,1056,1076,1134,1126,1146,1147,1178,1198,1260,1286,1279,1245,1202,1171,1076,1023,968,937,918,905,855,795,776,796,852,849,837,812,825,838,858,894,904,933,975,977,967,964,1019,1033,1097,1137,1167,1161,1107,1062,1053,1091,1180,1296,1450,1537,1603,1672,1729,1754,1815,1908,1974,2013,2070,2033,1966,1871,1758,1649,1540,1464,1323,1154,
1,3,4,4,7,8,14,18,30,39,45,58,68,81,114,148,182,254,336,418,498,588,689,860,1089,1281,1572,1768,1914,1999,2116,2177,2333,2378,2428,2337,2177,2079,2003,1958,1948,1934,1795,1669,1523,1428,1303,1161,1028,921,837,766,783,810,781,772,761,758,751,727,677,630,583,545,524,513,528,539,527,551,589,625,665,738,776,825,886,925,981,972,952,939,922,924,904,886,848,837,825,836,905,981,1004,1012,1036,1013,1012,989,932,907,910,951,960,992,982,1042,1098,1121,1191,1252,1295,1287,1235,1191,1204,1215,1201,1216,1165,1081,1023,943,921,932,926,909,907,972,1004,1056,1076,1134,1126,1146,1147,1178,1198,1260,1286,1279,1245,1202,1171,1076,1023,968,937,918,905,855,795,776,796,852,849,837,812,825,838,858,894,904,933,975,977,967,964,1019,1033,1097,1137,1167,1161,1107,1062,1053,1091,1180,1296,1450,1537,1603,1672,1729,1754,1815,1908,1974,2013,2070,2033,1966,1871,1758,1649,1540,1464,1323,1154,
1,3,4,4,7,8,14,18,30,39,45,58,68,81,114,148,182,254,336,418,498,588,689,860,1089,1281,1572,1768,1914,1999,2116,2177,2333,2378,2428,2337,2177,2079,2003,1958,1948,1934,1795,1669,1523,1428,1303,1161,1028,921,837,766,783,810,781,772,761,758,751,727,677,630,583,545,524,513,528,539,527,551,589,625,665,738,776,825,886,925,981,972,952,939,922,924,904,886,848,837,825,836,905,981,1004,1012,1036,1013,1012,989,932,907,910,951,960,992,982,1042,1098,1121,1191,1252,1295,1287,1235,1191,1204,1215,1201,1216,1165,1081,1023,943,921,932,926,909,907,972,1004,1056,1076,1134,1126,1146,1147,1178,1198,1260,1286,1279,1245,1202,1171,1076,1023,968,937,918,905,855,795,776,796,852,849,837,812,825,838,858,894,904,933,975,977,967,964,1019,1033,1097,1137,1167,1161,1107,1062,1053,1091,1180,1296,1450,1537,1603,1672,1729,1754,1815,1908,1974,2013,2070,2033,1966,1871,1758,1649,1540,1464,1323,1154,
1,3,4,4,7,8,14,18,30,39,45,58,68,81,114,148,182,254,336,418,498,588,689,860,1089,1281,1572,1768,1914,1999,2116,2177,2333,2378,2428,2337,2177,2079,2003,1958,1948,1934,1795,1669,1523,1428,1303,1161,1028,921,837,766,783,810,781,772,761,758,751,727,677,630,583,545,524,513,528,539,527,551,589,625,665,738,776,825,886,925,981,972,952,939,922,924,904,886,848,837,825,836,905,981,1004,1012,1036,1013,1012,989,932,907,910,951,960,992,982,1042,1098,1121,1191,1252,1295,1287,1235,1191,1204,1215,1201,1216,1165,1081,1023,943,921,932,926,909,907,972,1004,1056,1076,1134,1126,1146,1147,1178,1198,1260,1286,1279,1245,1202,1171,1076,1023,968,937,918,905,855,795,776,796,852,849,837,812,825,838,858,894,904,933,975,977,967,964,1019,1033,1097,1137,1167,1161,1107,1062,1053,1091,1180,1296,1450,1537,1603,1672,1729,1754,1815,1908,1974,2013,2070,2033,1966,1871,1758,1649,1540,1464,1323,1154,
1,3,4,4,7,8,14,18,30,39,45,58,68,81,114,148,182,254,336,418,498,588,689,860,1089,1281,1572,1768,1914,1999,2116,2177,2333,2378,2428,2337,2177,2079,2003,1958,1948,1934,1795,1669,1523,1428,1303,1161,1028,921,837,766,783,810,781,772,761,758,751,727,677,630,583,545,524,513,528,539,527,551,589,625,665,738,776,825,886,925,981,972,952,939,922,924,904,886,848,837,825,836,905,981,1004,1012,1036,1013,1012,989,932,907,910,951,960,992,982,1042,1098,1121,1191,1252,1295,1287,1235,1191,1204,1215,1201,1216,1165,1081,1023,943,921,932,926,909,907,972,1004,1056,1076,1134,1126,1146,1147,1178,1198,1260,1286,1279,1245,1202,1171,1076,1023,968,937,918,905,855,795,776,796,852,849,837,812,825,838,858,894,904,933,975,977,967,964,1019,1033,1097,1137,1167,1161,1107,1062,1053,1091,1180,1296,1450,1537,1603,1672,1729,1754,1815,1908,1974,2013,2070,2033,1966,1871,1758,1649,1540,1464,1323,1154,
1,3,4,4,7,8,14,18,30,39,45,58,68,81,114,148,182,254,336,418,498,588,689,860,1089,1281,1572,1768,1914,1999,2116,2177,2333,2378,2428,2337,2177,2079,2003,1958,1948,1934,1795,1669,1523,1428,1303,1161,1028,921,837,766,783,810,781,772,761,758,751,727,677,630,583,545,524,513,528,539,527,551,589,625,665,738,776,825,886,925,981,972,952,939,922,924,904,886,848,837,825,836,905,981,1004,1012,1036,1013,1012,989,932,907,910,951,960,992,982,1042,1098,1121,1191,1252,1295,1287,1235,1191,1204,1215,1201,1216,1165,1081,1023,943,921,932,926,909,907,972,1004,1056,1076,1134,1126,1146,1147,1178,1198,1260,1286,1279,1245,1202,1171,1076,1023,968,937,918,905,855,795,776,796,852,849,837,812,825,838,858,894,904,933,975,977,967,964,1019,1033,1097,1137,1167,1161,1107,1062,1053,1091,1180,1296,1450,1537,1603,1672,1729,1754,1815,1908,1974,2013,2070,2033,1966,1871,1758,1649,1540,1464,1323,1154,
1,3,4,4,7,8,14,18,30,39,45,58,68,81,114,148,182,254,336,418,498,588,689,860,1089,1281,1572,1768,1914,1999,2116,2177,2333,2378,2428,2337,2177,2079,2003,1958,1948,1934,1795,1669,1523,1428,1303,1161,1028,921,837,766,783,810,781,772,761,758,751,727,677,630,583,545,524,513,528,539,527,551,589,625,665,738,776,825,886,925,981,972,952,939,922,924,904,886,848,837,825,836,905,981,1004,1012,1036,1013,1012,989,932,907,910,951,960,992,982,1042,1098,1121,1191,1252,1295,1287,1235,1191,1204,1215,1201,1216,1165,1081,1023,943,921,932,926,909,907,972,1004,1056,1076,1134,1126,1146,1147,1178,1198,1260,1286,1279,1245,1202,1171,1076,1023,968,937,918,905,855,795,776,796,852,849,837,812,825,838,858,894,904,933,975,977,967,964,1019,1033,1097,1137,1167,1161,1107,1062,1053,1091,1180,1296,1450,1537,1603,1672,1729,1754,1815,1908,1974,2013,2070,2033,1966,1871,1758,1649,1540,1464,1323,1154,
1,3,4,4,7,8,14,18,30,39,45,58,68,81,114,148,182,254,336,418,498,588,689,860,1089,1281,1572,1768,1914,1999,2116,2177,2333,2378,2428,2337,2177,2079,2003,1958,1948,1934,1795,1669,1523,1428,1303,1161,1028,921,837,766,783,810,781,772,761,758,751,727,677,630,583,545,524,513,528,539,527,551,589,625,665,738,776,825,886,925,981,972,952,939,922,924,904,886,848,837,825,836,905,981,1004,1012,1036,1013,1012,989,932,907,910,951,960,992,982,1042,1098,1121,1191,1252,1295,1287,1235,1191,1204,1215,1201,1216,1165,1081,1023,943,921,932,926,909,907,972,1004,1056,1076,1134,1126,1146,1147,1178,1198,1260,1286,1279,1245,1202,1171,1076,1023,968,937,918,905,855,795,776,796,852,849,837,812,825,838,858,894,904,933,975,977,967,964,1019,1033,1097,1137,1167,1161,1107,1062,1053,1091,1180,1296,1450,1537,1603,1672,1729,1754,1815,1908,1974,2013,2070,2033,1966,1871,1758,1649,1540,1464,1323,1154,
1,3,4,4,7,8,14,18,30,39,45,58,68,81,114,148,182,254,336,418,498,588,689,860,1089,1281,1572,1768,1914,1999,2116,2177,2333,2378,2428,2337,2177,2079,2003,1958,1948,1934,1795,1669,1523,1428,1303,1161,1028,921,837,766,783,810,781,772,761,758,751,727,677,630,583,545,524,513,528,539,527,551,589,625,665,738,776,825,886,925,981,972,952,939,922,924,904,886,848,837,825,836,905,981,1004,1012,1036,1013,1012,989,932,907,910,951,960,992,982,1042,1098,1121,1191,1252,1295,1287,1235,1191,1204,1215,1201,1216,1165,1081,1023,943,921,932,926,909,907,972,1004,1056,1076,1134,1126,1146,1147,1178,1198,1260,1286,1279,1245,1202,1171,1076,1023,968,937,918,905,855,795,776,796,852,849,837,812,825,838,858,894,904,933,975,977,967,964,1019,1033,1097,1137,1167,1161,1107,1062,1053,1091,1180,1296,1450,1537,1603,1672,1729,1754,1815,1908,1974,2013,2070,2033,1966,1871,1758,1649,1540,1464,1323,1154,
1,3,3,3,6,8,10,19,28,33,43,49,69,86,118,146,196,229,285,378,497,617,816,1021,1266,1580,1863,2186,2472,2895,3234,3521,3751,3727,3576,3350,3158,3055,2929,2794,2553,2293,1948,1669,1414,1210,1040,885,799,736,701,659,620,607,590,617,613,663,647,643,637,667,684,693,723,732,743,765,769,700,715,700,694,686,671,650,682,698,661,628,653,661,702,726,715,740,739,788,824,859,908,933,924,938,947,1001,1015,1067,1058,1022,987,975,959,957,953,909,945,968,955,983,1032,1100,1114,1106,1092,1058,1016,994,951,970,951,932,888,952,931,965,952,926,919,937,904,960,964,906,876,842,823,843,867,867,898,899,928,926,894,850,797,794,759,773,738,688,674,669,663,664,668,638,611,624,641,662,679,684,686,696,723,758,749,740,783,815,840,875,935,985,1030,1047,1040,1033,1043,1030,1087,1190,1297,1480,1633,1794,1840,1961,2080,2145,2255,2387,2587,2725,2825,2993,3149,
1,3,5,6,8,11,14,18,27,34,41,55,68,92,124,138,188,236,314,373,418,499,611,797,951,1185,1336,1573,1775,2059,2299,2487,2719,2764,2722,2501,2262,2137,2087,2062,2050,2111,2094,2081,2033,1955,1756,1677,1572,1541,1449,1270,1143,1026,902,771,692,660,610,612,575,529,504,477,459,439,429,425,410,402,430,457,457,445,467,481,491,494,496,533,550,565,607,644,678,698,712,705,686,694,694,735,789,834,870,872,927,937,926,896,846,840,861,909,914,966,994,997,1008,985,941,935,971,955,919,911,912,894,881,854,825,794,775,734,718,716,712,744,786,868,908,974,1046,1137,1244,1320,1365,1361,1337,1306,1339,1379,1372,1352,1328,1359,1321,1220,1191,1121,1047,960,878,834,791,771,773,796,785,792,840,904,917,985,1060,1050,1052,1013,993,1012,1017,998,1006,1056,1095,1098,1149,1125,1155,1200,1235,1222,1308,1377,1505,1576,1558,1588,1565,1584,1668,1734,1811,1874,1885,1940,1994,2024,2096,
1,3,4,6,9,13,19,20,29,40,42,50,61,78,93,122,165,217,266,336,423,529,692,836,985,1194,1419,1688,2031,2396,2655,2916,3155,3273,3393,3621,3888,3953,3656,3410,3105,2780,2506,2187,1855,1629,1452,1337,1184,1108,1033,955,937,901,849,824,795,797,761,784,798,819,877,957,960,960,952,911,905,863,898,874,886,899,893,838,788,766,758,795,815,817,853,882,895,924,941,933,948,953,977,992,1021,985,912,860,827,810,763,762,726,698,713,744,733,762,813,829,868,874,912,920,901,915,901,890,901,864,848,837,836,840,845,897,944,1047,1089,1090,1092,1121,1178,1244,1208,1221,1260,1259,1176,1080,976,904,835,767,748,711,665,627,606,579,557,546,567,590,610,634,660,649,656,699,734,810,856,927,1007,1032,1066,1079,1113,1160,1250,1292,1362,1385,1421,1417,1421,1391,1309,1286,1306,1301,1335,1410,1483,1613,1711,1859,2047,2230,2292,2328,2341,2373,2344,2317,2361,2492,2547,2769,2904,
1,4,4,4,7,7,13,19,29,36,49,63,89,131,161,201,247,289,333,399,466,521,629,765,930,1087,1321,1575,1812,1997,2199,2428,2588,2608,2536,2456,2295,2219,2108,1905,1777,1604,1451,1366,1291,1244,1122,991,905,852,821,763,682,640,606,593,613,630,623,615,648,656,624,588,603,617,617,667,684,664,664,644,620,611,617,651,686,700,724,745,783,748,732,720,722,736,744,811,817,843,810,809,852,849,878,916,969,1001,968,968,963,962,1005,974,927,867,848,870,929,982,1051,1071,1138,1132,1146,1129,1150,1158,1205,1246,1249,1197,1161,1130,1177,1178,1174,1140,1120,1110,1097,1066,1070,1110,1190,1298,1340,1409,1449,1494,1487,1477,1384,1276,1192,1040,898,787,675,611,559,540,497,501,494,495,503,525,530,550,572,616,667,734,812,823,778,767,827,815,840,873,949,979,1001,1025,1056,1030,1003,967,945,925,935,972,1073,1137,1235,1390,1484,1561,1646,1753,1847,1902,1960,2025,2116,2142,2145,
1,3,3,3,6,8,14,19,24,34,47,53,66,87,121,150,207,253,335,413,534,641,821,984,1157,1413,1629,1805,1972,2108,2349,2659,2851,2936,3170,3377,3512,3594,3477,3265,2958,2640,2389,2161,2017,1802,1586,1448,1328,1155,1009,961,901,864,820,761,761,811,778,749,733,744,745,744,774,733,749,731,733,717,704,682,712,722,749,749,764,763,787,770,802,777,759,717,680,681,711,725,731,758,798,836,858,900,920,913,936,951,921,862,817,783,821,840,835,840,848,803,798,783,798,796,791,806,876,948,933,998,1071,1090,1109,1137,1189,1198,1167,1152,1067,1053,1075,1082,1090,1055,1087,1081,1074,1105,1141,1202,1195,1212,1195,1213,1163,1072,988,910,831,736,695,681,681,683,681,701,702,717,727,763,795,848,873,937,937,937,879,884,861,836,850,847,844,842,836,838,876,930,958,963,1043,1108,1204,1235,1248,1301,1351,1460,1593,1757,1953,2124,2245,2316,2298,2333,2295,2242,2199,2370,2489,
1,3,4,4,6,8,17,20,33,44,55,65,74,94,122,151,182,241,327,448,556,650,809,1027,1343,1593,1784,2028,2269,2450,2569,2659,2777,2781,2727,2669,2653,2594,2491,2331,2190,2082,1952,1672,1443,1298,1123,994,871,828,765,766,770,750,748,751,717,671,670,680,671,674,639,611,629,643,668,676,697,753,789,814,829,848,926,956,963,970,940,957,956,975,982,1028,1032,1053,1061,1041,968,923,882,853,838,803,847,879,902,908,883,882,921,891,852,845,862,841,878,897,945,961,1012,1058,1083,1128,1099,1145,1190,1263,1242,1146,1072,1014,1001,1031,1007,1011,973,999,1021,1044,1042,1073,1096,1113,1122,1087,1133,1180,1136,1138,1131,1125,1062,995,944,925,863,776,697,674,645,631,638,623,619,652,679,777,807,820,859,852,887,892,903,856,811,732,701,694,694,697,686,711,713,716,714,735,790,910,990,1068,1123,1260,1451,1596,1761,2036,2108,2109,2153,2162,2119,2073,2074,2057,2003,1849,1749,
1,3,6,6,8,10,14,19,29,35,39,48,67,74,95,137,177,230,302,379,461,554,691,904,1061,1254,1488,1812,2120,2289,2495,2574,2685,2613,2423,2371,2257,2065,1904,1723,1568,1444,1346,1267,1198,1098,1076,1001,966,946,931,894,874,900,891,853,783,739,681,644,609,605,635,671,708,686,674,626,640,669,664,682,672,667,708,765,836,870,922,925,879,812,815,777,738,707,727,720,739,787,833,878,904,982,993,1021,1014,1039,1036,1026,1000,960,924,909,892,831,799,813,838,831,860,856,813,843,829,792,762,747,744,743,732,726,736,742,775,845,868,886,867,849,806,747,692,678,671,683,691,685,691,705,736,743,721,720,733,762,750,712,715,707,690,691,660,643,613,555,550,534,551,573,617,637,660,644,692,685,676,709,726,735,745,746,762,779,797,779,738,724,703,698,740,818,928,1065,1213,1321,1436,1589,1640,1731,1850,2021,2096,2118,2028,2007,1913,1780,1598,
1,2,5,5,8,10,13,20,28,33,36,47,55,66,85,107,130,172,248,310,373,427,492,616,776,924,1052,1148,1268,1310,1333,1384,1422,1413,1419,1462,1516,1515,1455,1406,1340,1278,1212,1087,970,865,789,687,614,552,515,478,433,412,409,414,422,428,448,476,538,550,591,583,615,648,656,627,593,591,587,582,594,602,593,580,579,600,590,577,595,623,621,634,644,673,713,714,757,821,849,868,892,898,882,859,831,796,764,712,720,739,753,755,770,775,772,790,785,805,783,759,721,706,680,673,662,673,705,727,750,760,789,801,782,780,761,739,733,743,788,815,819,804,848,816,828,839,840,856,869,850,849,823,774,733,688,631,597,584,556,562,548,551,566,592,609,621,669,728,771,790,883,932,990,1063,1104,1165,1227,1250,1340,1361,1456,1463,1426,1349,1293,1258,1234,1257,1219,1184,1242,1280,1315,1316,1361,1460,1571,1652,1801,1915,2066,2140,2225,2242,2271,2254,2246,
1,2,5,5,8,10,13,20,28,33,36,47,55,66,85,107,130,172,248,310,373,427,492,616,776,924,1052,1148,1268,1310,1333,1384,1422,1413,1419,1462,1516,1515,1455,1406,1340,1278,1212,1087,970,865,789,687,614,552,515,478,433,412,409,414,422,428,448,476,538,550,591,583,615,648,656,627,593,591,587,582,594,602,593,580,579,600,590,577,595,623,621,634,644,673,713,714,757,821,849,868,892,898,882,859,831,796,764,712,720,739,753,755,770,775,772,790,785,805,783,759,721,706,680,673,662,673,705,727,750,760,789,801,782,780,761,739,733,743,788,815,819,804,848,816,828,839,840,856,869,850,849,823,774,733,688,631,597,584,556,562,548,551,566,592,609,621,669,728,771,790,883,932,990,1063,1104,1165,1227,1250,1340,1361,1456,1463,1426,1349,1293,1258,1234,1257,1219,1184,1242,1280,1315,1316,1361,1460,1571,1652,1801,1915,2066,2140,2225,2242,2271,2254,2246,
1,4,4,4,7,9,17,21,33,36,43,55,73,85,109,147,191,240,304,379,441,533,687,890,1077,1288,1455,1661,1960,2283,2543,2763,2889,2897,2702,2592,2372,2175,1970,1836,1792,1754,1618,1465,1330,1254,1107,996,891,844,835,806,752,750,746,716,713,735,743,726,718,728,718,691,658,649,609,600,604,606,585,567,586,599,603,612,675,716,697,711,705,669,644,601,596,587,569,580,569,554,576,588,572,582,586,585,575,586,600,624,642,641,613,563,554,550,581,592,566,591,626,631,639,676,701,732,754,822,869,883,875,872,866,904,910,861,872,920,913,899,869,915,943,954,952,964,987,990,1054,1033,1070,1117,1119,1205,1222,1227,1145,1092,1055,1044,1029,1054,1007,971,892,802,765,737,727,713,746,708,711,732,760,782,778,799,855,917,973,1054,1055,1069,1071,1034,1027,1028,1071,1142,1206,1317,1375,1386,1403,1438,1499,1554,1619,1747,1889,2093,2213,2256,2355,2399,2358,2252,2130,
1,4,4,4,7,9,17,21,33,36,43,55,73,85,109,147,191,240,304,379,441,533,687,890,1077,1288,1455,1661,1960,2283,2543,2763,2889,2897,2702,2592,2372,2175,1970,1836,1792,1754,1618,1465,1330,1254,1107,996,891,844,835,806,752,750,746,716,713,735,743,726,718,728,718,691,658,649,609,600,604,606,585,567,586,599,603,612,675,716,697,711,705,669,644,601,596,587,569,580,569,554,576,588,572,582,586,585,575,586,600,624,642,641,613,563,554,550,581,592,566,591,626,631,639,676,701,732,754,822,869,883,875,872,866,904,910,861,872,920,913,899,869,915,943,954,952,964,987,990,1054,1033,1070,1117,1119,1205,1222,1227,1145,1092,1055,1044,1029,1054,1007,971,892,802,765,737,727,713,746,708,711,732,760,782,778,799,855,917,973,1054,1055,1069,1071,1034,1027,1028,1071,1142,1206,1317,1375,1386,1403,1438,1499,1554,1619,1747,1889,2093,2213,2256,2355,2399,2358,2252,2130,
1,4,6,10,14,20,19,24,35,43,45,54,72,84,113,146,196,288,337,418,511,635,780,993,1243,1484,1728,2094,2418,2782,2964,3018,3008,3023,2997,2928,2809,2642,2494,2304,2056,1861,1665,1488,1359,1273,1166,1053,964,866,793,725,697,663,616,599,576,554,570,612,649,642,674,676,656,628,633,609,543,523,540,532,604,635,630,637,632,646,632,629,640,635,616,586,579,583,573,576,570,586,587,606,653,706,745,809,807,790,812,818,805,814,793,762,693,713,738,756,731,723,694,729,737,770,747,757,772,792,803,818,807,795,815,867,859,938,1005,1065,1066,1069,1090,1121,1134,1115,1129,1139,1180,1214,1228,1269,1283,1284,1249,1215,1125,1039,987,951,896,863,832,812,794,780,759,768,771,821,909,981,989,1037,1115,1171,1231,1265,1233,1157,1061,932,862,818,816,786,752,733,718,719,754,762,763,813,840,869,908,950,1005,1092,1224,1305,1389,1392,1343,1295,1272,1170,1124,1038,944,
1,4,4,4,8,8,16,22,33,40,42,43,57,73,95,109,133,165,208,275,328,402,534,660,825,1006,1255,1451,1639,1812,1940,2071,2191,2348,2524,2592,2659,2666,2645,2519,2358,2206,2086,1801,1573,1404,1215,1081,950,862,832,814,773,745,759,799,843,824,800,820,820,785,786,762,714,691,651,607,581,588,578,579,621,701,745,815,870,882,943,1026,1083,1086,1064,1022,970,942,891,824,777,801,812,856,885,890,938,977,995,992,1047,1040,1042,1021,1051,1053,1018,1016,1061,1114,1164,1198,1199,1160,1179,1143,1071,1028,999,955,933,1011,1075,1165,1212,1209,1237,1217,1212,1260,1276,1279,1299,1302,1295,1269,1291,1314,1313,1316,1325,1340,1376,1324,1216,1141,1108,1020,935,864,783,726,645,606,572,533,522,526,504,482,479,471,494,485,522,546,593,673,697,718,741,801,838,900,997,1008,1039,1038,1055,1039,1058,1136,1244,1300,1364,1459,1525,1589,1630,1732,1717,1766,1856,1897,1987,2104,2140,2070,1976,1917,1809,
1,3,4,4,6,7,10,16,26,28,32,41,59,77,110,146,193,262,314,440,544,689,811,1010,1175,1409,1641,1838,2106,2214,2322,2406,2408,2405,2235,2130,2049,1998,1960,1955,1847,1709,1576,1389,1242,1109,1045,927,861,831,789,750,715,699,682,667,656,638,651,702,668,676,700,739,739,751,765,792,782,771,752,723,717,684,676,694,683,707,759,785,791,766,743,733,750,759,722,699,726,764,825,837,835,848,822,787,760,747,714,710,711,674,602,585,595,592,579,577,575,572,560,566,587,584,587,622,624,704,732,778,783,791,773,749,789,833,841,824,843,878,933,955,1004,998,990,1000,1028,1021,1056,1031,1033,1010,1034,1015,965,904,873,858,837,793,787,761,773,805,802,817,836,831,818,819,828,824,844,873,940,989,1066,1106,1117,1149,1164,1089,964,898,887,892,866,879,897,949,937,960,1049,1191,1338,1545,1724,1805,1853,1862,1790,1748,1717,1581,1585,1666,1708,1791,1897,
1,3,5,5,7,9,16,22,33,34,33,39,53,67,91,116,151,187,232,291,338,433,536,708,921,1136,1379,1581,1837,2076,2240,2254,2333,2335,2305,2287,2193,2075,2101,2065,1957,1795,1672,1599,1544,1473,1417,1356,1264,1196,1127,1073,1030,988,916,928,903,890,871,810,810,763,718,657,593,545,519,512,489,480,471,476,468,473,455,466,488,475,501,537,583,584,585,581,587,610,582,579,571,538,557,573,588,631,651,712,761,794,784,773,756,774,730,714,733,741,785,801,844,868,816,813,822,827,784,800,814,823,834,908,940,1000,1040,1026,955,983,972,1008,1000,1031,1072,1165,1197,1234,1261,1311,1327,1325,1319,1332,1304,1292,1278,1214,1098,978,887,824,763,735,646,599,531,515,495,475,481,477,490,497,529,544,584,665,704,715,753,830,895,916,859,839,837,805,815,867,896,881,902,923,1013,1092,1200,1302,1385,1497,1557,1629,1586,1578,1600,1682,1717,1747,1699,1591,1464,1365,1210,
1,4,4,5,5,8,11,17,25,32,37,43,62,88,111,131,167,216,277,344,434,549,674,878,1127,1384,1618,1910,2232,2536,2739,2813,2997,3065,3068,3113,2997,2861,2686,2490,2364,2247,2130,1978,1755,1620,1523,1413,1362,1298,1182,1107,1038,995,982,938,916,890,876,879,860,791,743,734,694,666,666,653,641,623,654,679,691,723,738,746,771,781,742,737,787,851,896,982,1029,941,887,830,834,855,852,881,881,885,855,812,783,753,726,640,580,559,547,588,639,689,756,772,774,789,795,842,846,843,849,910,959,1016,1094,1091,1140,1155,1191,1249,1239,1214,1174,1126,1088,1117,1064,1003,956,937,944,946,938,937,995,1070,1086,1158,1239,1310,1277,1149,1004,905,797,762,701,641,588,611,624,637,608,634,681,761,792,804,839,870,937,964,924,898,901,842,844,885,926,943,990,1055,1124,1147,1172,1189,1117,1123,1131,1115,1135,1132,1233,1383,1463,1609,1733,1714,1594,1453,1314,1178,1072,998,948,
1,3,4,6,8,8,12,20,30,37,37,42,55,76,109,147,190,266,348,452,556,663,805,960,1164,1423,1743,2014,2327,2642,2857,3165,3340,3459,3366,3165,2844,2483,2190,1966,1850,1645,1537,1365,1210,1111,1002,906,870,815,759,709,661,612,585,616,593,575,580,571,557,528,502,479,445,433,425,422,418,415,432,456,470,463,469,482,481,488,484,511,520,538,537,529,530,544,542,550,567,579,577,571,555,570,595,644,652,609,581,589,590,634,657,677,692,719,786,867,887,930,917,951,918,865,857,877,841,808,815,828,909,946,941,963,1004,1073,1128,1160,1151,1120,1087,1067,1042,1045,1026,1066,1033,1066,1098,1095,1113,1152,1174,1176,1115,1030,939,852,791,728,703,675,649,594,606,584,556,552,545,569,582,624,698,750,764,737,713,718,733,708,728,777,877,969,1001,1033,1107,1132,1182,1243,1264,1321,1375,1513,1569,1666,1849,1876,1852,1848,1816,1753,1756,1812,1849,2011,2098,2185,2223,
1,3,8,11,14,13,16,25,30,36,40,48,59,76,96,131,178,234,273,347,398,428,518,630,780,984,1208,1359,1524,1699,1848,2017,2170,2302,2462,2669,2769,2617,2335,2095,1838,1607,1425,1251,1072,950,881,817,771,727,723,723,705,698,698,674,622,637,654,698,703,703,727,717,716,720,717,718,708,722,776,787,844,897,922,928,959,1028,1105,1159,1197,1216,1220,1238,1208,1197,1168,1144,1086,1069,1075,1077,1117,1155,1096,1046,978,963,916,908,889,881,824,784,777,740,714,734,723,729,740,779,831,870,883,871,868,824,800,771,753,752,801,841,826,862,892,919,969,1035,1116,1128,1185,1177,1229,1253,1231,1259,1321,1355,1282,1281,1214,1163,1157,1120,1098,1018,912,847,746,671,603,571,575,595,583,546,540,531,547,549,540,523,509,513,494,521,530,590,692,715,747,775,830,879,878,893,879,876,923,942,985,983,1061,1174,1323,1452,1530,1662,1934,2154,2336,2498,2688,2898,3306,3727,4016,
1,3,8,11,14,13,16,25,30,36,40,48,59,76,96,131,178,234,273,347,398,428,518,630,780,984,1208,1359,1524,1699,1848,2017,2170,2302,2462,2669,2769,2617,2335,2095,1838,1607,1425,1251,1072,950,881,817,771,727,723,723,705,698,698,674,622,637,654,698,703,703,727,717,716,720,717,718,708,722,776,787,844,897,922,928,959,1028,1105,1159,1197,1216,1220,1238,1208,1197,1168,1144,1086,1069,1075,1077,1117,1155,1096,1046,978,963,916,908,889,881,824,784,777,740,714,734,723,729,740,779,831,870,883,871,868,824,800,771,753,752,801,841,826,862,892,919,969,1035,1116,1128,1185,1177,1229,1253,1231,1259,1321,1355,1282,1281,1214,1163,1157,1120,1098,1018,912,847,746,671,603,571,575,595,583,546,540,531,547,549,540,523,509,513,494,521,530,590,692,715,747,775,830,879,878,893,879,876,923,942,985,983,1061,1174,1323,1452,1530,1662,1934,2154,2336,2498,2688,2898,3306,3727,4016,
1,4,4,4,5,7,10,15,22,34,39,54,63,81,108,139,180,221,282,334,404,468,572,662,777,916,1058,1198,1456,1634,1750,1886,1994,2108,2193,2237,2221,2183,2075,1979,1899,1814,1742,1672,1616,1574,1586,1533,1495,1419,1348,1206,1090,1051,978,917,899,836,844,810,776,745,744,741,778,749,753,782,821,946,1007,1072,1122,1225,1346,1390,1382,1298,1296,1314,1291,1252,1195,1165,1094,1063,1026,942,827,756,705,689,679,669,655,668,660,708,696,683,699,702,719,759,751,744,726,777,820,862,891,886,931,975,1007,1050,1076,1138,1187,1186,1155,1085,1068,1057,1033,1009,1035,1008,1047,1064,1071,1046,1022,999,976,949,943,914,919,895,859,838,814,809,833,807,799,761,755,732,713,731,723,684,681,660,701,732,790,850,910,967,1052,1129,1208,1264,1289,1304,1331,1420,1446,1545,1540,1484,1441,1452,1450,1404,1419,1444,1459,1504,1525,1565,1615,1676,1719,1774,1822,1796,1778,1754,1769,1773,1733,1871,2012,2057,2017,
1,4,4,4,5,7,10,15,22,34,39,54,63,81,108,139,180,221,282,334,404,468,572,662,777,916,1058,1198,1456,1634,1750,1886,1994,2108,2193,2237,2221,2183,2075,1979,1899,1814,1742,1672,1616,1574,1586,1533,1495,1419,1348,1206,1090,1051,978,917,899,836,844,810,776,745,744,741,778,749,753,782,821,946,1007,1072,1122,1225,1346,1390,1382,1298,1296,1314,1291,1252,1195,1165,1094,1063,1026,942,827,756,705,689,679,669,655,668,660,708,696,683,699,702,719,759,751,744,726,777,820,862,891,886,931,975,1007,1050,1076,1138,1187,1186,1155,1085,1068,1057,1033,1009,1035,1008,1047,1064,1071,1046,1022,999,976,949,943,914,919,895,859,838,814,809,833,807,799,761,755,732,713,731,723,684,681,660,701,732,790,850,910,967,1052,1129,1208,1264,1289,1304,1331,1420,1446,1545,1540,1484,1441,1452,1450,1404,1419,1444,1459,1504,1525,1565,1615,1676,1719,1774,1822,1796,1778,1754,1769,1773,1733,1871,2012,2057,2017,
1,4,4,4,5,7,10,15,22,34,39,54,63,81,108,139,180,221,282,334,404,468,572,662,777,916,1058,1198,1456,1634,1750,1886,1994,2108,2193,2237,2221,2183,2075,1979,1899,1814,1742,1672,1616,1574,1586,1533,1495,1419,1348,1206,1090,1051,978,917,899,836,844,810,776,745,744,741,778,749,753,782,821,946,1007,1072,1122,1225,1346,1390,1382,1298,1296,1314,1291,1252,1195,1165,1094,1063,1026,942,827,756,705,689,679,669,655,668,660,708,696,683,699,702,719,759,751,744,726,777,820,862,891,886,931,975,1007,1050,1076,1138,1187,1186,1155,1085,1068,1057,1033,1009,1035,1008,1047,1064,1071,1046,1022,999,976,949,943,914,919,895,859,838,814,809,833,807,799,761,755,732,713,731,723,684,681,660,701,732,790,850,910,967,1052,1129,1208,1264,1289,1304,1331,1420,1446,1545,1540,1484,1441,1452,1450,1404,1419,1444,1459,1504,1525,1565,1615,1676,1719,1774,1822,1796,1778,1754,1769,1773,1733,1871,2012,2057,2017,
1,4,4,4,5,7,10,15,22,34,39,54,63,81,108,139,180,221,282,334,404,468,572,662,777,916,1058,1198,1456,1634,1750,1886,1994,2108,2193,2237,2221,2183,2075,1979,1899,1814,1742,1672,1616,1574,1586,1533,1495,1419,1348,1206,1090,1051,978,917,899,836,844,810,776,745,744,741,778,749,753,782,821,946,1007,1072,1122,1225,1346,1390,1382,1298,1296,1314,1291,1252,1195,1165,1094,1063,1026,942,827,756,705,689,679,669,655,668,660,708,696,683,699,702,719,759,751,744,726,777,820,862,891,886,931,975,1007,1050,1076,1138,1187,1186,1155,1085,1068,1057,1033,1009,1035,1008,1047,1064,1071,1046,1022,999,976,949,943,914,919,895,859,838,814,809,833,807,799,761,755,732,713,731,723,684,681,660,701,732,790,850,910,967,1052,1129,1208,1264,1289,1304,1331,1420,1446,1545,1540,1484,1441,1452,1450,1404,1419,1444,1459,1504,1525,1565,1615,1676,1719,1774,1822,1796,1778,1754,1769,1773,1733,1871,2012,2057,2017,
1,4,4,4,5,7,10,15,22,34,39,54,63,81,108,139,180,221,282,334,404,468,572,662,777,916,1058,1198,1456,1634,1750,1886,1994,2108,2193,2237,2221,2183,2075,1979,1899,1814,1742,1672,1616,1574,1586,1533,1495,1419,1348,1206,1090,1051,978,917,899,836,844,810,776,745,744,741,778,749,753,782,821,946,1007,1072,1122,1225,1346,1390,1382,1298,1296,1314,1291,1252,1195,1165,1094,1063,1026,942,827,756,705,689,679,669,655,668,660,708,696,683,699,702,719,759,751,744,726,777,820,862,891,886,931,975,1007,1050,1076,1138,1187,1186,1155,1085,1068,1057,1033,1009,1035,1008,1047,1064,1071,1046,1022,999,976,949,943,914,919,895,859,838,814,809,833,807,799,761,755,732,713,731,723,684,681,660,701,732,790,850,910,967,1052,1129,1208,1264,1289,1304,1331,1420,1446,1545,1540,1484,1441,1452,1450,1404,1419,1444,1459,1504,1525,1565,1615,1676,1719,1774,1822,1796,1778,1754,1769,1773,1733,1871,2012,2057,2017,
1,4,4,4,5,7,10,15,22,34,39,54,63,81,108,139,180,221,282,334,404,468,572,662,777,916,1058,1198,1456,1634,1750,1886,1994,2108,2193,2237,2221,2183,2075,1979,1899,1814,1742,1672,1616,1574,1586,1533,1495,1419,1348,1206,1090,1051,978,917,899,836,844,810,776,745,744,741,778,749,753,782,821,946,1007,1072,1122,1225,1346,1390,1382,1298,1296,1314,1291,1252,1195,1165,1094,1063,1026,942,827,756,705,689,679,669,655,668,660,708,696,683,699,702,719,759,751,744,726,777,820,862,891,886,931,975,1007,1050,1076,1138,1187,1186,1155,1085,1068,1057,1033,1009,1035,1008,1047,1064,1071,1046,1022,999,976,949,943,914,919,895,859,838,814,809,833,807,799,761,755,732,713,731,723,684,681,660,701,732,790,850,910,967,1052,1129,1208,1264,1289,1304,1331,1420,1446,1545,1540,1484,1441,1452,1450,1404,1419,1444,1459,1504,1525,1565,1615,1676,1719,1774,1822,1796,1778,1754,1769,1773,1733,1871,2012,2057,2017,
1,4,4,4,5,7,10,15,22,34,39,54,63,81,108,139,180,221,282,334,404,468,572,662,777,916,1058,1198,1456,1634,1750,1886,1994,2108,2193,2237,2221,2183,2075,1979,1899,1814,1742,1672,1616,1574,1586,1533,1495,1419,1348,1206,1090,1051,978,917,899,836,844,810,776,745,744,741,778,749,753,782,821,946,1007,1072,1122,1225,1346,1390,1382,1298,1296,1314,1291,1252,1195,1165,1094,1063,1026,942,827,756,705,689,679,669,655,668,660,708,696,683,699,702,719,759,751,744,726,777,820,862,891,886,931,975,1007,1050,1076,1138,1187,1186,1155,1085,1068,1057,1033,1009,1035,1008,1047,1064,1071,1046,1022,999,976,949,943,914,919,895,859,838,814,809,833,807,799,761,755,732,713,731,723,684,681,660,701,732,790,850,910,967,1052,1129,1208,1264,1289,1304,1331,1420,1446,1545,1540,1484,1441,1452,1450,1404,1419,1444,1459,1504,1525,1565,1615,1676,1719,1774,1822,1796,1778,1754,1769,1773,1733,1871,2012,2057,2017,
1,4,4,4,5,7,10,15,22,34,39,54,63,81,108,139,180,221,282,334,404,468,572,662,777,916,1058,1198,1456,1634,1750,1886,1994,2108,2193,2237,2221,2183,2075,1979,1899,1814,1742,1672,1616,1574,1586,1533,1495,1419,1348,1206,1090,1051,978,917,899,836,844,810,776,745,744,741,778,749,753,782,821,946,1007,1072,1122,1225,1346,1390,1382,1298,1296,1314,1291,1252,1195,1165,1094,1063,1026,942,827,756,705,689,679,669,655,668,660,708,696,683,699,702,719,759,751,744,726,777,820,862,891,886,931,975,1007,1050,1076,1138,1187,1186,1155,1085,1068,1057,1033,1009,1035,1008,1047,1064,1071,1046,1022,999,976,949,943,914,919,895,859,838,814,809,833,807,799,761,755,732,713,731,723,684,681,660,701,732,790,850,910,967,1052,1129,1208,1264,1289,1304,1331,1420,1446,1545,1540,1484,1441,1452,1450,1404,1419,1444,1459,1504,1525,1565,1615,1676,1719,1774,1822,1796,1778,1754,1769,1773,1733,1871,2012,2057,2017,
1,4,4,4,5,7,10,15,22,34,39,54,63,81,108,139,180,221,282,334,404,468,572,662,777,916,1058,1198,1456,1634,1750,1886,1994,2108,2193,2237,2221,2183,2075,1979,1899,1814,1742,1672,1616,1574,1586,1533,1495,1419,1348,1206,1090,1051,978,917,899,836,844,810,776,745,744,741,778,749,753,782,821,946,1007,1072,1122,1225,1346,1390,1382,1298,1296,1314,1291,1252,1195,1165,1094,1063,1026,942,827,756,705,689,679,669,655,668,660,708,696,683,699,702,719,759,751,744,726,777,820,862,891,886,931,975,1007,1050,1076,1138,1187,1186,1155,1085,1068,1057,1033,1009,1035,1008,1047,1064,1071,1046,1022,999,976,949,943,914,919,895,859,838,814,809,833,807,799,761,755,732,713,731,723,684,681,660,701,732,790,850,910,967,1052,1129,1208,1264,1289,1304,1331,1420,1446,1545,1540,1484,1441,1452,1450,1404,1419,1444,1459,1504,1525,1565,1615,1676,1719,1774,1822,1796,1778,1754,1769,1773,1733,1871,2012,2057,2017,
1,4,4,4,5,7,10,15,22,34,39,54,63,81,108,139,180,221,282,334,404,468,572,662,777,916,1058,1198,1456,1634,1750,1886,1994,2108,2193,2237,2221,2183,2075,1979,1899,1814,1742,1672,1616,1574,1586,1533,1495,1419,1348,1206,1090,1051,978,917,899,836,844,810,776,745,744,741,778,749,753,782,821,946,1007,1072,1122,1225,1346,1390,1382,1298,1296,1314,1291,1252,1195,1165,1094,1063,1026,942,827,756,705,689,679,669,655,668,660,708,696,683,699,702,719,759,751,744,726,777,820,862,891,886,931,975,1007,1050,1076,1138,1187,1186,1155,1085,1068,1057,1033,1009,1035,1008,1047,1064,1071,1046,1022,999,976,949,943,914,919,895,859,838,814,809,833,807,799,761,755,732,713,731,723,684,681,660,701,732,790,850,910,967,1052,1129,1208,1264,1289,1304,1331,1420,1446,1545,1540,1484,1441,1452,1450,1404,1419,1444,1459,1504,1525,1565,1615,1676,1719,1774,1822,1796,1778,1754,1769,1773,1733,1871,2012,2057,2017,
1,4,4,4,5,7,10,15,22,34,39,54,63,81,108,139,180,221,282,334,404,468,572,662,777,916,1058,1198,1456,1634,1750,1886,1994,2108,2193,2237,2221,2183,2075,1979,1899,1814,1742,1672,1616,1574,1586,1533,1495,1419,1348,1206,1090,1051,978,917,899,836,844,810,776,745,744,741,778,749,753,782,821,946,1007,1072,1122,1225,1346,1390,1382,1298,1296,1314,1291,1252,1195,1165,1094,1063,1026,942,827,756,705,689,679,669,655,668,660,708,696,683,699,702,719,759,751,744,726,777,820,862,891,886,931,975,1007,1050,1076,1138,1187,1186,1155,1085,1068,1057,1033,1009,1035,1008,1047,1064,1071,1046,1022,999,976,949,943,914,919,895,859,838,814,809,833,807,799,761,755,732,713,731,723,684,681,660,701,732,790,850,910,967,1052,1129,1208,1264,1289,1304,1331,1420,1446,1545,1540,1484,1441,1452,1450,1404,1419,1444,1459,1504,1525,1565,1615,1676,1719,1774,1822,1796,1778,1754,1769,1773,1733,1871,2012,2057,2017,
1,3,4,5,7,7,10,16,27,34,41,54,65,71,90,109,148,191,262,309,432,557,753,909,1114,1256,1356,1502,1761,2005,2197,2326,2533,2494,2375,2222,2118,2002,1860,1678,1538,1437,1371,1291,1264,1134,996,845,770,720,695,715,692,739,741,756,807,806,778,757,748,736,714,677,697,718,741,725,717,721,703,692,637,606,573,552,540,551,552,572,599,619,611,588,587,578,529,513,514,511,502,507,505,511,519,537,556,573,569,601,629,676,689,698,687,726,747,787,814,813,774,741,714,717,669,677,694,718,748,770,799,785,773,762,799,841,834,825,823,831,824,833,853,858,849,846,774,784,746,766,731,799,886,954,931,942,940,920,893,828,730,685,621,553,505,485,460,431,453,485,494,516,574,618,658,702,734,751,756,738,737,729,748,782,777,758,780,838,913,972,1038,1059,1056,1139,1206,1296,1403,1525,1610,1719,1896,2001,2167,2253,2419,2598,2849,3055,3448,
1,3,4,5,7,7,10,16,27,34,41,54,65,71,90,109,148,191,262,309,432,557,753,909,1114,1256,1356,1502,1761,2005,2197,2326,2533,2494,2375,2222,2118,2002,1860,1678,1538,1437,1371,1291,1264,1134,996,845,770,720,695,715,692,739,741,756,807,806,778,757,748,736,714,677,697,718,741,725,717,721,703,692,637,606,573,552,540,551,552,572,599,619,611,588,587,578,529,513,514,511,502,507,505,511,519,537,556,573,569,601,629,676,689,698,687,726,747,787,814,813,774,741,714,717,669,677,694,718,748,770,799,785,773,762,799,841,834,825,823,831,824,833,853,858,849,846,774,784,746,766,731,799,886,954,931,942,940,920,893,828,730,685,621,553,505,485,460,431,453,485,494,516,574,618,658,702,734,751,756,738,737,729,748,782,777,758,780,838,913,972,1038,1059,1056,1139,1206,1296,1403,1525,1610,1719,1896,2001,2167,2253,2419,2598,2849,3055,3448,
1,3,4,5,7,7,10,16,27,34,41,54,65,71,90,109,148,191,262,309,432,557,753,909,1114,1256,1356,1502,1761,2005,2197,2326,2533,2494,2375,2222,2118,2002,1860,1678,1538,1437,1371,1291,1264,1134,996,845,770,720,695,715,692,739,741,756,807,806,778,757,748,736,714,677,697,718,741,725,717,721,703,692,637,606,573,552,540,551,552,572,599,619,611,588,587,578,529,513,514,511,502,507,505,511,519,537,556,573,569,601,629,676,689,698,687,726,747,787,814,813,774,741,714,717,669,677,694,718,748,770,799,785,773,762,799,841,834,825,823,831,824,833,853,858,849,846,774,784,746,766,731,799,886,954,931,942,940,920,893,828,730,685,621,553,505,485,460,431,453,485,494,516,574,618,658,702,734,751,756,738,737,729,748,782,777,758,780,838,913,972,1038,1059,1056,1139,1206,1296,1403,1525,1610,1719,1896,2001,2167,2253,2419,2598,2849,3055,3448,
1,3,4,5,7,7,10,16,27,34,41,54,65,71,90,109,148,191,262,309,432,557,753,909,1114,1256,1356,1502,1761,2005,2197,2326,2533,2494,2375,2222,2118,2002,1860,1678,1538,1437,1371,1291,1264,1134,996,845,770,720,695,715,692,739,741,756,807,806,778,757,748,736,714,677,697,718,741,725,717,721,703,692,637,606,573,552,540,551,552,572,599,619,611,588,587,578,529,513,514,511,502,507,505,511,519,537,556,573,569,601,629,676,689,698,687,726,747,787,814,813,774,741,714,717,669,677,694,718,748,770,799,785,773,762,799,841,834,825,823,831,824,833,853,858,849,846,774,784,746,766,731,799,886,954,931,942,940,920,893,828,730,685,621,553,505,485,460,431,453,485,494,516,574,618,658,702,734,751,756,738,737,729,748,782,777,758,780,838,913,972,1038,1059,1056,1139,1206,1296,1403,1525,1610,1719,1896,2001,2167,2253,2419,2598,2849,3055,3448,
1,3,4,5,7,7,10,16,27,34,41,54,65,71,90,109,148,191,262,309,432,557,753,909,1114,1256,1356,1502,1761,2005,2197,2326,2533,2494,2375,2222,2118,2002,1860,1678,1538,1437,1371,1291,1264,1134,996,845,770,720,695,715,692,739,741,756,807,806,778,757,748,736,714,677,697,718,741,725,717,721,703,692,637,606,573,552,540,551,552,572,599,619,611,588,587,578,529,513,514,511,502,507,505,511,519,537,556,573,569,601,629,676,689,698,687,726,747,787,814,813,774,741,714,717,669,677,694,718,748,770,799,785,773,762,799,841,834,825,823,831,824,833,853,858,849,846,774,784,746,766,731,799,886,954,931,942,940,920,893,828,730,685,621,553,505,485,460,431,453,485,494,516,574,618,658,702,734,751,756,738,737,729,748,782,777,758,780,838,913,972,1038,1059,1056,1139,1206,1296,1403,1525,1610,1719,1896,2001,2167,2253,2419,2598,2849,3055,3448,
1,3,4,5,7,7,10,16,27,34,41,54,65,71,90,109,148,191,262,309,432,557,753,909,1114,1256,1356,1502,1761,2005,2197,2326,2533,2494,2375,2222,2118,2002,1860,1678,1538,1437,1371,1291,1264,1134,996,845,770,720,695,715,692,739,741,756,807,806,778,757,748,736,714,677,697,718,741,725,717,721,703,692,637,606,573,552,540,551,552,572,599,619,611,588,587,578,529,513,514,511,502,507,505,511,519,537,556,573,569,601,629,676,689,698,687,726,747,787,814,813,774,741,714,717,669,677,694,718,748,770,799,785,773,762,799,841,834,825,823,831,824,833,853,858,849,846,774,784,746,766,731,799,886,954,931,942,940,920,893,828,730,685,621,553,505,485,460,431,453,485,494,516,574,618,658,702,734,751,756,738,737,729,748,782,777,758,780,838,913,972,1038,1059,1056,1139,1206,1296,1403,1525,1610,1719,1896,2001,2167,2253,2419,2598,2849,3055,3448,
1,3,4,5,7,7,10,16,27,34,41,54,65,71,90,109,148,191,262,309,432,557,753,909,1114,1256,1356,1502,1761,2005,2197,2326,2533,2494,2375,2222,2118,2002,1860,1678,1538,1437,1371,1291,1264,1134,996,845,770,720,695,715,692,739,741,756,807,806,778,757,748,736,714,677,697,718,741,725,717,721,703,692,637,606,573,552,540,551,552,572,599,619,611,588,587,578,529,513,514,511,502,507,505,511,519,537,556,573,569,601,629,676,689,698,687,726,747,787,814,813,774,741,714,717,669,677,694,718,748,770,799,785,773,762,799,841,834,825,823,831,824,833,853,858,849,846,774,784,746,766,731,799,886,954,931,942,940,920,893,828,730,685,621,553,505,485,460,431,453,485,494,516,574,618,658,702,734,751,756,738,737,729,748,782,777,758,780,838,913,972,1038,1059,1056,1139,1206,1296,1403,1525,1610,1719,1896,2001,2167,2253,2419,2598,2849,3055,3448,
1,3,4,5,7,7,10,16,27,34,41,54,65,71,90,109,148,191,262,309,432,557,753,909,1114,1256,1356,1502,1761,2005,2197,2326,2533,2494,2375,2222,2118,2002,1860,1678,1538,1437,1371,1291,1264,1134,996,845,770,720,695,715,692,739,741,756,807,806,778,757,748,736,714,677,697,718,741,725,717,721,703,692,637,606,573,552,540,551,552,572,599,619,611,588,587,578,529,513,514,511,502,507,505,511,519,537,556,573,569,601,629,676,689,698,687,726,747,787,814,813,774,741,714,717,669,677,694,718,748,770,799,785,773,762,799,841,834,825,823,831,824,833,853,858,849,846,774,784,746,766,731,799,886,954,931,942,940,920,893,828,730,685,621,553,505,485,460,431,453,485,494,516,574,618,658,702,734,751,756,738,737,729,748,782,777,758,780,838,913,972,1038,1059,1056,1139,1206,1296,1403,1525,1610,1719,1896,2001,2167,2253,2419,2598,2849,3055,3448,
1,3,4,5,7,7,10,16,27,34,41,54,65,71,90,109,148,191,262,309,432,557,753,909,1114,1256,1356,1502,1761,2005,2197,2326,2533,2494,2375,2222,2118,2002,1860,1678,1538,1437,1371,1291,1264,1134,996,845,770,720,695,715,692,739,741,756,807,806,778,757,748,736,714,677,697,718,741,725,717,721,703,692,637,606,573,552,540,551,552,572,599,619,611,588,587,578,529,513,514,511,502,507,505,511,519,537,556,573,569,601,629,676,689,698,687,726,747,787,814,813,774,741,714,717,669,677,694,718,748,770,799,785,773,762,799,841,834,825,823,831,824,833,853,858,849,846,774,784,746,766,731,799,886,954,931,942,940,920,893,828,730,685,621,553,505,485,460,431,453,485,494,516,574,618,658,702,734,751,756,738,737,729,748,782,777,758,780,838,913,972,1038,1059,1056,1139,1206,1296,1403,1525,1610,1719,1896,2001,2167,2253,2419,2598,2849,3055,3448,
1,3,4,4,7,8,12,19,28,38,44,57,77,92,131,160,219,288,351,452,525,611,738,899,1054,1197,1313,1411,1574,1779,2028,2130,2212,2389,2457,2500,2436,2383,2225,2100,1931,1731,1601,1381,1218,1054,925,812,761,701,621,582,574,539,519,495,468,486,522,562,551,557,575,606,580,588,589,614,587,568,567,569,596,636,633,620,629,623,637,668,713,754,768,816,844,840,817,813,759,747,711,750,778,866,973,1034,1043,1042,1039,1043,1007,990,935,916,856,856,865,810,816,799,802,784,767,749,763,755,755,734,691,658,630,600,605,641,651,719,762,800,820,901,945,942,953,927,899,890,876,833,831,823,820,787,730,752,744,754,723,668,646,629,586,553,546,534,531,542,587,648,694,732,759,759,743,720,679,668,652,620,580,547,554,584,560,556,549,529,529,553,632,726,798,892,997,1098,1262,1383,1485,1613,1743,1782,1778,1777,1799,1730,1612,1529,1447,1382,1341,
1,3,4,4,7,8,12,19,28,38,44,57,77,92,131,160,219,288,351,452,525,611,738,899,1054,1197,1313,1411,1574,1779,2028,2130,2212,2389,2457,2500,2436,2383,2225,2100,1931,1731,1601,1381,1218,1054,925,812,761,701,621,582,574,539,519,495,468,486,522,562,551,557,575,606,580,588,589,614,587,568,567,569,596,636,633,620,629,623,637,668,713,754,768,816,844,840,817,813,759,747,711,750,778,866,973,1034,1043,1042,1039,1043,1007,990,935,916,856,856,865,810,816,799,802,784,767,749,763,755,755,734,691,658,630,600,605,641,651,719,762,800,820,901,945,942,953,927,899,890,876,833,831,823,820,787,730,752,744,754,723,668,646,629,586,553,546,534,531,542,587,648,694,732,759,759,743,720,679,668,652,620,580,547,554,584,560,556,549,529,529,553,632,726,798,892,997,1098,1262,1383,1485,1613,1743,1782,1778,1777,1799,1730,1612,1529,1447,1382,1341,
1,3,4,4,7,8,12,19,28,38,44,57,77,92,131,160,219,288,351,452,525,611,738,899,1054,1197,1313,1411,1574,1779,2028,2130,2212,2389,2457,2500,2436,2383,2225,2100,1931,1731,1601,1381,1218,1054,925,812,761,701,621,582,574,539,519,495,468,486,522,562,551,557,575,606,580,588,589,614,587,568,567,569,596,636,633,620,629,623,637,668,713,754,768,816,844,840,817,813,759,747,711,750,778,866,973,1034,1043,1042,1039,1043,1007,990,935,916,856,856,865,810,816,799,802,784,767,749,763,755,755,734,691,658,630,600,605,641,651,719,762,800,820,901,945,942,953,927,899,890,876,833,831,823,820,787,730,752,744,754,723,668,646,629,586,553,546,534,531,542,587,648,694,732,759,759,743,720,679,668,652,620,580,547,554,584,560,556,549,529,529,553,632,726,798,892,997,1098,1262,1383,1485,1613,1743,1782,1778,1777,1799,1730,1612,1529,1447,1382,1341,
1,4,7,8,10,11,14,19,27,31,36,40,53,66,88,125,178,247,294,391,466,572,721,847,1074,1320,1606,1825,2076,2417,2676,2825,2886,3076,3123,3101,2945,2799,2536,2266,2157,1989,1835,1609,1419,1273,1109,988,879,777,702,645,623,621,607,611,600,573,575,577,580,586,609,644,635,595,600,602,580,584,581,589,591,563,606,637,669,653,671,678,705,750,804,861,843,797,767,760,744,725,734,780,826,860,904,938,944,960,1006,982,1036,1025,980,964,965,984,969,980,965,927,955,970,1001,1028,1033,1063,1026,1051,1130,1153,1134,1075,1070,1059,1028,1057,1071,1074,1017,996,1000,992,977,1018,1074,1120,1162,1180,1173,1102,1034,967,890,826,797,760,742,740,767,785,795,818,775,754,741,761,729,751,756,747,745,781,831,888,948,957,963,975,958,968,1016,1045,1084,1085,1078,1069,1001,940,929,915,926,955,974,1005,1101,1220,1355,1419,1494,1652,1738,1905,2011,2046,2173,2294,2412,2520,2651,
1,3,3,3,5,9,16,21,32,35,37,52,65,82,108,155,205,243,300,380,473,537,617,736,864,1020,1177,1303,1482,1683,1837,1896,1923,2051,2148,2158,2153,2184,2129,1992,1803,1639,1487,1352,1224,1130,996,869,787,709,611,579,533,524,508,500,515,517,511,526,543,573,614,594,591,589,577,597,649,701,749,780,766,750,754,750,737,739,731,698,690,681,639,664,671,674,656,654,680,695,701,732,767,787,840,802,777,762,738,704,689,653,620,624,631,643,673,703,710,675,701,692,734,754,783,790,888,932,1039,1135,1204,1226,1256,1286,1217,1130,1076,1082,1058,1079,1049,1001,927,894,855,870,850,879,916,950,981,987,1036,1079,1085,1090,994,923,925,894,884,833,768,764,745,748,777,771,771,790,799,799,795,807,794,824,824,826,824,859,907,965,1029,1024,997,1057,1116,1103,1105,1176,1230,1258,1306,1388,1506,1593,1658,1708,1741,1843,1813,1776,1837,1895,1909,1997,2081,2272,2411,
1,3,3,3,5,9,16,21,32,35,37,52,65,82,108,155,205,243,300,380,473,537,617,736,864,1020,1177,1303,1482,1683,1837,1896,1923,2051,2148,2158,2153,2184,2129,1992,1803,1639,1487,1352,1224,1130,996,869,787,709,611,579,533,524,508,500,515,517,511,526,543,573,614,594,591,589,577,597,649,701,749,780,766,750,754,750,737,739,731,698,690,681,639,664,671,674,656,654,680,695,701,732,767,787,840,802,777,762,738,704,689,653,620,624,631,643,673,703,710,675,701,692,734,754,783,790,888,932,1039,1135,1204,1226,1256,1286,1217,1130,1076,1082,1058,1079,1049,1001,927,894,855,870,850,879,916,950,981,987,1036,1079,1085,1090,994,923,925,894,884,833,768,764,745,748,777,771,771,790,799,799,795,807,794,824,824,826,824,859,907,965,1029,1024,997,1057,1116,1103,1105,1176,1230,1258,1306,1388,1506,1593,1658,1708,1741,1843,1813,1776,1837,1895,1909,1997,2081,2272,2411,
1,3,3,3,5,9,16,21,32,35,37,52,65,82,108,155,205,243,300,380,473,537,617,736,864,1020,1177,1303,1482,1683,1837,1896,1923,2051,2148,2158,2153,2184,2129,1992,1803,1639,1487,1352,1224,1130,996,869,787,709,611,579,533,524,508,500,515,517,511,526,543,573,614,594,591,589,577,597,649,701,749,780,766,750,754,750,737,739,731,698,690,681,639,664,671,674,656,654,680,695,701,732,767,787,840,802,777,762,738,704,689,653,620,624,631,643,673,703,710,675,701,692,734,754,783,790,888,932,1039,1135,1204,1226,1256,1286,1217,1130,1076,1082,1058,1079,1049,1001,927,894,855,870,850,879,916,950,981,987,1036,1079,1085,1090,994,923,925,894,884,833,768,764,745,748,777,771,771,790,799,799,795,807,794,824,824,826,824,859,907,965,1029,1024,997,1057,1116,1103,1105,1176,1230,1258,1306,1388,1506,1593,1658,1708,1741,1843,1813,1776,1837,1895,1909,1997,2081,2272,2411,
1,3,3,3,5,9,16,21,32,35,37,52,65,82,108,155,205,243,300,380,473,537,617,736,864,1020,1177,1303,1482,1683,1837,1896,1923,2051,2148,2158,2153,2184,2129,1992,1803,1639,1487,1352,1224,1130,996,869,787,709,611,579,533,524,508,500,515,517,511,526,543,573,614,594,591,589,577,597,649,701,749,780,766,750,754,750,737,739,731,698,690,681,639,664,671,674,656,654,680,695,701,732,767,787,840,802,777,762,738,704,689,653,620,624,631,643,673,703,710,675,701,692,734,754,783,790,888,932,1039,1135,1204,1226,1256,1286,1217,1130,1076,1082,1058,1079,1049,1001,927,894,855,870,850,879,916,950,981,987,1036,1079,1085,1090,994,923,925,894,884,833,768,764,745,748,777,771,771,790,799,799,795,807,794,824,824,826,824,859,907,965,1029,1024,997,1057,1116,1103,1105,1176,1230,1258,1306,1388,1506,1593,1658,1708,1741,1843,1813,1776,1837,1895,1909,1997,2081,2272,2411,
1,5,6,6,9,11,19,29,40,45,45,56,75,91,126,156,212,271,322,406,504,607,755,860,940,1010,1147,1335,1480,1667,1792,1941,1981,1947,1939,1969,2045,2054,1997,1933,1895,1787,1680,1532,1380,1206,1047,908,855,799,755,729,720,711,676,639,646,653,627,674,650,648,640,613,623,623,658,643,604,604,614,614,629,625,603,612,615,617,637,676,727,701,680,688,638,632,641,644,652,642,676,691,736,718,678,687,705,745,748,763,744,732,754,783,808,815,849,855,869,856,842,884,902,907,895,884,838,819,804,783,763,745,737,742,745,769,753,781,782,795,806,808,804,838,895,967,1014,996,955,937,929,913,931,979,1013,984,932,918,910,925,869,847,800,763,715,730,744,740,759,812,828,831,909,967,995,989,987,948,864,815,778,808,797,825,865,894,897,913,965,1012,1086,1232,1382,1506,1687,1916,2128,2290,2286,2338,2469,2581,2607,2854,3121,3389,3836,4387,4892,
1,5,6,6,9,11,19,29,40,45,45,56,75,91,126,156,212,271,322,406,504,607,755,860,940,1010,1147,1335,1480,1667,1792,1941,1981,1947,1939,1969,2045,2054,1997,1933,1895,1787,1680,1532,1380,1206,1047,908,855,799,755,729,720,711,676,639,646,653,627,674,650,648,640,613,623,623,658,643,604,604,614,614,629,625,603,612,615,617,637,676,727,701,680,688,638,632,641,644,652,642,676,691,736,718,678,687,705,745,748,763,744,732,754,783,808,815,849,855,869,856,842,884,902,907,895,884,838,819,804,783,763,745,737,742,745,769,753,781,782,795,806,808,804,838,895,967,1014,996,955,937,929,913,931,979,1013,984,932,918,910,925,869,847,800,763,715,730,744,740,759,812,828,831,909,967,995,989,987,948,864,815,778,808,797,825,865,894,897,913,965,1012,1086,1232,1382,1506,1687,1916,2128,2290,2286,2338,2469,2581,2607,2854,3121,3389,3836,4387,4892,
1,5,6,6,9,11,19,29,40,45,45,56,75,91,126,156,212,271,322,406,504,607,755,860,940,1010,1147,1335,1480,1667,1792,1941,1981,1947,1939,1969,2045,2054,1997,1933,1895,1787,1680,1532,1380,1206,1047,908,855,799,755,729,720,711,676,639,646,653,627,674,650,648,640,613,623,623,658,643,604,604,614,614,629,625,603,612,615,617,637,676,727,701,680,688,638,632,641,644,652,642,676,691,736,718,678,687,705,745,748,763,744,732,754,783,808,815,849,855,869,856,842,884,902,907,895,884,838,819,804,783,763,745,737,742,745,769,753,781,782,795,806,808,804,838,895,967,1014,996,955,937,929,913,931,979,1013,984,932,918,910,925,869,847,800,763,715,730,744,740,759,812,828,831,909,967,995,989,987,948,864,815,778,808,797,825,865,894,897,913,965,1012,1086,1232,1382,1506,1687,1916,2128,2290,2286,2338,2469,2581,2607,2854,3121,3389,3836,4387,4892,
1,5,6,6,9,11,19,29,40,45,45,56,75,91,126,156,212,271,322,406,504,607,755,860,940,1010,1147,1335,1480,1667,1792,1941,1981,1947,1939,1969,2045,2054,1997,1933,1895,1787,1680,1532,1380,1206,1047,908,855,799,755,729,720,711,676,639,646,653,627,674,650,648,640,613,623,623,658,643,604,604,614,614,629,625,603,612,615,617,637,676,727,701,680,688,638,632,641,644,652,642,676,691,736,718,678,687,705,745,748,763,744,732,754,783,808,815,849,855,869,856,842,884,902,907,895,884,838,819,804,783,763,745,737,742,745,769,753,781,782,795,806,808,804,838,895,967,1014,996,955,937,929,913,931,979,1013,984,932,918,910,925,869,847,800,763,715,730,744,740,759,812,828,831,909,967,995,989,987,948,864,815,778,808,797,825,865,894,897,913,965,1012,1086,1232,1382,1506,1687,1916,2128,2290,2286,2338,2469,2581,2607,2854,3121,3389,3836,4387,4892,
1,5,6,6,9,11,19,29,40,45,45,56,75,91,126,156,212,271,322,406,504,607,755,860,940,1010,1147,1335,1480,1667,1792,1941,1981,1947,1939,1969,2045,2054,1997,1933,1895,1787,1680,1532,1380,1206,1047,908,855,799,755,729,720,711,676,639,646,653,627,674,650,648,640,613,623,623,658,643,604,604,614,614,629,625,603,612,615,617,637,676,727,701,680,688,638,632,641,644,652,642,676,691,736,718,678,687,705,745,748,763,744,732,754,783,808,815,849,855,869,856,842,884,902,907,895,884,838,819,804,783,763,745,737,742,745,769,753,781,782,795,806,808,804,838,895,967,1014,996,955,937,929,913,931,979,1013,984,932,918,910,925,869,847,800,763,715,730,744,740,759,812,828,831,909,967,995,989,987,948,864,815,778,808,797,825,865,894,897,913,965,1012,1086,1232,1382,1506,1687,1916,2128,2290,2286,2338,2469,2581,2607,2854,3121,3389,3836,4387,4892,
1,3,5,6,6,9,15,21,31,33,37,44,56,76,102,144,184,250,305,382,455,559,705,890,1109,1354,1602,1889,2276,2614,2759,2729,2689,2642,2551,2409,2372,2155,2012,1948,1738,1578,1422,1262,1101,997,944,861,830,815,804,777,762,754,756,755,744,739,729,728,726,739,690,628,583,577,567,560,561,566,578,588,605,630,665,659,657,638,634,671,694,717,721,755,801,868,909,941,916,872,874,911,932,928,949,944,917,944,899,890,871,873,834,832,811,771,783,794,802,810,811,788,767,766,803,823,829,809,823,823,784,764,759,789,831,892,975,1060,1193,1247,1310,1393,1417,1352,1397,1446,1528,1520,1517,1511,1424,1365,1241,1176,1115,1013,963,947,893,874,896,873,833,779,731,741,799,814,859,918,1017,1112,1151,1163,1184,1198,1139,1086,992,945,909,955,947,903,901,916,896,899,919,939,968,996,1012,1080,1106,1160,1267,1325,1428,1504,1581,1661,1789,1889,1974,2109,2223,2411,2551,
1,3,5,6,6,9,15,21,31,33,37,44,56,76,102,144,184,250,305,382,455,559,705,890,1109,1354,1602,1889,2276,2614,2759,2729,2689,2642,2551,2409,2372,2155,2012,1948,1738,1578,1422,1262,1101,997,944,861,830,815,804,777,762,754,756,755,744,739,729,728,726,739,690,628,583,577,567,560,561,566,578,588,605,630,665,659,657,638,634,671,694,717,721,755,801,868,909,941,916,872,874,911,932,928,949,944,917,944,899,890,871,873,834,832,811,771,783,794,802,810,811,788,767,766,803,823,829,809,823,823,784,764,759,789,831,892,975,1060,1193,1247,1310,1393,1417,1352,1397,1446,1528,1520,1517,1511,1424,1365,1241,1176,1115,1013,963,947,893,874,896,873,833,779,731,741,799,814,859,918,1017,1112,1151,1163,1184,1198,1139,1086,992,945,909,955,947,903,901,916,896,899,919,939,968,996,1012,1080,1106,1160,1267,1325,1428,1504,1581,1661,1789,1889,1974,2109,2223,2411,2551,
1,3,5,6,6,9,15,21,31,33,37,44,56,76,102,144,184,250,305,382,455,559,705,890,1109,1354,1602,1889,2276,2614,2759,2729,2689,2642,2551,2409,2372,2155,2012,1948,1738,1578,1422,1262,1101,997,944,861,830,815,804,777,762,754,756,755,744,739,729,728,726,739,690,628,583,577,567,560,561,566,578,588,605,630,665,659,657,638,634,671,694,717,721,755,801,868,909,941,916,872,874,911,932,928,949,944,917,944,899,890,871,873,834,832,811,771,783,794,802,810,811,788,767,766,803,823,829,809,823,823,784,764,759,789,831,892,975,1060,1193,1247,1310,1393,1417,1352,1397,1446,1528,1520,1517,1511,1424,1365,1241,1176,1115,1013,963,947,893,874,896,873,833,779,731,741,799,814,859,918,1017,1112,1151,1163,1184,1198,1139,1086,992,945,909,955,947,903,901,916,896,899,919,939,968,996,1012,1080,1106,1160,1267,1325,1428,1504,1581,1661,1789,1889,1974,2109,2223,2411,2551,
1,3,5,6,6,9,15,21,31,33,37,44,56,76,102,144,184,250,305,382,455,559,705,890,1109,1354,1602,1889,2276,2614,2759,2729,2689,2642,2551,2409,2372,2155,2012,1948,1738,1578,1422,1262,1101,997,944,861,830,815,804,777,762,754,756,755,744,739,729,728,726,739,690,628,583,577,567,560,561,566,578,588,605,630,665,659,657,638,634,671,694,717,721,755,801,868,909,941,916,872,874,911,932,928,949,944,917,944,899,890,871,873,834,832,811,771,783,794,802,810,811,788,767,766,803,823,829,809,823,823,784,764,759,789,831,892,975,1060,1193,1247,1310,1393,1417,1352,1397,1446,1528,1520,1517,1511,1424,1365,1241,1176,1115,1013,963,947,893,874,896,873,833,779,731,741,799,814,859,918,1017,1112,1151,1163,1184,1198,1139,1086,992,945,909,955,947,903,901,916,896,899,919,939,968,996,1012,1080,1106,1160,1267,1325,1428,1504,1581,1661,1789,1889,1974,2109,2223,2411,2551,
1,3,5,6,6,9,15,21,31,33,37,44,56,76,102,144,184,250,305,382,455,559,705,890,1109,1354,1602,1889,2276,2614,2759,2729,2689,2642,2551,2409,2372,2155,2012,1948,1738,1578,1422,1262,1101,997,944,861,830,815,804,777,762,754,756,755,744,739,729,728,726,739,690,628,583,577,567,560,561,566,578,588,605,630,665,659,657,638,634,671,694,717,721,755,801,868,909,941,916,872,874,911,932,928,949,944,917,944,899,890,871,873,834,832,811,771,783,794,802,810,811,788,767,766,803,823,829,809,823,823,784,764,759,789,831,892,975,1060,1193,1247,1310,1393,1417,1352,1397,1446,1528,1520,1517,1511,1424,1365,1241,1176,1115,1013,963,947,893,874,896,873,833,779,731,741,799,814,859,918,1017,1112,1151,1163,1184,1198,1139,1086,992,945,909,955,947,903,901,916,896,899,919,939,968,996,1012,1080,1106,1160,1267,1325,1428,1504,1581,1661,1789,1889,1974,2109,2223,2411,2551,
1,3,4,7,8,9,17,18,31,36,39,46,61,69,104,126,177,243,318,401,495,593,743,923,1111,1316,1581,1860,2127,2335,2423,2459,2548,2621,2557,2462,2453,2466,2271,2149,2022,1925,1813,1767,1699,1655,1554,1437,1285,1151,1019,888,742,691,653,581,520,489,474,446,448,439,421,401,416,441,467,484,489,520,549,588,646,645,652,692,680,714,728,756,780,769,786,768,755,775,758,763,759,781,836,872,894,928,921,873,871,805,743,723,687,657,627,644,650,607,564,588,620,674,733,810,919,1020,1047,1097,1106,1165,1205,1239,1306,1315,1405,1485,1500,1475,1459,1355,1302,1223,1167,1095,1062,1087,1096,1095,1063,1069,1049,1055,1060,1128,1127,1079,1047,997,859,772,721,660,617,597,586,564,569,562,578,613,659,652,731,823,866,869,915,878,902,941,1016,1093,1161,1205,1259,1328,1359,1461,1490,1502,1497,1476,1516,1558,1555,1593,1671,1807,1931,2136,2291,2258,2208,2032,1855,1777,1727,1650,1585,1620,1671,
1,3,5,6,8,11,16,23,39,45,48,54,74,100,125,156,238,292,351,439,544,683,856,1058,1295,1501,1769,2015,2269,2467,2532,2565,2644,2653,2437,2222,2065,1972,1920,1848,1662,1512,1401,1252,1132,1099,1011,997,993,933,876,836,852,794,710,662,674,676,643,640,650,633,591,557,557,558,546,540,488,498,523,548,592,619,635,649,695,721,751,786,817,818,792,773,783,760,760,760,746,724,764,801,785,817,813,826,799,772,715,678,648,632,645,671,667,651,661,696,758,801,862,932,954,985,1013,1084,1111,1105,1104,1051,986,980,934,903,875,889,917,898,895,910,921,887,859,846,921,1015,1019,1028,1031,1069,1073,1056,1052,1100,1120,1071,1011,954,932,868,855,801,786,754,756,774,750,671,580,548,521,539,537,524,503,504,530,530,520,513,508,526,585,641,684,702,693,666,650,670,725,820,963,1064,1217,1344,1552,1649,1653,1665,1703,1759,1850,1927,2038,2095,2251,2334,2549,
1,4,4,5,6,8,12,22,36,41,56,70,71,95,122,149,185,229,252,350,426,535,706,868,1002,1206,1470,1675,1825,2009,2253,2394,2549,2751,2708,2646,2637,2635,2558,2368,2276,2176,2056,1851,1591,1376,1206,1057,908,801,745,692,637,597,559,521,527,530,520,513,533,571,603,644,683,750,790,810,789,798,770,777,771,748,718,771,798,802,786,810,844,871,889,867,813,801,817,795,800,826,850,843,827,804,831,833,758,691,627,577,558,514,494,515,517,551,584,612,647,638,655,684,738,772,787,858,902,969,1060,1082,1090,1081,1080,1102,1113,1165,1158,1151,1140,1068,1004,948,875,832,816,785,772,768,772,742,717,683,633,635,651,645,627,612,614,631,608,605,575,544,522,566,584,609,583,570,566,565,592,603,582,630,624,659,667,619,615,639,696,751,760,860,908,932,927,974,1021,1031,1086,1087,1145,1109,1116,1147,1180,1202,1246,1261,1224,1200,1146,1065,977,966,952,
1,3,5,7,10,12,18,23,33,38,54,68,78,90,127,151,212,268,362,452,507,587,685,826,981,1209,1423,1697,1871,1945,2013,2167,2278,2383,2447,2553,2514,2456,2459,2408,2269,2112,1886,1668,1468,1276,1078,919,833,783,691,602,586,569,544,522,547,568,564,588,584,594,590,564,558,530,517,522,556,556,567,551,555,553,556,586,621,661,695,680,638,611,635,658,676,701,709,715,702,702,707,736,736,744,720,730,750,752,725,706,701,705,663,604,598,588,584,587,607,629,647,644,714,787,908,1006,1089,1151,1135,1039,969,905,855,860,890,971,1041,1105,1169,1202,1227,1197,1208,1176,1138,1124,1081,1067,1104,1144,1235,1299,1256,1213,1112,983,886,816,757,766,810,763,732,684,660,621,601,592,598,600,615,628,644,659,692,743,794,801,792,858,938,964,989,1027,1019,1053,1062,1078,1132,1243,1397,1560,1682,1791,1921,1966,1923,1779,1636,1514,1360,1225,1103,1021,904,819,748,682,606,
1,5,3,3,5,6,12,18,27,30,40,52,81,98,130,177,240,307,359,446,501,592,755,892,1024,1208,1447,1563,1707,1831,1848,1928,1911,1911,1862,1789,1701,1669,1638,1608,1675,1594,1471,1346,1155,968,837,711,663,638,607,593,564,545,517,487,519,551,574,585,607,632,676,676,658,600,580,561,539,518,509,538,570,596,596,622,682,690,729,724,689,673,733,733,719,753,736,720,696,674,662,695,704,726,732,790,830,848,832,848,853,822,762,698,689,671,688,685,709,759,786,848,884,939,947,903,923,919,910,914,931,888,877,874,924,939,960,895,807,830,848,854,803,862,895,983,1005,1042,1070,1035,989,934,910,870,812,772,700,653,641,621,613,620,657,655,662,665,664,692,690,714,718,691,694,743,769,782,784,769,764,725,737,751,755,761,748,757,764,788,786,839,881,924,1013,1069,1166,1309,1358,1312,1336,1313,1332,1443,1537,1647,1724,1747,1709,1709,1676,
1,5,3,3,5,6,12,18,27,30,40,52,81,98,130,177,240,307,359,446,501,592,755,892,1024,1208,1447,1563,1707,1831,1848,1928,1911,1911,1862,1789,1701,1669,1638,1608,1675,1594,1471,1346,1155,968,837,711,663,638,607,593,564,545,517,487,519,551,574,585,607,632,676,676,658,600,580,561,539,518,509,538,570,596,596,622,682,690,729,724,689,673,733,733,719,753,736,720,696,674,662,695,704,726,732,790,830,848,832,848,853,822,762,698,689,671,688,685,709,759,786,848,884,939,947,903,923,919,910,914,931,888,877,874,924,939,960,895,807,830,848,854,803,862,895,983,1005,1042,1070,1035,989,934,910,870,812,772,700,653,641,621,613,620,657,655,662,665,664,692,690,714,718,691,694,743,769,782,784,769,764,725,737,751,755,761,748,757,764,788,786,839,881,924,1013,1069,1166,1309,1358,1312,1336,1313,1332,1443,1537,1647,1724,1747,1709,1709,1676,
1,5,3,3,5,6,12,18,27,30,40,52,81,98,130,177,240,307,359,446,501,592,755,892,1024,1208,1447,1563,1707,1831,1848,1928,1911,1911,1862,1789,1701,1669,1638,1608,1675,1594,1471,1346,1155,968,837,711,663,638,607,593,564,545,517,487,519,551,574,585,607,632,676,676,658,600,580,561,539,518,509,538,570,596,596,622,682,690,729,724,689,673,733,733,719,753,736,720,696,674,662,695,704,726,732,790,830,848,832,848,853,822,762,698,689,671,688,685,709,759,786,848,884,939,947,903,923,919,910,914,931,888,877,874,924,939,960,895,807,830,848,854,803,862,895,983,1005,1042,1070,1035,989,934,910,870,812,772,700,653,641,621,613,620,657,655,662,665,664,692,690,714,718,691,694,743,769,782,784,769,764,725,737,751,755,761,748,757,764,788,786,839,881,924,1013,1069,1166,1309,1358,1312,1336,1313,1332,1443,1537,1647,1724,1747,1709,1709,1676,
1,5,3,3,5,6,12,18,27,30,40,52,81,98,130,177,240,307,359,446,501,592,755,892,1024,1208,1447,1563,1707,1831,1848,1928,1911,1911,1862,1789,1701,1669,1638,1608,1675,1594,1471,1346,1155,968,837,711,663,638,607,593,564,545,517,487,519,551,574,585,607,632,676,676,658,600,580,561,539,518,509,538,570,596,596,622,682,690,729,724,689,673,733,733,719,753,736,720,696,674,662,695,704,726,732,790,830,848,832,848,853,822,762,698,689,671,688,685,709,759,786,848,884,939,947,903,923,919,910,914,931,888,877,874,924,939,960,895,807,830,848,854,803,862,895,983,1005,1042,1070,1035,989,934,910,870,812,772,700,653,641,621,613,620,657,655,662,665,664,692,690,714,718,691,694,743,769,782,784,769,764,725,737,751,755,761,748,757,764,788,786,839,881,924,1013,1069,1166,1309,1358,1312,1336,1313,1332,1443,1537,1647,1724,1747,1709,1709,1676,
1,5,3,3,5,6,12,18,27,30,40,52,81,98,130,177,240,307,359,446,501,592,755,892,1024,1208,1447,1563,1707,1831,1848,1928,1911,1911,1862,1789,1701,1669,1638,1608,1675,1594,1471,1346,1155,968,837,711,663,638,607,593,564,545,517,487,519,551,574,585,607,632,676,676,658,600,580,561,539,518,509,538,570,596,596,622,682,690,729,724,689,673,733,733,719,753,736,720,696,674,662,695,704,726,732,790,830,848,832,848,853,822,762,698,689,671,688,685,709,759,786,848,884,939,947,903,923,919,910,914,931,888,877,874,924,939,960,895,807,830,848,854,803,862,895,983,1005,1042,1070,1035,989,934,910,870,812,772,700,653,641,621,613,620,657,655,662,665,664,692,690,714,718,691,694,743,769,782,784,769,764,725,737,751,755,761,748,757,764,788,786,839,881,924,1013,1069,1166,1309,1358,1312,1336,1313,1332,1443,1537,1647,1724,1747,1709,1709,1676,
1,5,3,3,5,6,12,18,27,30,40,52,81,98,130,177,240,307,359,446,501,592,755,892,1024,1208,1447,1563,1707,1831,1848,1928,1911,1911,1862,1789,1701,1669,1638,1608,1675,1594,1471,1346,1155,968,837,711,663,638,607,593,564,545,517,487,519,551,574,585,607,632,676,676,658,600,580,561,539,518,509,538,570,596,596,622,682,690,729,724,689,673,733,733,719,753,736,720,696,674,662,695,704,726,732,790,830,848,832,848,853,822,762,698,689,671,688,685,709,759,786,848,884,939,947,903,923,919,910,914,931,888,877,874,924,939,960,895,807,830,848,854,803,862,895,983,1005,1042,1070,1035,989,934,910,870,812,772,700,653,641,621,613,620,657,655,662,665,664,692,690,714,718,691,694,743,769,782,784,769,764,725,737,751,755,761,748,757,764,788,786,839,881,924,1013,1069,1166,1309,1358,1312,1336,1313,1332,1443,1537,1647,1724,1747,1709,1709,1676,
1,5,3,3,5,6,12,18,27,30,40,52,81,98,130,177,240,307,359,446,501,592,755,892,1024,1208,1447,1563,1707,1831,1848,1928,1911,1911,1862,1789,1701,1669,1638,1608,1675,1594,1471,1346,1155,968,837,711,663,638,607,593,564,545,517,487,519,551,574,585,607,632,676,676,658,600,580,561,539,518,509,538,570,596,596,622,682,690,729,724,689,673,733,733,719,753,736,720,696,674,662,695,704,726,732,790,830,848,832,848,853,822,762,698,689,671,688,685,709,759,786,848,884,939,947,903,923,919,910,914,931,888,877,874,924,939,960,895,807,830,848,854,803,862,895,983,1005,1042,1070,1035,989,934,910,870,812,772,700,653,641,621,613,620,657,655,662,665,664,692,690,714,718,691,694,743,769,782,784,769,764,725,737,751,755,761,748,757,764,788,786,839,881,924,1013,1069,1166,1309,1358,1312,1336,1313,1332,1443,1537,1647,1724,1747,1709,1709,1676,
1,5,3,3,5,6,12,18,27,30,40,52,81,98,130,177,240,307,359,446,501,592,755,892,1024,1208,1447,1563,1707,1831,1848,1928,1911,1911,1862,1789,1701,1669,1638,1608,1675,1594,1471,1346,1155,968,837,711,663,638,607,593,564,545,517,487,519,551,574,585,607,632,676,676,658,600,580,561,539,518,509,538,570,596,596,622,682,690,729,724,689,673,733,733,719,753,736,720,696,674,662,695,704,726,732,790,830,848,832,848,853,822,762,698,689,671,688,685,709,759,786,848,884,939,947,903,923,919,910,914,931,888,877,874,924,939,960,895,807,830,848,854,803,862,895,983,1005,1042,1070,1035,989,934,910,870,812,772,700,653,641,621,613,620,657,655,662,665,664,692,690,714,718,691,694,743,769,782,784,769,764,725,737,751,755,761,748,757,764,788,786,839,881,924,1013,1069,1166,1309,1358,1312,1336,1313,1332,1443,1537,1647,1724,1747,1709,1709,1676,
1,3,5,4,6,11,15,22,31,47,55,65,76,90,119,174,229,277,349,431,514,615,770,898,1056,1233,1357,1486,1754,1970,2130,2228,2438,2524,2631,2497,2391,2237,2126,2103,1968,1778,1573,1446,1384,1284,1138,1044,936,883,809,753,729,698,656,605,595,631,625,598,614,608,592,573,569,559,599,605,662,669,650,642,613,599,593,639,672,672,640,656,643,659,661,666,706,711,710,733,677,677,699,718,761,836,884,907,958,1029,1046,1080,1126,1124,1074,996,894,834,846,875,884,847,755,689,651,655,646,664,684,651,677,731,771,807,815,801,798,828,875,985,1006,1004,975,939,917,908,921,928,897,975,943,894,882,831,804,769,781,767,712,732,712,724,746,756,719,723,747,730,760,763,746,755,758,748,715,714,701,694,713,744,813,784,780,752,760,734,716,700,685,706,691,689,648,650,645,668,707,753,833,1006,1109,1276,1403,1537,1665,1769,1955,2063,2310,2589,2876,
1,4,5,6,8,10,11,19,30,32,39,54,68,92,125,164,206,267,335,414,517,625,745,892,1080,1267,1413,1518,1606,1675,1780,1852,1971,2136,2305,2363,2294,2230,1947,1671,1473,1299,1128,960,851,775,747,700,698,681,668,698,693,725,728,753,741,769,741,724,718,759,821,879,882,897,955,930,878,856,765,751,711,654,616,580,569,520,531,550,567,614,620,598,611,614,591,567,553,610,662,704,712,690,699,721,726,758,801,819,807,777,733,745,718,652,616,613,627,615,671,652,678,719,817,866,892,920,948,991,974,965,913,910,892,930,921,939,1027,1049,998,912,921,888,888,935,925,952,1010,1017,1021,1074,1095,1120,1170,1139,1107,1102,1053,1032,1045,1087,1068,998,935,886,865,855,834,812,855,877,911,898,851,892,956,977,975,1013,1022,1041,1101,1080,994,976,966,949,980,981,1058,1052,1081,1078,1139,1189,1220,1199,1181,1220,1232,1264,1256,1233,1220,1181,1232,1328,1416,
1,3,3,4,8,12,19,19,31,34,37,47,64,82,108,130,190,250,334,409,477,552,659,752,861,999,1148,1327,1536,1770,2108,2301,2496,2532,2581,2563,2311,2155,2023,1893,1826,1641,1467,1242,1213,1224,1128,1079,1033,1001,892,819,756,726,721,687,694,699,669,613,605,619,652,634,603,594,588,610,621,653,653,690,722,735,719,705,731,735,722,697,705,695,708,713,716,739,730,730,717,702,718,695,668,680,701,728,766,836,843,840,836,827,781,776,776,777,789,807,817,813,796,837,828,837,857,820,810,845,856,877,879,895,885,952,995,1027,1021,1078,1094,1124,1084,1053,1073,1056,1046,1031,966,940,916,894,849,840,835,781,739,708,652,642,626,638,567,533,511,497,536,534,525,542,543,526,563,614,648,693,654,642,647,620,587,586,626,647,711,734,724,726,699,732,779,838,870,904,923,981,996,1053,1038,1003,988,1029,1110,1202,1272,1339,1379,1357,1353,1412,1399,
1,2,3,3,5,6,10,19,35,48,56,66,84,98,125,165,210,262,320,372,443,539,647,804,944,1146,1415,1622,1846,2110,2373,2480,2485,2336,2230,2084,2074,2017,1912,1642,1426,1301,1229,1124,1073,1043,980,925,894,875,875,818,747,718,710,718,712,731,727,740,728,694,646,592,583,561,594,584,604,629,618,657,661,650,604,578,588,577,565,555,563,568,540,576,604,583,586,608,639,651,695,742,742,779,792,796,794,749,714,659,622,618,599,548,522,490,483,489,516,548,563,620,664,689,677,681,700,715,733,782,817,876,934,949,1018,1097,1143,1131,1104,1087,1054,999,912,838,797,785,733,702,690,676,668,626,648,657,633,657,630,630,622,632,635,592,580,552,571,560,543,534,560,566,587,608,648,711,768,812,864,929,973,971,933,942,914,891,845,769,746,760,780,772,775,799,836,911,999,1101,1201,1233,1296,1339,1368,1349,1344,1318,1232,1205,1182,1121,1166,
1,4,6,6,8,13,21,23,33,35,43,49,56,72,102,125,188,235,273,358,431,512,656,779,941,1083,1297,1547,1810,2034,2173,2279,2412,2354,2287,2278,2255,2175,2011,1904,1851,1695,1530,1361,1240,1167,1092,976,875,780,706,628,602,594,554,535,522,523,538,522,540,496,491,495,491,501,514,520,571,646,666,690,647,648,619,633,606,623,677,724,766,777,749,721,756,762,741,728,687,672,658,695,712,740,766,805,806,811,805,768,753,701,660,612,575,556,588,617,665,705,642,617,591,588,602,626,630,612,619,624,621,637,671,678,687,741,785,851,917,917,872,822,759,712,724,673,592,555,510,500,494,496,506,482,472,476,449,450,444,453,437,453,460,462,485,503,503,542,575,583,611,637,651,732,752,724,659,590,510,494,488,501,486,482,501,506,522,530,547,563,547,572,587,609,629,668,767,893,1027,1176,1261,1403,1536,1593,1637,1688,1815,1867,1945,
1,4,6,5,7,10,17,23,32,35,37,43,58,70,96,120,162,210,273,380,462,579,737,897,1033,1145,1265,1372,1451,1524,1546,1546,1613,1586,1463,1361,1255,1234,1174,1132,1104,1064,1003,925,836,778,700,658,607,597,576,531,489,469,444,409,391,399,400,436,474,486,479,506,504,491,498,481,493,493,471,505,510,522,536,529,565,599,646,682,687,720,692,668,662,692,704,737,780,785,802,781,813,868,903,969,1000,990,941,894,843,807,816,807,822,860,920,980,1030,1089,1107,1103,1055,1023,1011,980,942,936,967,1005,1008,1016,990,1002,984,1004,981,969,951,932,957,996,1088,1105,1167,1261,1317,1299,1293,1232,1197,1158,1104,1069,971,852,737,668,637,618,602,636,639,630,615,592,570,539,502,544,540,557,553,561,595,592,563,562,597,615,638,618,580,588,599,642,684,692,699,714,729,729,746,769,822,909,1014,1149,1262,1386,1509,1595,1669,1790,1905,1998,2022,1964,1904,
1,3,4,6,11,11,16,27,36,34,43,64,81,93,126,163,234,287,354,432,527,602,679,793,898,1025,1106,1199,1354,1493,1591,1705,1777,1850,1879,1843,1801,1735,1605,1408,1234,1085,970,851,771,731,710,677,602,577,535,517,508,520,560,564,545,537,532,527,536,537,533,534,558,579,616,632,637,643,653,683,706,726,720,698,711,715,718,725,739,715,710,687,703,703,693,659,624,602,569,565,570,572,623,613,599,586,553,510,466,446,432,427,407,450,490,532,600,662,750,803,858,883,893,857,866,902,927,934,898,867,859,845,889,928,991,1006,995,1021,1039,1070,1073,1036,1008,984,902,842,807,832,838,873,860,852,808,761,706,672,676,658,627,589,575,550,546,536,528,516,518,519,549,561,557,602,585,612,625,613,612,615,598,604,623,628,650,671,691,705,738,749,795,852,962,1051,1135,1151,1168,1231,1342,1454,1631,1729,1915,2106,2338,2538,2653,2721,2840,
1,3,4,6,11,11,16,27,36,34,43,64,81,93,126,163,234,287,354,432,527,602,679,793,898,1025,1106,1199,1354,1493,1591,1705,1777,1850,1879,1843,1801,1735,1605,1408,1234,1085,970,851,771,731,710,677,602,577,535,517,508,520,560,564,545,537,532,527,536,537,533,534,558,579,616,632,637,643,653,683,706,726,720,698,711,715,718,725,739,715,710,687,703,703,693,659,624,602,569,565,570,572,623,613,599,586,553,510,466,446,432,427,407,450,490,532,600,662,750,803,858,883,893,857,866,902,927,934,898,867,859,845,889,928,991,1006,995,1021,1039,1070,1073,1036,1008,984,902,842,807,832,838,873,860,852,808,761,706,672,676,658,627,589,575,550,546,536,528,516,518,519,549,561,557,602,585,612,625,613,612,615,598,604,623,628,650,671,691,705,738,749,795,852,962,1051,1135,1151,1168,1231,1342,1454,1631,1729,1915,2106,2338,2538,2653,2721,2840,
1,3,4,4,7,12,20,36,42,42,41,58,63,86,103,125,170,212,264,320,390,499,639,790,957,1097,1190,1316,1523,1702,1764,1767,1883,1923,1945,1972,1909,1767,1684,1590,1460,1339,1192,1078,1013,940,874,813,737,677,609,567,565,561,559,575,591,621,655,656,661,668,649,663,628,636,631,618,582,585,593,591,580,580,593,605,637,617,586,583,581,558,569,584,594,598,592,582,559,563,551,530,531,544,537,566,590,620,592,593,589,613,627,650,638,668,708,741,735,757,763,811,844,845,838,898,898,932,909,917,977,994,971,985,974,1011,1011,1027,1063,1076,1043,974,943,892,893,926,960,984,1021,1060,1100,1068,1014,935,834,738,649,587,579,546,525,522,503,497,511,565,586,597,646,653,675,712,717,761,776,781,755,736,683,650,616,589,596,597,582,551,528,504,491,504,531,559,607,670,718,789,887,948,1079,1214,1309,1382,1474,1516,1557,1583,1585,1581,1615,
1,3,4,3,7,9,15,19,35,41,50,50,64,78,110,146,190,226,282,353,415,511,601,724,798,904,1027,1171,1271,1379,1465,1576,1643,1723,1834,1932,2041,2062,2053,2015,1858,1708,1602,1453,1279,1141,1008,895,804,768,728,679,612,576,539,489,484,499,503,524,532,552,549,570,607,615,629,629,631,606,579,522,494,474,474,485,479,483,513,553,596,615,631,639,636,649,671,670,646,647,641,661,674,692,710,718,700,672,646,608,600,568,542,536,534,528,536,545,563,613,686,732,790,855,881,878,861,853,837,830,826,816,810,799,794,812,795,749,706,702,678,626,594,563,537,535,546,535,535,526,508,501,500,490,468,419,398,386,378,369,381,378,404,402,408,404,406,388,403,423,419,421,423,432,457,477,474,493,500,504,507,507,517,535,571,599,638,658,724,803,868,954,995,1077,1179,1299,1432,1558,1614,1666,1722,1728,1752,1782,1874,1964,1959,1946,1946,
1,3,5,5,7,9,13,21,24,29,32,43,56,69,99,141,191,235,299,386,450,540,659,771,897,1056,1207,1342,1430,1492,1493,1563,1598,1613,1656,1647,1591,1495,1430,1279,1174,1062,941,852,772,687,631,592,571,542,552,543,518,541,551,537,553,544,548,542,523,503,483,481,488,475,473,472,490,504,495,481,498,511,526,547,578,627,703,721,726,727,719,702,690,730,717,713,718,723,735,730,709,727,680,677,658,671,696,665,660,665,652,672,677,680,669,690,699,709,693,662,620,600,570,562,545,556,580,643,651,682,744,735,750,787,780,807,814,794,813,785,807,811,791,843,819,780,753,738,749,738,752,730,736,697,614,590,567,587,611,646,682,684,683,658,648,633,634,663,663,678,688,691,671,655,629,608,561,538,565,594,604,646,682,705,752,794,835,905,993,1065,1161,1209,1207,1217,1257,1261,1306,1318,1298,1310,1345,1302,1297,1205,1162,1151,1149,
1,4,6,7,10,11,13,20,30,33,36,42,57,68,105,126,188,246,293,370,458,535,620,728,834,969,1113,1217,1343,1474,1670,1758,1815,1811,1756,1663,1585,1492,1490,1462,1395,1337,1220,1142,1043,938,856,778,733,710,645,600,571,548,530,529,539,553,574,598,610,632,604,577,569,553,538,532,534,540,532,540,551,578,574,562,549,541,543,558,556,537,535,539,536,490,450,432,447,438,422,411,400,403,408,412,417,391,378,380,370,388,394,411,427,457,485,487,499,515,522,538,552,573,557,572,580,630,638,652,698,800,849,866,852,861,846,788,751,738,727,744,729,724,708,728,716,710,698,712,715,697,712,731,759,789,791,809,794,798,813,783,776,801,807,772,734,756,800,846,824,778,724,658,628,585,556,520,475,459,449,434,424,407,396,388,387,386,404,428,453,503,589,679,794,872,978,1103,1267,1382,1436,1455,1488,1553,1673,1798,1927,2038,2188,
1,4,6,7,10,11,13,20,30,33,36,42,57,68,105,126,188,246,293,370,458,535,620,728,834,969,1113,1217,1343,1474,1670,1758,1815,1811,1756,1663,1585,1492,1490,1462,1395,1337,1220,1142,1043,938,856,778,733,710,645,600,571,548,530,529,539,553,574,598,610,632,604,577,569,553,538,532,534,540,532,540,551,578,574,562,549,541,543,558,556,537,535,539,536,490,450,432,447,438,422,411,400,403,408,412,417,391,378,380,370,388,394,411,427,457,485,487,499,515,522,538,552,573,557,572,580,630,638,652,698,800,849,866,852,861,846,788,751,738,727,744,729,724,708,728,716,710,698,712,715,697,712,731,759,789,791,809,794,798,813,783,776,801,807,772,734,756,800,846,824,778,724,658,628,585,556,520,475,459,449,434,424,407,396,388,387,386,404,428,453,503,589,679,794,872,978,1103,1267,1382,1436,1455,1488,1553,1673,1798,1927,2038,2188,
1,4,5,5,7,9,14,18,27,33,35,41,51,70,92,132,180,245,297,374,440,506,618,777,975,1221,1481,1716,1884,1975,2035,1979,1980,1974,1844,1806,1819,1802,1819,1708,1650,1514,1353,1205,1101,1009,954,853,826,767,705,650,613,590,539,517,491,471,457,446,457,461,485,502,518,497,491,471,474,467,453,441,436,465,492,495,513,567,600,672,692,691,652,628,607,618,603,590,588,595,573,550,544,551,548,595,610,626,600,604,610,566,564,546,541,514,511,548,564,624,661,668,653,669,729,763,807,808,817,816,790,752,692,658,632,640,657,623,631,653,625,619,665,696,705,748,808,903,928,946,950,965,993,964,917,868,856,830,826,797,783,759,741,699,691,726,730,728,709,719,713,709,719,740,731,700,700,684,692,721,722,744,751,784,801,844,876,884,923,926,911,917,980,969,995,1034,1069,1095,1138,1132,1140,1156,1166,1163,1210,1229,1336,1463,1656,
1,3,4,4,5,6,12,16,26,32,36,48,55,67,93,117,153,197,268,343,393,445,521,604,679,783,923,1033,1166,1354,1464,1544,1671,1800,1896,1904,1892,1851,1706,1561,1404,1299,1217,1107,996,874,802,721,682,682,638,559,495,459,422,397,383,375,378,390,412,412,444,461,476,518,521,558,563,558,521,485,487,511,518,493,485,504,514,555,584,577,566,569,565,599,607,610,587,604,649,685,727,787,795,791,735,688,625,559,557,529,531,515,501,498,511,535,572,598,585,577,586,594,606,607,633,649,676,742,777,774,795,763,708,685,708,745,752,753,745,713,685,673,664,671,673,634,592,580,565,584,603,605,594,552,533,540,549,565,560,539,526,509,484,466,473,483,470,478,475,490,499,501,540,539,566,587,615,630,658,674,715,746,785,803,835,807,788,799,870,927,959,1012,1081,1211,1340,1416,1476,1560,1518,1497,1404,1368,1341,1291,1214,1143,1048,
1,3,4,4,8,10,15,21,29,34,34,45,58,77,102,122,162,205,230,269,305,354,434,518,626,767,904,1040,1156,1262,1265,1230,1149,1127,1090,1032,993,945,898,862,825,768,723,659,609,567,539,529,498,472,461,441,413,421,412,399,380,362,348,348,358,350,355,370,378,392,405,418,424,434,424,425,455,459,485,491,525,545,535,522,531,527,525,544,547,566,573,585,598,626,638,673,744,792,817,823,785,796,785,775,775,766,785,767,743,746,750,752,707,665,642,652,639,671,703,722,733,740,758,782,762,747,707,675,665,669,692,700,698,693,653,647,631,580,567,572,569,554,544,542,537,537,553,569,591,606,643,650,656,685,684,727,757,768,744,758,757,783,803,831,827,845,830,746,668,594,549,521,476,441,422,410,397,388,401,414,444,482,521,571,603,667,771,875,945,1025,1074,1077,1057,1095,1072,1045,1067,1031,1037,1055,1034,1015,976,
1,3,4,5,7,8,15,25,31,35,38,54,68,94,121,147,176,218,261,315,378,464,597,778,974,1173,1332,1550,1750,1893,2107,2249,2553,2596,2493,2387,2227,2080,1940,1835,1704,1601,1459,1297,1170,1078,974,928,874,815,773,752,746,771,798,794,803,845,875,834,809,765,748,717,691,659,622,583,530,479,434,425,418,419,433,434,440,453,463,478,521,544,537,533,515,503,511,511,537,552,558,588,590,647,694,704,772,792,811,816,842,851,852,856,857,823,776,725,703,696,713,700,697,680,682,739,759,750,793,812,884,913,929,959,940,900,890,830,788,797,788,735,699,651,626,631,630,614,594,552,519,486,471,481,483,477,496,515,538,565,583,595,612,619,604,587,564,547,542,569,576,609,639,668,660,635,627,577,536,499,473,457,457,451,493,518,533,532,564,558,627,685,741,848,964,1057,1145,1189,1223,1327,1455,1537,1591,1617,1579,1612,1698,1808,1901,
1,4,7,7,7,9,14,19,32,37,41,49,59,74,104,129,166,219,269,361,448,536,643,778,926,1056,1193,1366,1485,1680,1805,1897,1976,1998,1993,1908,1812,1735,1626,1594,1523,1443,1317,1221,1117,1002,911,825,753,687,653,655,654,629,613,601,640,643,668,670,645,627,590,543,509,495,466,454,444,439,448,448,456,485,524,534,567,602,625,667,691,713,717,717,723,730,773,808,842,853,865,869,896,888,881,860,839,816,771,748,729,728,705,675,707,729,772,779,776,779,720,681,641,654,686,686,733,750,807,812,869,891,888,866,901,919,923,929,921,919,893,884,894,935,989,977,941,877,874,884,834,823,783,788,784,753,700,629,616,614,616,603,633,628,586,575,543,537,542,547,524,522,531,537,519,487,485,496,509,517,516,505,505,512,516,588,654,682,741,780,860,900,940,992,1071,1160,1339,1501,1634,1689,1769,1789,1732,1734,1622,1542,1470,1371,1244,
1,4,7,7,7,9,14,19,32,37,41,49,59,74,104,129,166,219,269,361,448,536,643,778,926,1056,1193,1366,1485,1680,1805,1897,1976,1998,1993,1908,1812,1735,1626,1594,1523,1443,1317,1221,1117,1002,911,825,753,687,653,655,654,629,613,601,640,643,668,670,645,627,590,543,509,495,466,454,444,439,448,448,456,485,524,534,567,602,625,667,691,713,717,717,723,730,773,808,842,853,865,869,896,888,881,860,839,816,771,748,729,728,705,675,707,729,772,779,776,779,720,681,641,654,686,686,733,750,807,812,869,891,888,866,901,919,923,929,921,919,893,884,894,935,989,977,941,877,874,884,834,823,783,788,784,753,700,629,616,614,616,603,633,628,586,575,543,537,542,547,524,522,531,537,519,487,485,496,509,517,516,505,505,512,516,588,654,682,741,780,860,900,940,992,1071,1160,1339,1501,1634,1689,1769,1789,1732,1734,1622,1542,1470,1371,1244,
1,4,7,7,7,9,14,19,32,37,41,49,59,74,104,129,166,219,269,361,448,536,643,778,926,1056,1193,1366,1485,1680,1805,1897,1976,1998,1993,1908,1812,1735,1626,1594,1523,1443,1317,1221,1117,1002,911,825,753,687,653,655,654,629,613,601,640,643,668,670,645,627,590,543,509,495,466,454,444,439,448,448,456,485,524,534,567,602,625,667,691,713,717,717,723,730,773,808,842,853,865,869,896,888,881,860,839,816,771,748,729,728,705,675,707,729,772,779,776,779,720,681,641,654,686,686,733,750,807,812,869,891,888,866,901,919,923,929,921,919,893,884,894,935,989,977,941,877,874,884,834,823,783,788,784,753,700,629,616,614,616,603,633,628,586,575,543,537,542,547,524,522,531,537,519,487,485,496,509,517,516,505,505,512,516,588,654,682,741,780,860,900,940,992,1071,1160,1339,1501,1634,1689,1769,1789,1732,1734,1622,1542,1470,1371,1244,
1,4,7,7,7,9,14,19,32,37,41,49,59,74,104,129,166,219,269,361,448,536,643,778,926,1056,1193,1366,1485,1680,1805,1897,1976,1998,1993,1908,1812,1735,1626,1594,1523,1443,1317,1221,1117,1002,911,825,753,687,653,655,654,629,613,601,640,643,668,670,645,627,590,543,509,495,466,454,444,439,448,448,456,485,524,534,567,602,625,667,691,713,717,717,723,730,773,808,842,853,865,869,896,888,881,860,839,816,771,748,729,728,705,675,707,729,772,779,776,779,720,681,641,654,686,686,733,750,807,812,869,891,888,866,901,919,923,929,921,919,893,884,894,935,989,977,941,877,874,884,834,823,783,788,784,753,700,629,616,614,616,603,633,628,586,575,543,537,542,547,524,522,531,537,519,487,485,496,509,517,516,505,505,512,516,588,654,682,741,780,860,900,940,992,1071,1160,1339,1501,1634,1689,1769,1789,1732,1734,1622,1542,1470,1371,1244,
1,4,7,7,7,9,14,19,32,37,41,49,59,74,104,129,166,219,269,361,448,536,643,778,926,1056,1193,1366,1485,1680,1805,1897,1976,1998,1993,1908,1812,1735,1626,1594,1523,1443,1317,1221,1117,1002,911,825,753,687,653,655,654,629,613,601,640,643,668,670,645,627,590,543,509,495,466,454,444,439,448,448,456,485,524,534,567,602,625,667,691,713,717,717,723,730,773,808,842,853,865,869,896,888,881,860,839,816,771,748,729,728,705,675,707,729,772,779,776,779,720,681,641,654,686,686,733,750,807,812,869,891,888,866,901,919,923,929,921,919,893,884,894,935,989,977,941,877,874,884,834,823,783,788,784,753,700,629,616,614,616,603,633,628,586,575,543,537,542,547,524,522,531,537,519,487,485,496,509,517,516,505,505,512,516,588,654,682,741,780,860,900,940,992,1071,1160,1339,1501,1634,1689,1769,1789,1732,1734,1622,1542,1470,1371,1244,
1,3,5,3,6,9,12,21,30,33,35,43,49,73,104,123,155,193,251,303,370,457,581,723,897,1080,1251,1491,1691,1765,1772,1884,1937,1956,1936,1839,1835,1842,1784,1756,1733,1688,1654,1518,1443,1344,1239,1127,1053,980,935,827,749,708,664,661,673,691,695,703,722,705,646,617,614,576,583,571,559,549,548,567,592,605,632,652,658,686,664,666,673,678,723,773,811,806,765,700,676,669,673,674,647,639,660,687,711,728,739,703,723,742,718,676,637,626,631,643,665,679,719,787,811,852,865,911,948,994,1049,1060,1059,1116,1144,1168,1146,1131,1167,1174,1154,1118,1099,1095,1001,923,864,835,776,727,702,701,752,784,836,894,898,895,848,815,775,726,671,633,612,598,557,500,470,465,482,495,501,515,558,603,627,677,720,702,710,749,751,744,757,761,742,705,722,753,832,912,1055,1142,1227,1315,1413,1564,1736,1821,1956,1996,2080,2223,2288,2493,2622,2745,3006,3367,3777,
1,3,5,3,6,9,12,21,30,33,35,43,49,73,104,123,155,193,251,303,370,457,581,723,897,1080,1251,1491,1691,1765,1772,1884,1937,1956,1936,1839,1835,1842,1784,1756,1733,1688,1654,1518,1443,1344,1239,1127,1053,980,935,827,749,708,664,661,673,691,695,703,722,705,646,617,614,576,583,571,559,549,548,567,592,605,632,652,658,686,664,666,673,678,723,773,811,806,765,700,676,669,673,674,647,639,660,687,711,728,739,703,723,742,718,676,637,626,631,643,665,679,719,787,811,852,865,911,948,994,1049,1060,1059,1116,1144,1168,1146,1131,1167,1174,1154,1118,1099,1095,1001,923,864,835,776,727,702,701,752,784,836,894,898,895,848,815,775,726,671,633,612,598,557,500,470,465,482,495,501,515,558,603,627,677,720,702,710,749,751,744,757,761,742,705,722,753,832,912,1055,1142,1227,1315,1413,1564,1736,1821,1956,1996,2080,2223,2288,2493,2622,2745,3006,3367,3777,
1,3,5,3,6,9,12,21,30,33,35,43,49,73,104,123,155,193,251,303,370,457,581,723,897,1080,1251,1491,1691,1765,1772,1884,1937,1956,1936,1839,1835,1842,1784,1756,1733,1688,1654,1518,1443,1344,1239,1127,1053,980,935,827,749,708,664,661,673,691,695,703,722,705,646,617,614,576,583,571,559,549,548,567,592,605,632,652,658,686,664,666,673,678,723,773,811,806,765,700,676,669,673,674,647,639,660,687,711,728,739,703,723,742,718,676,637,626,631,643,665,679,719,787,811,852,865,911,948,994,1049,1060,1059,1116,1144,1168,1146,1131,1167,1174,1154,1118,1099,1095,1001,923,864,835,776,727,702,701,752,784,836,894,898,895,848,815,775,726,671,633,612,598,557,500,470,465,482,495,501,515,558,603,627,677,720,702,710,749,751,744,757,761,742,705,722,753,832,912,1055,1142,1227,1315,1413,1564,1736,1821,1956,1996,2080,2223,2288,2493,2622,2745,3006,3367,3777,
1,5,4,4,7,10,11,16,29,37,41,52,72,96,129,160,206,238,289,343,407,479,634,793,944,1066,1244,1425,1548,1667,1825,1922,2006,2046,2097,2042,1976,1922,1781,1645,1579,1539,1436,1376,1231,1131,1031,956,868,806,734,693,651,625,594,561,570,580,568,564,546,517,477,449,426,406,414,397,442,457,490,523,528,530,542,541,577,596,620,655,672,691,696,683,652,657,616,584,554,551,577,569,558,553,541,527,511,507,552,581,604,605,631,679,743,787,835,874,877,879,852,847,787,793,807,806,813,865,879,859,805,794,808,872,925,1000,1042,1061,1041,1032,1023,1052,1056,1060,1065,1093,1043,966,935,916,914,864,804,764,684,636,611,591,601,595,576,579,551,526,473,431,397,355,351,359,394,425,461,536,606,627,654,685,688,633,615,591,594,562,506,493,487,505,495,521,586,647,725,852,1027,1191,1394,1549,1604,1708,1830,1879,1819,1768,1724,1684,1585,1546,1460,
1,3,4,5,6,6,9,17,29,36,36,41,51,63,78,104,129,169,224,278,313,378,501,643,795,974,1080,1193,1268,1364,1522,1729,1858,1894,1866,1758,1727,1733,1656,1619,1533,1467,1462,1312,1188,1082,1014,947,924,897,836,793,731,708,695,684,696,685,682,682,681,670,648,654,667,681,719,728,734,740,754,751,763,784,811,824,861,913,939,944,963,961,940,914,878,851,826,758,722,688,652,632,636,609,561,556,594,598,626,639,638,632,663,671,665,644,620,589,576,551,524,525,546,568,637,663,690,704,678,759,850,904,912,957,995,1007,1009,1068,1125,1204,1215,1257,1169,1047,962,934,906,880,857,854,854,837,858,866,850,866,844,824,814,790,746,731,750,733,733,723,721,731,778,840,906,882,860,819,762,752,744,732,704,712,724,675,650,626,661,705,747,773,834,871,930,969,999,1030,1085,1151,1212,1288,1415,1574,1778,2041,2248,2359,2434,2555,2655,2880,3285,
1,3,4,5,6,6,9,17,29,36,36,41,51,63,78,104,129,169,224,278,313,378,501,643,795,974,1080,1193,1268,1364,1522,1729,1858,1894,1866,1758,1727,1733,1656,1619,1533,1467,1462,1312,1188,1082,1014,947,924,897,836,793,731,708,695,684,696,685,682,682,681,670,648,654,667,681,719,728,734,740,754,751,763,784,811,824,861,913,939,944,963,961,940,914,878,851,826,758,722,688,652,632,636,609,561,556,594,598,626,639,638,632,663,671,665,644,620,589,576,551,524,525,546,568,637,663,690,704,678,759,850,904,912,957,995,1007,1009,1068,1125,1204,1215,1257,1169,1047,962,934,906,880,857,854,854,837,858,866,850,866,844,824,814,790,746,731,750,733,733,723,721,731,778,840,906,882,860,819,762,752,744,732,704,712,724,675,650,626,661,705,747,773,834,871,930,969,999,1030,1085,1151,1212,1288,1415,1574,1778,2041,2248,2359,2434,2555,2655,2880,3285,
1,3,4,5,6,6,9,17,29,36,36,41,51,63,78,104,129,169,224,278,313,378,501,643,795,974,1080,1193,1268,1364,1522,1729,1858,1894,1866,1758,1727,1733,1656,1619,1533,1467,1462,1312,1188,1082,1014,947,924,897,836,793,731,708,695,684,696,685,682,682,681,670,648,654,667,681,719,728,734,740,754,751,763,784,811,824,861,913,939,944,963,961,940,914,878,851,826,758,722,688,652,632,636,609,561,556,594,598,626,639,638,632,663,671,665,644,620,589,576,551,524,525,546,568,637,663,690,704,678,759,850,904,912,957,995,1007,1009,1068,1125,1204,1215,1257,1169,1047,962,934,906,880,857,854,854,837,858,866,850,866,844,824,814,790,746,731,750,733,733,723,721,731,778,840,906,882,860,819,762,752,744,732,704,712,724,675,650,626,661,705,747,773,834,871,930,969,999,1030,1085,1151,1212,1288,1415,1574,1778,2041,2248,2359,2434,2555,2655,2880,3285,
1,3,4,5,6,6,9,17,29,36,36,41,51,63,78,104,129,169,224,278,313,378,501,643,795,974,1080,1193,1268,1364,1522,1729,1858,1894,1866,1758,1727,1733,1656,1619,1533,1467,1462,1312,1188,1082,1014,947,924,897,836,793,731,708,695,684,696,685,682,682,681,670,648,654,667,681,719,728,734,740,754,751,763,784,811,824,861,913,939,944,963,961,940,914,878,851,826,758,722,688,652,632,636,609,561,556,594,598,626,639,638,632,663,671,665,644,620,589,576,551,524,525,546,568,637,663,690,704,678,759,850,904,912,957,995,1007,1009,1068,1125,1204,1215,1257,1169,1047,962,934,906,880,857,854,854,837,858,866,850,866,844,824,814,790,746,731,750,733,733,723,721,731,778,840,906,882,860,819,762,752,744,732,704,712,724,675,650,626,661,705,747,773,834,871,930,969,999,1030,1085,1151,1212,1288,1415,1574,1778,2041,2248,2359,2434,2555,2655,2880,3285,
1,3,4,4,7,9,10,19,28,35,36,43,55,71,96,117,145,184,225,298,357,411,476,600,738,853,956,1087,1220,1324,1440,1645,1860,2050,2097,2097,2019,1964,1852,1716,1620,1492,1373,1259,1131,1014,908,788,703,650,593,567,538,559,545,552,550,563,606,601,598,631,629,621,602,569,554,560,552,533,528,520,519,496,497,491,508,522,566,614,639,613,626,656,654,655,692,677,688,689,693,714,712,729,720,721,721,680,636,622,601,594,589,576,542,533,547,571,588,619,649,674,686,683,678,666,653,628,614,638,634,628,658,673,697,755,779,776,761,765,788,798,802,788,772,732,689,676,673,662,628,580,544,538,515,495,491,468,472,472,469,473,496,505,508,507,527,567,610,632,623,636,647,680,682,682,666,653,629,603,574,548,529,505,468,444,444,428,441,464,484,505,518,548,539,545,554,581,660,738,825,885,960,1081,1179,1278,1375,1419,1530,
1,3,5,3,6,8,11,16,26,28,32,46,62,77,105,149,188,245,322,403,456,582,711,851,1021,1220,1400,1547,1699,1804,1872,1912,1881,1882,1939,1906,2035,2120,2157,2226,2206,2050,1902,1807,1610,1401,1268,1156,1038,980,893,840,845,829,793,778,791,792,745,703,680,610,574,537,498,480,461,451,430,404,416,432,469,455,461,473,510,520,530,570,606,644,696,713,735,754,769,762,803,841,845,814,785,744,703,682,668,646,627,621,631,660,685,712,688,680,686,685,677,692,671,655,634,633,649,682,702,708,711,737,744,744,751,788,802,858,943,1046,1107,1209,1265,1239,1200,1140,1120,1136,1106,1061,987,922,836,764,678,618,586,532,489,464,458,478,500,521,565,581,590,598,598,588,591,595,646,680,707,759,865,976,1090,1113,1048,949,850,797,784,768,795,855,848,824,853,880,957,1105,1213,1350,1395,1496,1613,1692,1704,1756,1794,1732,1673,1619,1650,1704,1682,1658,1588,
1,3,5,6,8,10,11,19,34,33,41,52,65,89,125,156,206,241,272,312,349,400,507,620,757,876,953,1037,1158,1272,1371,1480,1657,1713,1782,1758,1867,1998,2058,2050,2014,2063,2014,1905,1741,1559,1381,1224,1100,1001,891,815,712,671,637,641,660,659,633,610,584,557,543,506,469,438,430,426,394,403,430,443,486,516,547,566,597,631,640,661,635,596,577,580,571,575,561,534,559,627,669,720,762,819,816,773,729,719,722,707,698,701,728,789,893,910,932,940,927,905,836,815,794,787,747,767,769,819,853,894,921,989,1023,1084,1130,1165,1158,1100,1026,1004,979,930,892,883,958,1015,1051,1065,1084,1072,1063,1000,902,852,807,736,709,694,680,640,606,597,587,612,602,579,583,633,637,628,649,666,721,762,745,856,945,993,1011,1028,1053,1015,1029,1019,1061,1050,1063,1054,1087,1120,1193,1194,1223,1280,1352,1444,1519,1604,1672,1732,1751,1838,1889,1906,1806,1707,1674,1713,1804,
1,3,4,4,7,10,13,18,29,35,39,63,71,88,113,133,178,229,276,345,384,459,563,660,779,905,985,1111,1264,1372,1499,1681,1842,2065,2210,2240,2097,1932,1760,1633,1471,1330,1224,1160,1042,952,903,782,686,631,599,569,529,494,463,443,440,431,425,438,432,414,424,411,419,418,418,407,385,374,371,384,371,385,388,391,401,401,435,465,489,512,529,578,579,612,596,575,548,557,540,544,551,551,531,571,595,592,593,618,650,668,689,723,817,888,890,922,943,941,912,884,812,784,756,744,758,712,703,711,725,734,777,802,793,791,778,778,788,791,809,808,819,767,782,787,784,807,837,829,804,745,705,692,666,708,699,700,716,685,694,656,621,612,580,533,498,502,526,567,637,700,741,783,822,856,835,791,730,646,573,518,484,443,422,416,434,463,498,529,563,637,698,770,880,1025,1085,1205,1298,1368,1456,1511,1576,1604,1570,1590,1613,1687,1735,
1,3,4,5,9,11,15,21,30,38,44,56,73,82,107,146,186,243,280,388,483,613,801,949,1100,1214,1247,1329,1413,1572,1738,1891,1904,1861,1810,1773,1758,1678,1641,1582,1545,1510,1469,1352,1186,1052,928,812,733,662,617,584,578,582,585,587,581,586,589,563,543,548,540,575,600,619,656,665,674,684,693,709,753,765,764,799,810,822,821,805,753,727,680,653,626,606,586,562,547,561,588,631,667,694,746,737,688,675,674,678,705,746,777,816,880,917,949,885,848,828,839,843,829,811,832,839,867,899,917,940,904,868,817,778,749,766,749,742,721,759,772,797,817,819,804,806,802,765,750,747,744,708,691,621,559,516,488,488,499,517,518,521,530,542,532,541,591,576,611,612,600,619,633,666,709,741,801,893,996,1038,1080,1147,1149,1134,1149,1168,1156,1161,1082,1014,986,967,994,1015,1064,1110,1159,1200,1300,1375,1385,1331,1355,1319,1247,1119,1048,1011,1000,
1,3,4,5,9,11,15,21,30,38,44,56,73,82,107,146,186,243,280,388,483,613,801,949,1100,1214,1247,1329,1413,1572,1738,1891,1904,1861,1810,1773,1758,1678,1641,1582,1545,1510,1469,1352,1186,1052,928,812,733,662,617,584,578,582,585,587,581,586,589,563,543,548,540,575,600,619,656,665,674,684,693,709,753,765,764,799,810,822,821,805,753,727,680,653,626,606,586,562,547,561,588,631,667,694,746,737,688,675,674,678,705,746,777,816,880,917,949,885,848,828,839,843,829,811,832,839,867,899,917,940,904,868,817,778,749,766,749,742,721,759,772,797,817,819,804,806,802,765,750,747,744,708,691,621,559,516,488,488,499,517,518,521,530,542,532,541,591,576,611,612,600,619,633,666,709,741,801,893,996,1038,1080,1147,1149,1134,1149,1168,1156,1161,1082,1014,986,967,994,1015,1064,1110,1159,1200,1300,1375,1385,1331,1355,1319,1247,1119,1048,1011,1000,
1,3,4,5,9,11,15,21,30,38,44,56,73,82,107,146,186,243,280,388,483,613,801,949,1100,1214,1247,1329,1413,1572,1738,1891,1904,1861,1810,1773,1758,1678,1641,1582,1545,1510,1469,1352,1186,1052,928,812,733,662,617,584,578,582,585,587,581,586,589,563,543,548,540,575,600,619,656,665,674,684,693,709,753,765,764,799,810,822,821,805,753,727,680,653,626,606,586,562,547,561,588,631,667,694,746,737,688,675,674,678,705,746,777,816,880,917,949,885,848,828,839,843,829,811,832,839,867,899,917,940,904,868,817,778,749,766,749,742,721,759,772,797,817,819,804,806,802,765,750,747,744,708,691,621,559,516,488,488,499,517,518,521,530,542,532,541,591,576,611,612,600,619,633,666,709,741,801,893,996,1038,1080,1147,1149,1134,1149,1168,1156,1161,1082,1014,986,967,994,1015,1064,1110,1159,1200,1300,1375,1385,1331,1355,1319,1247,1119,1048,1011,1000,
1,3,4,5,9,11,15,21,30,38,44,56,73,82,107,146,186,243,280,388,483,613,801,949,1100,1214,1247,1329,1413,1572,1738,1891,1904,1861,1810,1773,1758,1678,1641,1582,1545,1510,1469,1352,1186,1052,928,812,733,662,617,584,578,582,585,587,581,586,589,563,543,548,540,575,600,619,656,665,674,684,693,709,753,765,764,799,810,822,821,805,753,727,680,653,626,606,586,562,547,561,588,631,667,694,746,737,688,675,674,678,705,746,777,816,880,917,949,885,848,828,839,843,829,811,832,839,867,899,917,940,904,868,817,778,749,766,749,742,721,759,772,797,817,819,804,806,802,765,750,747,744,708,691,621,559,516,488,488,499,517,518,521,530,542,532,541,591,576,611,612,600,619,633,666,709,741,801,893,996,1038,1080,1147,1149,1134,1149,1168,1156,1161,1082,1014,986,967,994,1015,1064,1110,1159,1200,1300,1375,1385,1331,1355,1319,1247,1119,1048,1011,1000,
1,3,4,5,9,11,15,21,30,38,44,56,73,82,107,146,186,243,280,388,483,613,801,949,1100,1214,1247,1329,1413,1572,1738,1891,1904,1861,1810,1773,1758,1678,1641,1582,1545,1510,1469,1352,1186,1052,928,812,733,662,617,584,578,582,585,587,581,586,589,563,543,548,540,575,600,619,656,665,674,684,693,709,753,765,764,799,810,822,821,805,753,727,680,653,626,606,586,562,547,561,588,631,667,694,746,737,688,675,674,678,705,746,777,816,880,917,949,885,848,828,839,843,829,811,832,839,867,899,917,940,904,868,817,778,749,766,749,742,721,759,772,797,817,819,804,806,802,765,750,747,744,708,691,621,559,516,488,488,499,517,518,521,530,542,532,541,591,576,611,612,600,619,633,666,709,741,801,893,996,1038,1080,1147,1149,1134,1149,1168,1156,1161,1082,1014,986,967,994,1015,1064,1110,1159,1200,1300,1375,1385,1331,1355,1319,1247,1119,1048,1011,1000,
1,3,4,5,9,11,15,21,30,38,44,56,73,82,107,146,186,243,280,388,483,613,801,949,1100,1214,1247,1329,1413,1572,1738,1891,1904,1861,1810,1773,1758,1678,1641,1582,1545,1510,1469,1352,1186,1052,928,812,733,662,617,584,578,582,585,587,581,586,589,563,543,548,540,575,600,619,656,665,674,684,693,709,753,765,764,799,810,822,821,805,753,727,680,653,626,606,586,562,547,561,588,631,667,694,746,737,688,675,674,678,705,746,777,816,880,917,949,885,848,828,839,843,829,811,832,839,867,899,917,940,904,868,817,778,749,766,749,742,721,759,772,797,817,819,804,806,802,765,750,747,744,708,691,621,559,516,488,488,499,517,518,521,530,542,532,541,591,576,611,612,600,619,633,666,709,741,801,893,996,1038,1080,1147,1149,1134,1149,1168,1156,1161,1082,1014,986,967,994,1015,1064,1110,1159,1200,1300,1375,1385,1331,1355,1319,1247,1119,1048,1011,1000,
1,3,4,5,9,11,15,21,30,38,44,56,73,82,107,146,186,243,280,388,483,613,801,949,1100,1214,1247,1329,1413,1572,1738,1891,1904,1861,1810,1773,1758,1678,1641,1582,1545,1510,1469,1352,1186,1052,928,812,733,662,617,584,578,582,585,587,581,586,589,563,543,548,540,575,600,619,656,665,674,684,693,709,753,765,764,799,810,822,821,805,753,727,680,653,626,606,586,562,547,561,588,631,667,694,746,737,688,675,674,678,705,746,777,816,880,917,949,885,848,828,839,843,829,811,832,839,867,899,917,940,904,868,817,778,749,766,749,742,721,759,772,797,817,819,804,806,802,765,750,747,744,708,691,621,559,516,488,488,499,517,518,521,530,542,532,541,591,576,611,612,600,619,633,666,709,741,801,893,996,1038,1080,1147,1149,1134,1149,1168,1156,1161,1082,1014,986,967,994,1015,1064,1110,1159,1200,1300,1375,1385,1331,1355,1319,1247,1119,1048,1011,1000,
1,3,4,5,9,11,15,21,30,38,44,56,73,82,107,146,186,243,280,388,483,613,801,949,1100,1214,1247,1329,1413,1572,1738,1891,1904,1861,1810,1773,1758,1678,1641,1582,1545,1510,1469,1352,1186,1052,928,812,733,662,617,584,578,582,585,587,581,586,589,563,543,548,540,575,600,619,656,665,674,684,693,709,753,765,764,799,810,822,821,805,753,727,680,653,626,606,586,562,547,561,588,631,667,694,746,737,688,675,674,678,705,746,777,816,880,917,949,885,848,828,839,843,829,811,832,839,867,899,917,940,904,868,817,778,749,766,749,742,721,759,772,797,817,819,804,806,802,765,750,747,744,708,691,621,559,516,488,488,499,517,518,521,530,542,532,541,591,576,611,612,600,619,633,666,709,741,801,893,996,1038,1080,1147,1149,1134,1149,1168,1156,1161,1082,1014,986,967,994,1015,1064,1110,1159,1200,1300,1375,1385,1331,1355,1319,1247,1119,1048,1011,1000,
1,3,4,5,9,11,15,21,30,38,44,56,73,82,107,146,186,243,280,388,483,613,801,949,1100,1214,1247,1329,1413,1572,1738,1891,1904,1861,1810,1773,1758,1678,1641,1582,1545,1510,1469,1352,1186,1052,928,812,733,662,617,584,578,582,585,587,581,586,589,563,543,548,540,575,600,619,656,665,674,684,693,709,753,765,764,799,810,822,821,805,753,727,680,653,626,606,586,562,547,561,588,631,667,694,746,737,688,675,674,678,705,746,777,816,880,917,949,885,848,828,839,843,829,811,832,839,867,899,917,940,904,868,817,778,749,766,749,742,721,759,772,797,817,819,804,806,802,765,750,747,744,708,691,621,559,516,488,488,499,517,518,521,530,542,532,541,591,576,611,612,600,619,633,666,709,741,801,893,996,1038,1080,1147,1149,1134,1149,1168,1156,1161,1082,1014,986,967,994,1015,1064,1110,1159,1200,1300,1375,1385,1331,1355,1319,1247,1119,1048,1011,1000,
1,3,4,5,9,11,15,21,30,38,44,56,73,82,107,146,186,243,280,388,483,613,801,949,1100,1214,1247,1329,1413,1572,1738,1891,1904,1861,1810,1773,1758,1678,1641,1582,1545,1510,1469,1352,1186,1052,928,812,733,662,617,584,578,582,585,587,581,586,589,563,543,548,540,575,600,619,656,665,674,684,693,709,753,765,764,799,810,822,821,805,753,727,680,653,626,606,586,562,547,561,588,631,667,694,746,737,688,675,674,678,705,746,777,816,880,917,949,885,848,828,839,843,829,811,832,839,867,899,917,940,904,868,817,778,749,766,749,742,721,759,772,797,817,819,804,806,802,765,750,747,744,708,691,621,559,516,488,488,499,517,518,521,530,542,532,541,591,576,611,612,600,619,633,666,709,741,801,893,996,1038,1080,1147,1149,1134,1149,1168,1156,1161,1082,1014,986,967,994,1015,1064,1110,1159,1200,1300,1375,1385,1331,1355,1319,1247,1119,1048,1011,1000,
1,3,4,5,9,11,15,21,30,38,44,56,73,82,107,146,186,243,280,388,483,613,801,949,1100,1214,1247,1329,1413,1572,1738,1891,1904,1861,1810,1773,1758,1678,1641,1582,1545,1510,1469,1352,1186,1052,928,812,733,662,617,584,578,582,585,587,581,586,589,563,543,548,540,575,600,619,656,665,674,684,693,709,753,765,764,799,810,822,821,805,753,727,680,653,626,606,586,562,547,561,588,631,667,694,746,737,688,675,674,678,705,746,777,816,880,917,949,885,848,828,839,843,829,811,832,839,867,899,917,940,904,868,817,778,749,766,749,742,721,759,772,797,817,819,804,806,802,765,750,747,744,708,691,621,559,516,488,488,499,517,518,521,530,542,532,541,591,576,611,612,600,619,633,666,709,741,801,893,996,1038,1080,1147,1149,1134,1149,1168,1156,1161,1082,1014,986,967,994,1015,1064,1110,1159,1200,1300,1375,1385,1331,1355,1319,1247,1119,1048,1011,1000,
1,3,4,5,9,11,15,21,30,38,44,56,73,82,107,146,186,243,280,388,483,613,801,949,1100,1214,1247,1329,1413,1572,1738,1891,1904,1861,1810,1773,1758,1678,1641,1582,1545,1510,1469,1352,1186,1052,928,812,733,662,617,584,578,582,585,587,581,586,589,563,543,548,540,575,600,619,656,665,674,684,693,709,753,765,764,799,810,822,821,805,753,727,680,653,626,606,586,562,547,561,588,631,667,694,746,737,688,675,674,678,705,746,777,816,880,917,949,885,848,828,839,843,829,811,832,839,867,899,917,940,904,868,817,778,749,766,749,742,721,759,772,797,817,819,804,806,802,765,750,747,744,708,691,621,559,516,488,488,499,517,518,521,530,542,532,541,591,576,611,612,600,619,633,666,709,741,801,893,996,1038,1080,1147,1149,1134,1149,1168,1156,1161,1082,1014,986,967,994,1015,1064,1110,1159,1200,1300,1375,1385,1331,1355,1319,1247,1119,1048,1011,1000,
1,3,4,5,9,11,15,21,30,38,44,56,73,82,107,146,186,243,280,388,483,613,801,949,1100,1214,1247,1329,1413,1572,1738,1891,1904,1861,1810,1773,1758,1678,1641,1582,1545,1510,1469,1352,1186,1052,928,812,733,662,617,584,578,582,585,587,581,586,589,563,543,548,540,575,600,619,656,665,674,684,693,709,753,765,764,799,810,822,821,805,753,727,680,653,626,606,586,562,547,561,588,631,667,694,746,737,688,675,674,678,705,746,777,816,880,917,949,885,848,828,839,843,829,811,832,839,867,899,917,940,904,868,817,778,749,766,749,742,721,759,772,797,817,819,804,806,802,765,750,747,744,708,691,621,559,516,488,488,499,517,518,521,530,542,532,541,591,576,611,612,600,619,633,666,709,741,801,893,996,1038,1080,1147,1149,1134,1149,1168,1156,1161,1082,1014,986,967,994,1015,1064,1110,1159,1200,1300,1375,1385,1331,1355,1319,1247,1119,1048,1011,1000,
1,3,4,5,9,11,15,21,30,38,44,56,73,82,107,146,186,243,280,388,483,613,801,949,1100,1214,1247,1329,1413,1572,1738,1891,1904,1861,1810,1773,1758,1678,1641,1582,1545,1510,1469,1352,1186,1052,928,812,733,662,617,584,578,582,585,587,581,586,589,563,543,548,540,575,600,619,656,665,674,684,693,709,753,765,764,799,810,822,821,805,753,727,680,653,626,606,586,562,547,561,588,631,667,694,746,737,688,675,674,678,705,746,777,816,880,917,949,885,848,828,839,843,829,811,832,839,867,899,917,940,904,868,817,778,749,766,749,742,721,759,772,797,817,819,804,806,802,765,750,747,744,708,691,621,559,516,488,488,499,517,518,521,530,542,532,541,591,576,611,612,600,619,633,666,709,741,801,893,996,1038,1080,1147,1149,1134,1149,1168,1156,1161,1082,1014,986,967,994,1015,1064,1110,1159,1200,1300,1375,1385,1331,1355,1319,1247,1119,1048,1011,1000,
1,3,4,5,9,11,15,21,30,38,44,56,73,82,107,146,186,243,280,388,483,613,801,949,1100,1214,1247,1329,1413,1572,1738,1891,1904,1861,1810,1773,1758,1678,1641,1582,1545,1510,1469,1352,1186,1052,928,812,733,662,617,584,578,582,585,587,581,586,589,563,543,548,540,575,600,619,656,665,674,684,693,709,753,765,764,799,810,822,821,805,753,727,680,653,626,606,586,562,547,561,588,631,667,694,746,737,688,675,674,678,705,746,777,816,880,917,949,885,848,828,839,843,829,811,832,839,867,899,917,940,904,868,817,778,749,766,749,742,721,759,772,797,817,819,804,806,802,765,750,747,744,708,691,621,559,516,488,488,499,517,518,521,530,542,532,541,591,576,611,612,600,619,633,666,709,741,801,893,996,1038,1080,1147,1149,1134,1149,1168,1156,1161,1082,1014,986,967,994,1015,1064,1110,1159,1200,1300,1375,1385,1331,1355,1319,1247,1119,1048,1011,1000,
1,3,4,5,9,11,15,21,30,38,44,56,73,82,107,146,186,243,280,388,483,613,801,949,1100,1214,1247,1329,1413,1572,1738,1891,1904,1861,1810,1773,1758,1678,1641,1582,1545,1510,1469,1352,1186,1052,928,812,733,662,617,584,578,582,585,587,581,586,589,563,543,548,540,575,600,619,656,665,674,684,693,709,753,765,764,799,810,822,821,805,753,727,680,653,626,606,586,562,547,561,588,631,667,694,746,737,688,675,674,678,705,746,777,816,880,917,949,885,848,828,839,843,829,811,832,839,867,899,917,940,904,868,817,778,749,766,749,742,721,759,772,797,817,819,804,806,802,765,750,747,744,708,691,621,559,516,488,488,499,517,518,521,530,542,532,541,591,576,611,612,600,619,633,666,709,741,801,893,996,1038,1080,1147,1149,1134,1149,1168,1156,1161,1082,1014,986,967,994,1015,1064,1110,1159,1200,1300,1375,1385,1331,1355,1319,1247,1119,1048,1011,1000,
1,3,4,5,9,11,15,21,30,38,44,56,73,82,107,146,186,243,280,388,483,613,801,949,1100,1214,1247,1329,1413,1572,1738,1891,1904,1861,1810,1773,1758,1678,1641,1582,1545,1510,1469,1352,1186,1052,928,812,733,662,617,584,578,582,585,587,581,586,589,563,543,548,540,575,600,619,656,665,674,684,693,709,753,765,764,799,810,822,821,805,753,727,680,653,626,606,586,562,547,561,588,631,667,694,746,737,688,675,674,678,705,746,777,816,880,917,949,885,848,828,839,843,829,811,832,839,867,899,917,940,904,868,817,778,749,766,749,742,721,759,772,797,817,819,804,806,802,765,750,747,744,708,691,621,559,516,488,488,499,517,518,521,530,542,532,541,591,576,611,612,600,619,633,666,709,741,801,893,996,1038,1080,1147,1149,1134,1149,1168,1156,1161,1082,1014,986,967,994,1015,1064,1110,1159,1200,1300,1375,1385,1331,1355,1319,1247,1119,1048,1011,1000,
1,3,4,5,9,11,15,21,30,38,44,56,73,82,107,146,186,243,280,388,483,613,801,949,1100,1214,1247,1329,1413,1572,1738,1891,1904,1861,1810,1773,1758,1678,1641,1582,1545,1510,1469,1352,1186,1052,928,812,733,662,617,584,578,582,585,587,581,586,589,563,543,548,540,575,600,619,656,665,674,684,693,709,753,765,764,799,810,822,821,805,753,727,680,653,626,606,586,562,547,561,588,631,667,694,746,737,688,675,674,678,705,746,777,816,880,917,949,885,848,828,839,843,829,811,832,839,867,899,917,940,904,868,817,778,749,766,749,742,721,759,772,797,817,819,804,806,802,765,750,747,744,708,691,621,559,516,488,488,499,517,518,521,530,542,532,541,591,576,611,612,600,619,633,666,709,741,801,893,996,1038,1080,1147,1149,1134,1149,1168,1156,1161,1082,1014,986,967,994,1015,1064,1110,1159,1200,1300,1375,1385,1331,1355,1319,1247,1119,1048,1011,1000,
1,3,4,5,9,11,15,21,30,38,44,56,73,82,107,146,186,243,280,388,483,613,801,949,1100,1214,1247,1329,1413,1572,1738,1891,1904,1861,1810,1773,1758,1678,1641,1582,1545,1510,1469,1352,1186,1052,928,812,733,662,617,584,578,582,585,587,581,586,589,563,543,548,540,575,600,619,656,665,674,684,693,709,753,765,764,799,810,822,821,805,753,727,680,653,626,606,586,562,547,561,588,631,667,694,746,737,688,675,674,678,705,746,777,816,880,917,949,885,848,828,839,843,829,811,832,839,867,899,917,940,904,868,817,778,749,766,749,742,721,759,772,797,817,819,804,806,802,765,750,747,744,708,691,621,559,516,488,488,499,517,518,521,530,542,532,541,591,576,611,612,600,619,633,666,709,741,801,893,996,1038,1080,1147,1149,1134,1149,1168,1156,1161,1082,1014,986,967,994,1015,1064,1110,1159,1200,1300,1375,1385,1331,1355,1319,1247,1119,1048,1011,1000,
1,3,4,5,9,11,15,21,30,38,44,56,73,82,107,146,186,243,280,388,483,613,801,949,1100,1214,1247,1329,1413,1572,1738,1891,1904,1861,1810,1773,1758,1678,1641,1582,1545,1510,1469,1352,1186,1052,928,812,733,662,617,584,578,582,585,587,581,586,589,563,543,548,540,575,600,619,656,665,674,684,693,709,753,765,764,799,810,822,821,805,753,727,680,653,626,606,586,562,547,561,588,631,667,694,746,737,688,675,674,678,705,746,777,816,880,917,949,885,848,828,839,843,829,811,832,839,867,899,917,940,904,868,817,778,749,766,749,742,721,759,772,797,817,819,804,806,802,765,750,747,744,708,691,621,559,516,488,488,499,517,518,521,530,542,532,541,591,576,611,612,600,619,633,666,709,741,801,893,996,1038,1080,1147,1149,1134,1149,1168,1156,1161,1082,1014,986,967,994,1015,1064,1110,1159,1200,1300,1375,1385,1331,1355,1319,1247,1119,1048,1011,1000,
1,3,4,5,9,11,15,21,30,38,44,56,73,82,107,146,186,243,280,388,483,613,801,949,1100,1214,1247,1329,1413,1572,1738,1891,1904,1861,1810,1773,1758,1678,1641,1582,1545,1510,1469,1352,1186,1052,928,812,733,662,617,584,578,582,585,587,581,586,589,563,543,548,540,575,600,619,656,665,674,684,693,709,753,765,764,799,810,822,821,805,753,727,680,653,626,606,586,562,547,561,588,631,667,694,746,737,688,675,674,678,705,746,777,816,880,917,949,885,848,828,839,843,829,811,832,839,867,899,917,940,904,868,817,778,749,766,749,742,721,759,772,797,817,819,804,806,802,765,750,747,744,708,691,621,559,516,488,488,499,517,518,521,530,542,532,541,591,576,611,612,600,619,633,666,709,741,801,893,996,1038,1080,1147,1149,1134,1149,1168,1156,1161,1082,1014,986,967,994,1015,1064,1110,1159,1200,1300,1375,1385,1331,1355,1319,1247,1119,1048,1011,1000,
1,3,4,5,9,11,15,21,30,38,44,56,73,82,107,146,186,243,280,388,483,613,801,949,1100,1214,1247,1329,1413,1572,1738,1891,1904,1861,1810,1773,1758,1678,1641,1582,1545,1510,1469,1352,1186,1052,928,812,733,662,617,584,578,582,585,587,581,586,589,563,543,548,540,575,600,619,656,665,674,684,693,709,753,765,764,799,810,822,821,805,753,727,680,653,626,606,586,562,547,561,588,631,667,694,746,737,688,675,674,678,705,746,777,816,880,917,949,885,848,828,839,843,829,811,832,839,867,899,917,940,904,868,817,778,749,766,749,742,721,759,772,797,817,819,804,806,802,765,750,747,744,708,691,621,559,516,488,488,499,517,518,521,530,542,532,541,591,576,611,612,600,619,633,666,709,741,801,893,996,1038,1080,1147,1149,1134,1149,1168,1156,1161,1082,1014,986,967,994,1015,1064,1110,1159,1200,1300,1375,1385,1331,1355,1319,1247,1119,1048,1011,1000,
1,3,4,5,9,11,15,21,30,38,44,56,73,82,107,146,186,243,280,388,483,613,801,949,1100,1214,1247,1329,1413,1572,1738,1891,1904,1861,1810,1773,1758,1678,1641,1582,1545,1510,1469,1352,1186,1052,928,812,733,662,617,584,578,582,585,587,581,586,589,563,543,548,540,575,600,619,656,665,674,684,693,709,753,765,764,799,810,822,821,805,753,727,680,653,626,606,586,562,547,561,588,631,667,694,746,737,688,675,674,678,705,746,777,816,880,917,949,885,848,828,839,843,829,811,832,839,867,899,917,940,904,868,817,778,749,766,749,742,721,759,772,797,817,819,804,806,802,765,750,747,744,708,691,621,559,516,488,488,499,517,518,521,530,542,532,541,591,576,611,612,600,619,633,666,709,741,801,893,996,1038,1080,1147,1149,1134,1149,1168,1156,1161,1082,1014,986,967,994,1015,1064,1110,1159,1200,1300,1375,1385,1331,1355,1319,1247,1119,1048,1011,1000,
1,3,4,5,9,11,15,21,30,38,44,56,73,82,107,146,186,243,280,388,483,613,801,949,1100,1214,1247,1329,1413,1572,1738,1891,1904,1861,1810,1773,1758,1678,1641,1582,1545,1510,1469,1352,1186,1052,928,812,733,662,617,584,578,582,585,587,581,586,589,563,543,548,540,575,600,619,656,665,674,684,693,709,753,765,764,799,810,822,821,805,753,727,680,653,626,606,586,562,547,561,588,631,667,694,746,737,688,675,674,678,705,746,777,816,880,917,949,885,848,828,839,843,829,811,832,839,867,899,917,940,904,868,817,778,749,766,749,742,721,759,772,797,817,819,804,806,802,765,750,747,744,708,691,621,559,516,488,488,499,517,518,521,530,542,532,541,591,576,611,612,600,619,633,666,709,741,801,893,996,1038,1080,1147,1149,1134,1149,1168,1156,1161,1082,1014,986,967,994,1015,1064,1110,1159,1200,1300,1375,1385,1331,1355,1319,1247,1119,1048,1011,1000,
1,4,7,5,6,10,14,22,32,37,44,48,60,80,113,129,188,239,300,384,448,521,624,748,906,1096,1291,1465,1589,1720,1907,2079,2146,2179,2237,2149,2039,1927,1743,1566,1408,1268,1153,1003,906,849,793,716,657,616,548,472,414,386,365,372,381,383,413,454,507,561,566,566,598,597,614,585,574,579,591,571,585,589,587,561,560,605,619,647,642,627,651,660,672,677,670,673,638,630,630,651,637,643,660,642,627,612,613,622,629,606,569,545,522,505,524,497,513,518,545,570,582,570,577,570,590,600,587,596,596,599,628,667,699,727,725,776,798,796,826,881,980,1002,987,975,1000,1027,1036,1039,1055,1086,1112,1137,1127,1136,1062,952,930,926,894,844,796,766,713,710,692,672,679,731,758,819,854,882,905,920,889,867,840,815,827,854,800,752,763,766,776,816,905,973,1026,1050,1077,1080,1077,1092,1205,1360,1547,1660,1849,1960,2181,2377,2457,2456,2438,2392,2345,
1,4,7,5,6,10,14,22,32,37,44,48,60,80,113,129,188,239,300,384,448,521,624,748,906,1096,1291,1465,1589,1720,1907,2079,2146,2179,2237,2149,2039,1927,1743,1566,1408,1268,1153,1003,906,849,793,716,657,616,548,472,414,386,365,372,381,383,413,454,507,561,566,566,598,597,614,585,574,579,591,571,585,589,587,561,560,605,619,647,642,627,651,660,672,677,670,673,638,630,630,651,637,643,660,642,627,612,613,622,629,606,569,545,522,505,524,497,513,518,545,570,582,570,577,570,590,600,587,596,596,599,628,667,699,727,725,776,798,796,826,881,980,1002,987,975,1000,1027,1036,1039,1055,1086,1112,1137,1127,1136,1062,952,930,926,894,844,796,766,713,710,692,672,679,731,758,819,854,882,905,920,889,867,840,815,827,854,800,752,763,766,776,816,905,973,1026,1050,1077,1080,1077,1092,1205,1360,1547,1660,1849,1960,2181,2377,2457,2456,2438,2392,2345,
1,4,7,5,6,10,14,22,32,37,44,48,60,80,113,129,188,239,300,384,448,521,624,748,906,1096,1291,1465,1589,1720,1907,2079,2146,2179,2237,2149,2039,1927,1743,1566,1408,1268,1153,1003,906,849,793,716,657,616,548,472,414,386,365,372,381,383,413,454,507,561,566,566,598,597,614,585,574,579,591,571,585,589,587,561,560,605,619,647,642,627,651,660,672,677,670,673,638,630,630,651,637,643,660,642,627,612,613,622,629,606,569,545,522,505,524,497,513,518,545,570,582,570,577,570,590,600,587,596,596,599,628,667,699,727,725,776,798,796,826,881,980,1002,987,975,1000,1027,1036,1039,1055,1086,1112,1137,1127,1136,1062,952,930,926,894,844,796,766,713,710,692,672,679,731,758,819,854,882,905,920,889,867,840,815,827,854,800,752,763,766,776,816,905,973,1026,1050,1077,1080,1077,1092,1205,1360,1547,1660,1849,1960,2181,2377,2457,2456,2438,2392,2345,
1,4,7,5,6,10,14,22,32,37,44,48,60,80,113,129,188,239,300,384,448,521,624,748,906,1096,1291,1465,1589,1720,1907,2079,2146,2179,2237,2149,2039,1927,1743,1566,1408,1268,1153,1003,906,849,793,716,657,616,548,472,414,386,365,372,381,383,413,454,507,561,566,566,598,597,614,585,574,579,591,571,585,589,587,561,560,605,619,647,642,627,651,660,672,677,670,673,638,630,630,651,637,643,660,642,627,612,613,622,629,606,569,545,522,505,524,497,513,518,545,570,582,570,577,570,590,600,587,596,596,599,628,667,699,727,725,776,798,796,826,881,980,1002,987,975,1000,1027,1036,1039,1055,1086,1112,1137,1127,1136,1062,952,930,926,894,844,796,766,713,710,692,672,679,731,758,819,854,882,905,920,889,867,840,815,827,854,800,752,763,766,776,816,905,973,1026,1050,1077,1080,1077,1092,1205,1360,1547,1660,1849,1960,2181,2377,2457,2456,2438,2392,2345,
1,4,7,5,6,10,14,22,32,37,44,48,60,80,113,129,188,239,300,384,448,521,624,748,906,1096,1291,1465,1589,1720,1907,2079,2146,2179,2237,2149,2039,1927,1743,1566,1408,1268,1153,1003,906,849,793,716,657,616,548,472,414,386,365,372,381,383,413,454,507,561,566,566,598,597,614,585,574,579,591,571,585,589,587,561,560,605,619,647,642,627,651,660,672,677,670,673,638,630,630,651,637,643,660,642,627,612,613,622,629,606,569,545,522,505,524,497,513,518,545,570,582,570,577,570,590,600,587,596,596,599,628,667,699,727,725,776,798,796,826,881,980,1002,987,975,1000,1027,1036,1039,1055,1086,1112,1137,1127,1136,1062,952,930,926,894,844,796,766,713,710,692,672,679,731,758,819,854,882,905,920,889,867,840,815,827,854,800,752,763,766,776,816,905,973,1026,1050,1077,1080,1077,1092,1205,1360,1547,1660,1849,1960,2181,2377,2457,2456,2438,2392,2345,
1,4,7,5,6,10,14,22,32,37,44,48,60,80,113,129,188,239,300,384,448,521,624,748,906,1096,1291,1465,1589,1720,1907,2079,2146,2179,2237,2149,2039,1927,1743,1566,1408,1268,1153,1003,906,849,793,716,657,616,548,472,414,386,365,372,381,383,413,454,507,561,566,566,598,597,614,585,574,579,591,571,585,589,587,561,560,605,619,647,642,627,651,660,672,677,670,673,638,630,630,651,637,643,660,642,627,612,613,622,629,606,569,545,522,505,524,497,513,518,545,570,582,570,577,570,590,600,587,596,596,599,628,667,699,727,725,776,798,796,826,881,980,1002,987,975,1000,1027,1036,1039,1055,1086,1112,1137,1127,1136,1062,952,930,926,894,844,796,766,713,710,692,672,679,731,758,819,854,882,905,920,889,867,840,815,827,854,800,752,763,766,776,816,905,973,1026,1050,1077,1080,1077,1092,1205,1360,1547,1660,1849,1960,2181,2377,2457,2456,2438,2392,2345,
1,4,7,5,6,10,14,22,32,37,44,48,60,80,113,129,188,239,300,384,448,521,624,748,906,1096,1291,1465,1589,1720,1907,2079,2146,2179,2237,2149,2039,1927,1743,1566,1408,1268,1153,1003,906,849,793,716,657,616,548,472,414,386,365,372,381,383,413,454,507,561,566,566,598,597,614,585,574,579,591,571,585,589,587,561,560,605,619,647,642,627,651,660,672,677,670,673,638,630,630,651,637,643,660,642,627,612,613,622,629,606,569,545,522,505,524,497,513,518,545,570,582,570,577,570,590,600,587,596,596,599,628,667,699,727,725,776,798,796,826,881,980,1002,987,975,1000,1027,1036,1039,1055,1086,1112,1137,1127,1136,1062,952,930,926,894,844,796,766,713,710,692,672,679,731,758,819,854,882,905,920,889,867,840,815,827,854,800,752,763,766,776,816,905,973,1026,1050,1077,1080,1077,1092,1205,1360,1547,1660,1849,1960,2181,2377,2457,2456,2438,2392,2345,
1,4,7,5,6,10,14,22,32,37,44,48,60,80,113,129,188,239,300,384,448,521,624,748,906,1096,1291,1465,1589,1720,1907,2079,2146,2179,2237,2149,2039,1927,1743,1566,1408,1268,1153,1003,906,849,793,716,657,616,548,472,414,386,365,372,381,383,413,454,507,561,566,566,598,597,614,585,574,579,591,571,585,589,587,561,560,605,619,647,642,627,651,660,672,677,670,673,638,630,630,651,637,643,660,642,627,612,613,622,629,606,569,545,522,505,524,497,513,518,545,570,582,570,577,570,590,600,587,596,596,599,628,667,699,727,725,776,798,796,826,881,980,1002,987,975,1000,1027,1036,1039,1055,1086,1112,1137,1127,1136,1062,952,930,926,894,844,796,766,713,710,692,672,679,731,758,819,854,882,905,920,889,867,840,815,827,854,800,752,763,766,776,816,905,973,1026,1050,1077,1080,1077,1092,1205,1360,1547,1660,1849,1960,2181,2377,2457,2456,2438,2392,2345,
1,4,7,5,6,10,14,22,32,37,44,48,60,80,113,129,188,239,300,384,448,521,624,748,906,1096,1291,1465,1589,1720,1907,2079,2146,2179,2237,2149,2039,1927,1743,1566,1408,1268,1153,1003,906,849,793,716,657,616,548,472,414,386,365,372,381,383,413,454,507,561,566,566,598,597,614,585,574,579,591,571,585,589,587,561,560,605,619,647,642,627,651,660,672,677,670,673,638,630,630,651,637,643,660,642,627,612,613,622,629,606,569,545,522,505,524,497,513,518,545,570,582,570,577,570,590,600,587,596,596,599,628,667,699,727,725,776,798,796,826,881,980,1002,987,975,1000,1027,1036,1039,1055,1086,1112,1137,1127,1136,1062,952,930,926,894,844,796,766,713,710,692,672,679,731,758,819,854,882,905,920,889,867,840,815,827,854,800,752,763,766,776,816,905,973,1026,1050,1077,1080,1077,1092,1205,1360,1547,1660,1849,1960,2181,2377,2457,2456,2438,2392,2345,
1,4,7,5,6,10,14,22,32,37,44,48,60,80,113,129,188,239,300,384,448,521,624,748,906,1096,1291,1465,1589,1720,1907,2079,2146,2179,2237,2149,2039,1927,1743,1566,1408,1268,1153,1003,906,849,793,716,657,616,548,472,414,386,365,372,381,383,413,454,507,561,566,566,598,597,614,585,574,579,591,571,585,589,587,561,560,605,619,647,642,627,651,660,672,677,670,673,638,630,630,651,637,643,660,642,627,612,613,622,629,606,569,545,522,505,524,497,513,518,545,570,582,570,577,570,590,600,587,596,596,599,628,667,699,727,725,776,798,796,826,881,980,1002,987,975,1000,1027,1036,1039,1055,1086,1112,1137,1127,1136,1062,952,930,926,894,844,796,766,713,710,692,672,679,731,758,819,854,882,905,920,889,867,840,815,827,854,800,752,763,766,776,816,905,973,1026,1050,1077,1080,1077,1092,1205,1360,1547,1660,1849,1960,2181,2377,2457,2456,2438,2392,2345,
1,4,7,5,6,10,14,22,32,37,44,48,60,80,113,129,188,239,300,384,448,521,624,748,906,1096,1291,1465,1589,1720,1907,2079,2146,2179,2237,2149,2039,1927,1743,1566,1408,1268,1153,1003,906,849,793,716,657,616,548,472,414,386,365,372,381,383,413,454,507,561,566,566,598,597,614,585,574,579,591,571,585,589,587,561,560,605,619,647,642,627,651,660,672,677,670,673,638,630,630,651,637,643,660,642,627,612,613,622,629,606,569,545,522,505,524,497,513,518,545,570,582,570,577,570,590,600,587,596,596,599,628,667,699,727,725,776,798,796,826,881,980,1002,987,975,1000,1027,1036,1039,1055,1086,1112,1137,1127,1136,1062,952,930,926,894,844,796,766,713,710,692,672,679,731,758,819,854,882,905,920,889,867,840,815,827,854,800,752,763,766,776,816,905,973,1026,1050,1077,1080,1077,1092,1205,1360,1547,1660,1849,1960,2181,2377,2457,2456,2438,2392,2345,
1,4,7,5,6,10,14,22,32,37,44,48,60,80,113,129,188,239,300,384,448,521,624,748,906,1096,1291,1465,1589,1720,1907,2079,2146,2179,2237,2149,2039,1927,1743,1566,1408,1268,1153,1003,906,849,793,716,657,616,548,472,414,386,365,372,381,383,413,454,507,561,566,566,598,597,614,585,574,579,591,571,585,589,587,561,560,605,619,647,642,627,651,660,672,677,670,673,638,630,630,651,637,643,660,642,627,612,613,622,629,606,569,545,522,505,524,497,513,518,545,570,582,570,577,570,590,600,587,596,596,599,628,667,699,727,725,776,798,796,826,881,980,1002,987,975,1000,1027,1036,1039,1055,1086,1112,1137,1127,1136,1062,952,930,926,894,844,796,766,713,710,692,672,679,731,758,819,854,882,905,920,889,867,840,815,827,854,800,752,763,766,776,816,905,973,1026,1050,1077,1080,1077,1092,1205,1360,1547,1660,1849,1960,2181,2377,2457,2456,2438,2392,2345,
1,4,7,5,6,10,14,22,32,37,44,48,60,80,113,129,188,239,300,384,448,521,624,748,906,1096,1291,1465,1589,1720,1907,2079,2146,2179,2237,2149,2039,1927,1743,1566,1408,1268,1153,1003,906,849,793,716,657,616,548,472,414,386,365,372,381,383,413,454,507,561,566,566,598,597,614,585,574,579,591,571,585,589,587,561,560,605,619,647,642,627,651,660,672,677,670,673,638,630,630,651,637,643,660,642,627,612,613,622,629,606,569,545,522,505,524,497,513,518,545,570,582,570,577,570,590,600,587,596,596,599,628,667,699,727,725,776,798,796,826,881,980,1002,987,975,1000,1027,1036,1039,1055,1086,1112,1137,1127,1136,1062,952,930,926,894,844,796,766,713,710,692,672,679,731,758,819,854,882,905,920,889,867,840,815,827,854,800,752,763,766,776,816,905,973,1026,1050,1077,1080,1077,1092,1205,1360,1547,1660,1849,1960,2181,2377,2457,2456,2438,2392,2345,
1,4,7,5,6,10,14,22,32,37,44,48,60,80,113,129,188,239,300,384,448,521,624,748,906,1096,1291,1465,1589,1720,1907,2079,2146,2179,2237,2149,2039,1927,1743,1566,1408,1268,1153,1003,906,849,793,716,657,616,548,472,414,386,365,372,381,383,413,454,507,561,566,566,598,597,614,585,574,579,591,571,585,589,587,561,560,605,619,647,642,627,651,660,672,677,670,673,638,630,630,651,637,643,660,642,627,612,613,622,629,606,569,545,522,505,524,497,513,518,545,570,582,570,577,570,590,600,587,596,596,599,628,667,699,727,725,776,798,796,826,881,980,1002,987,975,1000,1027,1036,1039,1055,1086,1112,1137,1127,1136,1062,952,930,926,894,844,796,766,713,710,692,672,679,731,758,819,854,882,905,920,889,867,840,815,827,854,800,752,763,766,776,816,905,973,1026,1050,1077,1080,1077,1092,1205,1360,1547,1660,1849,1960,2181,2377,2457,2456,2438,2392,2345,
1,4,7,5,6,10,14,22,32,37,44,48,60,80,113,129,188,239,300,384,448,521,624,748,906,1096,1291,1465,1589,1720,1907,2079,2146,2179,2237,2149,2039,1927,1743,1566,1408,1268,1153,1003,906,849,793,716,657,616,548,472,414,386,365,372,381,383,413,454,507,561,566,566,598,597,614,585,574,579,591,571,585,589,587,561,560,605,619,647,642,627,651,660,672,677,670,673,638,630,630,651,637,643,660,642,627,612,613,622,629,606,569,545,522,505,524,497,513,518,545,570,582,570,577,570,590,600,587,596,596,599,628,667,699,727,725,776,798,796,826,881,980,1002,987,975,1000,1027,1036,1039,1055,1086,1112,1137,1127,1136,1062,952,930,926,894,844,796,766,713,710,692,672,679,731,758,819,854,882,905,920,889,867,840,815,827,854,800,752,763,766,776,816,905,973,1026,1050,1077,1080,1077,1092,1205,1360,1547,1660,1849,1960,2181,2377,2457,2456,2438,2392,2345,
1,4,7,5,6,10,14,22,32,37,44,48,60,80,113,129,188,239,300,384,448,521,624,748,906,1096,1291,1465,1589,1720,1907,2079,2146,2179,2237,2149,2039,1927,1743,1566,1408,1268,1153,1003,906,849,793,716,657,616,548,472,414,386,365,372,381,383,413,454,507,561,566,566,598,597,614,585,574,579,591,571,585,589,587,561,560,605,619,647,642,627,651,660,672,677,670,673,638,630,630,651,637,643,660,642,627,612,613,622,629,606,569,545,522,505,524,497,513,518,545,570,582,570,577,570,590,600,587,596,596,599,628,667,699,727,725,776,798,796,826,881,980,1002,987,975,1000,1027,1036,1039,1055,1086,1112,1137,1127,1136,1062,952,930,926,894,844,796,766,713,710,692,672,679,731,758,819,854,882,905,920,889,867,840,815,827,854,800,752,763,766,776,816,905,973,1026,1050,1077,1080,1077,1092,1205,1360,1547,1660,1849,1960,2181,2377,2457,2456,2438,2392,2345,
1,4,7,5,6,10,14,22,32,37,44,48,60,80,113,129,188,239,300,384,448,521,624,748,906,1096,1291,1465,1589,1720,1907,2079,2146,2179,2237,2149,2039,1927,1743,1566,1408,1268,1153,1003,906,849,793,716,657,616,548,472,414,386,365,372,381,383,413,454,507,561,566,566,598,597,614,585,574,579,591,571,585,589,587,561,560,605,619,647,642,627,651,660,672,677,670,673,638,630,630,651,637,643,660,642,627,612,613,622,629,606,569,545,522,505,524,497,513,518,545,570,582,570,577,570,590,600,587,596,596,599,628,667,699,727,725,776,798,796,826,881,980,1002,987,975,1000,1027,1036,1039,1055,1086,1112,1137,1127,1136,1062,952,930,926,894,844,796,766,713,710,692,672,679,731,758,819,854,882,905,920,889,867,840,815,827,854,800,752,763,766,776,816,905,973,1026,1050,1077,1080,1077,1092,1205,1360,1547,1660,1849,1960,2181,2377,2457,2456,2438,2392,2345,
1,4,7,5,6,10,14,22,32,37,44,48,60,80,113,129,188,239,300,384,448,521,624,748,906,1096,1291,1465,1589,1720,1907,2079,2146,2179,2237,2149,2039,1927,1743,1566,1408,1268,1153,1003,906,849,793,716,657,616,548,472,414,386,365,372,381,383,413,454,507,561,566,566,598,597,614,585,574,579,591,571,585,589,587,561,560,605,619,647,642,627,651,660,672,677,670,673,638,630,630,651,637,643,660,642,627,612,613,622,629,606,569,545,522,505,524,497,513,518,545,570,582,570,577,570,590,600,587,596,596,599,628,667,699,727,725,776,798,796,826,881,980,1002,987,975,1000,1027,1036,1039,1055,1086,1112,1137,1127,1136,1062,952,930,926,894,844,796,766,713,710,692,672,679,731,758,819,854,882,905,920,889,867,840,815,827,854,800,752,763,766,776,816,905,973,1026,1050,1077,1080,1077,1092,1205,1360,1547,1660,1849,1960,2181,2377,2457,2456,2438,2392,2345,
1,4,7,5,6,10,14,22,32,37,44,48,60,80,113,129,188,239,300,384,448,521,624,748,906,1096,1291,1465,1589,1720,1907,2079,2146,2179,2237,2149,2039,1927,1743,1566,1408,1268,1153,1003,906,849,793,716,657,616,548,472,414,386,365,372,381,383,413,454,507,561,566,566,598,597,614,585,574,579,591,571,585,589,587,561,560,605,619,647,642,627,651,660,672,677,670,673,638,630,630,651,637,643,660,642,627,612,613,622,629,606,569,545,522,505,524,497,513,518,545,570,582,570,577,570,590,600,587,596,596,599,628,667,699,727,725,776,798,796,826,881,980,1002,987,975,1000,1027,1036,1039,1055,1086,1112,1137,1127,1136,1062,952,930,926,894,844,796,766,713,710,692,672,679,731,758,819,854,882,905,920,889,867,840,815,827,854,800,752,763,766,776,816,905,973,1026,1050,1077,1080,1077,1092,1205,1360,1547,1660,1849,1960,2181,2377,2457,2456,2438,2392,2345,
1,4,7,5,6,10,14,22,32,37,44,48,60,80,113,129,188,239,300,384,448,521,624,748,906,1096,1291,1465,1589,1720,1907,2079,2146,2179,2237,2149,2039,1927,1743,1566,1408,1268,1153,1003,906,849,793,716,657,616,548,472,414,386,365,372,381,383,413,454,507,561,566,566,598,597,614,585,574,579,591,571,585,589,587,561,560,605,619,647,642,627,651,660,672,677,670,673,638,630,630,651,637,643,660,642,627,612,613,622,629,606,569,545,522,505,524,497,513,518,545,570,582,570,577,570,590,600,587,596,596,599,628,667,699,727,725,776,798,796,826,881,980,1002,987,975,1000,1027,1036,1039,1055,1086,1112,1137,1127,1136,1062,952,930,926,894,844,796,766,713,710,692,672,679,731,758,819,854,882,905,920,889,867,840,815,827,854,800,752,763,766,776,816,905,973,1026,1050,1077,1080,1077,1092,1205,1360,1547,1660,1849,1960,2181,2377,2457,2456,2438,2392,2345,
1,4,7,5,6,10,14,22,32,37,44,48,60,80,113,129,188,239,300,384,448,521,624,748,906,1096,1291,1465,1589,1720,1907,2079,2146,2179,2237,2149,2039,1927,1743,1566,1408,1268,1153,1003,906,849,793,716,657,616,548,472,414,386,365,372,381,383,413,454,507,561,566,566,598,597,614,585,574,579,591,571,585,589,587,561,560,605,619,647,642,627,651,660,672,677,670,673,638,630,630,651,637,643,660,642,627,612,613,622,629,606,569,545,522,505,524,497,513,518,545,570,582,570,577,570,590,600,587,596,596,599,628,667,699,727,725,776,798,796,826,881,980,1002,987,975,1000,1027,1036,1039,1055,1086,1112,1137,1127,1136,1062,952,930,926,894,844,796,766,713,710,692,672,679,731,758,819,854,882,905,920,889,867,840,815,827,854,800,752,763,766,776,816,905,973,1026,1050,1077,1080,1077,1092,1205,1360,1547,1660,1849,1960,2181,2377,2457,2456,2438,2392,2345,
1,4,7,5,6,10,14,22,32,37,44,48,60,80,113,129,188,239,300,384,448,521,624,748,906,1096,1291,1465,1589,1720,1907,2079,2146,2179,2237,2149,2039,1927,1743,1566,1408,1268,1153,1003,906,849,793,716,657,616,548,472,414,386,365,372,381,383,413,454,507,561,566,566,598,597,614,585,574,579,591,571,585,589,587,561,560,605,619,647,642,627,651,660,672,677,670,673,638,630,630,651,637,643,660,642,627,612,613,622,629,606,569,545,522,505,524,497,513,518,545,570,582,570,577,570,590,600,587,596,596,599,628,667,699,727,725,776,798,796,826,881,980,1002,987,975,1000,1027,1036,1039,1055,1086,1112,1137,1127,1136,1062,952,930,926,894,844,796,766,713,710,692,672,679,731,758,819,854,882,905,920,889,867,840,815,827,854,800,752,763,766,776,816,905,973,1026,1050,1077,1080,1077,1092,1205,1360,1547,1660,1849,1960,2181,2377,2457,2456,2438,2392,2345,
1,4,7,5,6,10,14,22,32,37,44,48,60,80,113,129,188,239,300,384,448,521,624,748,906,1096,1291,1465,1589,1720,1907,2079,2146,2179,2237,2149,2039,1927,1743,1566,1408,1268,1153,1003,906,849,793,716,657,616,548,472,414,386,365,372,381,383,413,454,507,561,566,566,598,597,614,585,574,579,591,571,585,589,587,561,560,605,619,647,642,627,651,660,672,677,670,673,638,630,630,651,637,643,660,642,627,612,613,622,629,606,569,545,522,505,524,497,513,518,545,570,582,570,577,570,590,600,587,596,596,599,628,667,699,727,725,776,798,796,826,881,980,1002,987,975,1000,1027,1036,1039,1055,1086,1112,1137,1127,1136,1062,952,930,926,894,844,796,766,713,710,692,672,679,731,758,819,854,882,905,920,889,867,840,815,827,854,800,752,763,766,776,816,905,973,1026,1050,1077,1080,1077,1092,1205,1360,1547,1660,1849,1960,2181,2377,2457,2456,2438,2392,2345,
1,4,7,5,6,10,14,22,32,37,44,48,60,80,113,129,188,239,300,384,448,521,624,748,906,1096,1291,1465,1589,1720,1907,2079,2146,2179,2237,2149,2039,1927,1743,1566,1408,1268,1153,1003,906,849,793,716,657,616,548,472,414,386,365,372,381,383,413,454,507,561,566,566,598,597,614,585,574,579,591,571,585,589,587,561,560,605,619,647,642,627,651,660,672,677,670,673,638,630,630,651,637,643,660,642,627,612,613,622,629,606,569,545,522,505,524,497,513,518,545,570,582,570,577,570,590,600,587,596,596,599,628,667,699,727,725,776,798,796,826,881,980,1002,987,975,1000,1027,1036,1039,1055,1086,1112,1137,1127,1136,1062,952,930,926,894,844,796,766,713,710,692,672,679,731,758,819,854,882,905,920,889,867,840,815,827,854,800,752,763,766,776,816,905,973,1026,1050,1077,1080,1077,1092,1205,1360,1547,1660,1849,1960,2181,2377,2457,2456,2438,2392,2345,
1,4,7,5,6,10,14,22,32,37,44,48,60,80,113,129,188,239,300,384,448,521,624,748,906,1096,1291,1465,1589,1720,1907,2079,2146,2179,2237,2149,2039,1927,1743,1566,1408,1268,1153,1003,906,849,793,716,657,616,548,472,414,386,365,372,381,383,413,454,507,561,566,566,598,597,614,585,574,579,591,571,585,589,587,561,560,605,619,647,642,627,651,660,672,677,670,673,638,630,630,651,637,643,660,642,627,612,613,622,629,606,569,545,522,505,524,497,513,518,545,570,582,570,577,570,590,600,587,596,596,599,628,667,699,727,725,776,798,796,826,881,980,1002,987,975,1000,1027,1036,1039,1055,1086,1112,1137,1127,1136,1062,952,930,926,894,844,796,766,713,710,692,672,679,731,758,819,854,882,905,920,889,867,840,815,827,854,800,752,763,766,776,816,905,973,1026,1050,1077,1080,1077,1092,1205,1360,1547,1660,1849,1960,2181,2377,2457,2456,2438,2392,2345,
1,4,7,5,6,10,14,22,32,37,44,48,60,80,113,129,188,239,300,384,448,521,624,748,906,1096,1291,1465,1589,1720,1907,2079,2146,2179,2237,2149,2039,1927,1743,1566,1408,1268,1153,1003,906,849,793,716,657,616,548,472,414,386,365,372,381,383,413,454,507,561,566,566,598,597,614,585,574,579,591,571,585,589,587,561,560,605,619,647,642,627,651,660,672,677,670,673,638,630,630,651,637,643,660,642,627,612,613,622,629,606,569,545,522,505,524,497,513,518,545,570,582,570,577,570,590,600,587,596,596,599,628,667,699,727,725,776,798,796,826,881,980,1002,987,975,1000,1027,1036,1039,1055,1086,1112,1137,1127,1136,1062,952,930,926,894,844,796,766,713,710,692,672,679,731,758,819,854,882,905,920,889,867,840,815,827,854,800,752,763,766,776,816,905,973,1026,1050,1077,1080,1077,1092,1205,1360,1547,1660,1849,1960,2181,2377,2457,2456,2438,2392,2345,
1,4,7,5,6,10,14,22,32,37,44,48,60,80,113,129,188,239,300,384,448,521,624,748,906,1096,1291,1465,1589,1720,1907,2079,2146,2179,2237,2149,2039,1927,1743,1566,1408,1268,1153,1003,906,849,793,716,657,616,548,472,414,386,365,372,381,383,413,454,507,561,566,566,598,597,614,585,574,579,591,571,585,589,587,561,560,605,619,647,642,627,651,660,672,677,670,673,638,630,630,651,637,643,660,642,627,612,613,622,629,606,569,545,522,505,524,497,513,518,545,570,582,570,577,570,590,600,587,596,596,599,628,667,699,727,725,776,798,796,826,881,980,1002,987,975,1000,1027,1036,1039,1055,1086,1112,1137,1127,1136,1062,952,930,926,894,844,796,766,713,710,692,672,679,731,758,819,854,882,905,920,889,867,840,815,827,854,800,752,763,766,776,816,905,973,1026,1050,1077,1080,1077,1092,1205,1360,1547,1660,1849,1960,2181,2377,2457,2456,2438,2392,2345,
1,4,7,5,6,10,14,22,32,37,44,48,60,80,113,129,188,239,300,384,448,521,624,748,906,1096,1291,1465,1589,1720,1907,2079,2146,2179,2237,2149,2039,1927,1743,1566,1408,1268,1153,1003,906,849,793,716,657,616,548,472,414,386,365,372,381,383,413,454,507,561,566,566,598,597,614,585,574,579,591,571,585,589,587,561,560,605,619,647,642,627,651,660,672,677,670,673,638,630,630,651,637,643,660,642,627,612,613,622,629,606,569,545,522,505,524,497,513,518,545,570,582,570,577,570,590,600,587,596,596,599,628,667,699,727,725,776,798,796,826,881,980,1002,987,975,1000,1027,1036,1039,1055,1086,1112,1137,1127,1136,1062,952,930,926,894,844,796,766,713,710,692,672,679,731,758,819,854,882,905,920,889,867,840,815,827,854,800,752,763,766,776,816,905,973,1026,1050,1077,1080,1077,1092,1205,1360,1547,1660,1849,1960,2181,2377,2457,2456,2438,2392,2345,
1,4,7,5,6,10,14,22,32,37,44,48,60,80,113,129,188,239,300,384,448,521,624,748,906,1096,1291,1465,1589,1720,1907,2079,2146,2179,2237,2149,2039,1927,1743,1566,1408,1268,1153,1003,906,849,793,716,657,616,548,472,414,386,365,372,381,383,413,454,507,561,566,566,598,597,614,585,574,579,591,571,585,589,587,561,560,605,619,647,642,627,651,660,672,677,670,673,638,630,630,651,637,643,660,642,627,612,613,622,629,606,569,545,522,505,524,497,513,518,545,570,582,570,577,570,590,600,587,596,596,599,628,667,699,727,725,776,798,796,826,881,980,1002,987,975,1000,1027,1036,1039,1055,1086,1112,1137,1127,1136,1062,952,930,926,894,844,796,766,713,710,692,672,679,731,758,819,854,882,905,920,889,867,840,815,827,854,800,752,763,766,776,816,905,973,1026,1050,1077,1080,1077,1092,1205,1360,1547,1660,1849,1960,2181,2377,2457,2456,2438,2392,2345,
1,4,7,5,6,10,14,22,32,37,44,48,60,80,113,129,188,239,300,384,448,521,624,748,906,1096,1291,1465,1589,1720,1907,2079,2146,2179,2237,2149,2039,1927,1743,1566,1408,1268,1153,1003,906,849,793,716,657,616,548,472,414,386,365,372,381,383,413,454,507,561,566,566,598,597,614,585,574,579,591,571,585,589,587,561,560,605,619,647,642,627,651,660,672,677,670,673,638,630,630,651,637,643,660,642,627,612,613,622,629,606,569,545,522,505,524,497,513,518,545,570,582,570,577,570,590,600,587,596,596,599,628,667,699,727,725,776,798,796,826,881,980,1002,987,975,1000,1027,1036,1039,1055,1086,1112,1137,1127,1136,1062,952,930,926,894,844,796,766,713,710,692,672,679,731,758,819,854,882,905,920,889,867,840,815,827,854,800,752,763,766,776,816,905,973,1026,1050,1077,1080,1077,1092,1205,1360,1547,1660,1849,1960,2181,2377,2457,2456,2438,2392,2345,
1,4,7,5,6,10,14,22,32,37,44,48,60,80,113,129,188,239,300,384,448,521,624,748,906,1096,1291,1465,1589,1720,1907,2079,2146,2179,2237,2149,2039,1927,1743,1566,1408,1268,1153,1003,906,849,793,716,657,616,548,472,414,386,365,372,381,383,413,454,507,561,566,566,598,597,614,585,574,579,591,571,585,589,587,561,560,605,619,647,642,627,651,660,672,677,670,673,638,630,630,651,637,643,660,642,627,612,613,622,629,606,569,545,522,505,524,497,513,518,545,570,582,570,577,570,590,600,587,596,596,599,628,667,699,727,725,776,798,796,826,881,980,1002,987,975,1000,1027,1036,1039,1055,1086,1112,1137,1127,1136,1062,952,930,926,894,844,796,766,713,710,692,672,679,731,758,819,854,882,905,920,889,867,840,815,827,854,800,752,763,766,776,816,905,973,1026,1050,1077,1080,1077,1092,1205,1360,1547,1660,1849,1960,2181,2377,2457,2456,2438,2392,2345,
1,4,7,5,6,10,14,22,32,37,44,48,60,80,113,129,188,239,300,384,448,521,624,748,906,1096,1291,1465,1589,1720,1907,2079,2146,2179,2237,2149,2039,1927,1743,1566,1408,1268,1153,1003,906,849,793,716,657,616,548,472,414,386,365,372,381,383,413,454,507,561,566,566,598,597,614,585,574,579,591,571,585,589,587,561,560,605,619,647,642,627,651,660,672,677,670,673,638,630,630,651,637,643,660,642,627,612,613,622,629,606,569,545,522,505,524,497,513,518,545,570,582,570,577,570,590,600,587,596,596,599,628,667,699,727,725,776,798,796,826,881,980,1002,987,975,1000,1027,1036,1039,1055,1086,1112,1137,1127,1136,1062,952,930,926,894,844,796,766,713,710,692,672,679,731,758,819,854,882,905,920,889,867,840,815,827,854,800,752,763,766,776,816,905,973,1026,1050,1077,1080,1077,1092,1205,1360,1547,1660,1849,1960,2181,2377,2457,2456,2438,2392,2345,
1,4,7,5,6,10,14,22,32,37,44,48,60,80,113,129,188,239,300,384,448,521,624,748,906,1096,1291,1465,1589,1720,1907,2079,2146,2179,2237,2149,2039,1927,1743,1566,1408,1268,1153,1003,906,849,793,716,657,616,548,472,414,386,365,372,381,383,413,454,507,561,566,566,598,597,614,585,574,579,591,571,585,589,587,561,560,605,619,647,642,627,651,660,672,677,670,673,638,630,630,651,637,643,660,642,627,612,613,622,629,606,569,545,522,505,524,497,513,518,545,570,582,570,577,570,590,600,587,596,596,599,628,667,699,727,725,776,798,796,826,881,980,1002,987,975,1000,1027,1036,1039,1055,1086,1112,1137,1127,1136,1062,952,930,926,894,844,796,766,713,710,692,672,679,731,758,819,854,882,905,920,889,867,840,815,827,854,800,752,763,766,776,816,905,973,1026,1050,1077,1080,1077,1092,1205,1360,1547,1660,1849,1960,2181,2377,2457,2456,2438,2392,2345,
1,4,7,5,6,10,14,22,32,37,44,48,60,80,113,129,188,239,300,384,448,521,624,748,906,1096,1291,1465,1589,1720,1907,2079,2146,2179,2237,2149,2039,1927,1743,1566,1408,1268,1153,1003,906,849,793,716,657,616,548,472,414,386,365,372,381,383,413,454,507,561,566,566,598,597,614,585,574,579,591,571,585,589,587,561,560,605,619,647,642,627,651,660,672,677,670,673,638,630,630,651,637,643,660,642,627,612,613,622,629,606,569,545,522,505,524,497,513,518,545,570,582,570,577,570,590,600,587,596,596,599,628,667,699,727,725,776,798,796,826,881,980,1002,987,975,1000,1027,1036,1039,1055,1086,1112,1137,1127,1136,1062,952,930,926,894,844,796,766,713,710,692,672,679,731,758,819,854,882,905,920,889,867,840,815,827,854,800,752,763,766,776,816,905,973,1026,1050,1077,1080,1077,1092,1205,1360,1547,1660,1849,1960,2181,2377,2457,2456,2438,2392,2345,
1,4,7,5,6,10,14,22,32,37,44,48,60,80,113,129,188,239,300,384,448,521,624,748,906,1096,1291,1465,1589,1720,1907,2079,2146,2179,2237,2149,2039,1927,1743,1566,1408,1268,1153,1003,906,849,793,716,657,616,548,472,414,386,365,372,381,383,413,454,507,561,566,566,598,597,614,585,574,579,591,571,585,589,587,561,560,605,619,647,642,627,651,660,672,677,670,673,638,630,630,651,637,643,660,642,627,612,613,622,629,606,569,545,522,505,524,497,513,518,545,570,582,570,577,570,590,600,587,596,596,599,628,667,699,727,725,776,798,796,826,881,980,1002,987,975,1000,1027,1036,1039,1055,1086,1112,1137,1127,1136,1062,952,930,926,894,844,796,766,713,710,692,672,679,731,758,819,854,882,905,920,889,867,840,815,827,854,800,752,763,766,776,816,905,973,1026,1050,1077,1080,1077,1092,1205,1360,1547,1660,1849,1960,2181,2377,2457,2456,2438,2392,2345,
1,4,7,5,6,10,14,22,32,37,44,48,60,80,113,129,188,239,300,384,448,521,624,748,906,1096,1291,1465,1589,1720,1907,2079,2146,2179,2237,2149,2039,1927,1743,1566,1408,1268,1153,1003,906,849,793,716,657,616,548,472,414,386,365,372,381,383,413,454,507,561,566,566,598,597,614,585,574,579,591,571,585,589,587,561,560,605,619,647,642,627,651,660,672,677,670,673,638,630,630,651,637,643,660,642,627,612,613,622,629,606,569,545,522,505,524,497,513,518,545,570,582,570,577,570,590,600,587,596,596,599,628,667,699,727,725,776,798,796,826,881,980,1002,987,975,1000,1027,1036,1039,1055,1086,1112,1137,1127,1136,1062,952,930,926,894,844,796,766,713,710,692,672,679,731,758,819,854,882,905,920,889,867,840,815,827,854,800,752,763,766,776,816,905,973,1026,1050,1077,1080,1077,1092,1205,1360,1547,1660,1849,1960,2181,2377,2457,2456,2438,2392,2345,
1,4,7,5,6,10,14,22,32,37,44,48,60,80,113,129,188,239,300,384,448,521,624,748,906,1096,1291,1465,1589,1720,1907,2079,2146,2179,2237,2149,2039,1927,1743,1566,1408,1268,1153,1003,906,849,793,716,657,616,548,472,414,386,365,372,381,383,413,454,507,561,566,566,598,597,614,585,574,579,591,571,585,589,587,561,560,605,619,647,642,627,651,660,672,677,670,673,638,630,630,651,637,643,660,642,627,612,613,622,629,606,569,545,522,505,524,497,513,518,545,570,582,570,577,570,590,600,587,596,596,599,628,667,699,727,725,776,798,796,826,881,980,1002,987,975,1000,1027,1036,1039,1055,1086,1112,1137,1127,1136,1062,952,930,926,894,844,796,766,713,710,692,672,679,731,758,819,854,882,905,920,889,867,840,815,827,854,800,752,763,766,776,816,905,973,1026,1050,1077,1080,1077,1092,1205,1360,1547,1660,1849,1960,2181,2377,2457,2456,2438,2392,2345,
1,4,7,5,6,10,14,22,32,37,44,48,60,80,113,129,188,239,300,384,448,521,624,748,906,1096,1291,1465,1589,1720,1907,2079,2146,2179,2237,2149,2039,1927,1743,1566,1408,1268,1153,1003,906,849,793,716,657,616,548,472,414,386,365,372,381,383,413,454,507,561,566,566,598,597,614,585,574,579,591,571,585,589,587,561,560,605,619,647,642,627,651,660,672,677,670,673,638,630,630,651,637,643,660,642,627,612,613,622,629,606,569,545,522,505,524,497,513,518,545,570,582,570,577,570,590,600,587,596,596,599,628,667,699,727,725,776,798,796,826,881,980,1002,987,975,1000,1027,1036,1039,1055,1086,1112,1137,1127,1136,1062,952,930,926,894,844,796,766,713,710,692,672,679,731,758,819,854,882,905,920,889,867,840,815,827,854,800,752,763,766,776,816,905,973,1026,1050,1077,1080,1077,1092,1205,1360,1547,1660,1849,1960,2181,2377,2457,2456,2438,2392,2345,
1,4,7,5,6,10,14,22,32,37,44,48,60,80,113,129,188,239,300,384,448,521,624,748,906,1096,1291,1465,1589,1720,1907,2079,2146,2179,2237,2149,2039,1927,1743,1566,1408,1268,1153,1003,906,849,793,716,657,616,548,472,414,386,365,372,381,383,413,454,507,561,566,566,598,597,614,585,574,579,591,571,585,589,587,561,560,605,619,647,642,627,651,660,672,677,670,673,638,630,630,651,637,643,660,642,627,612,613,622,629,606,569,545,522,505,524,497,513,518,545,570,582,570,577,570,590,600,587,596,596,599,628,667,699,727,725,776,798,796,826,881,980,1002,987,975,1000,1027,1036,1039,1055,1086,1112,1137,1127,1136,1062,952,930,926,894,844,796,766,713,710,692,672,679,731,758,819,854,882,905,920,889,867,840,815,827,854,800,752,763,766,776,816,905,973,1026,1050,1077,1080,1077,1092,1205,1360,1547,1660,1849,1960,2181,2377,2457,2456,2438,2392,2345,
1,4,7,5,6,10,14,22,32,37,44,48,60,80,113,129,188,239,300,384,448,521,624,748,906,1096,1291,1465,1589,1720,1907,2079,2146,2179,2237,2149,2039,1927,1743,1566,1408,1268,1153,1003,906,849,793,716,657,616,548,472,414,386,365,372,381,383,413,454,507,561,566,566,598,597,614,585,574,579,591,571,585,589,587,561,560,605,619,647,642,627,651,660,672,677,670,673,638,630,630,651,637,643,660,642,627,612,613,622,629,606,569,545,522,505,524,497,513,518,545,570,582,570,577,570,590,600,587,596,596,599,628,667,699,727,725,776,798,796,826,881,980,1002,987,975,1000,1027,1036,1039,1055,1086,1112,1137,1127,1136,1062,952,930,926,894,844,796,766,713,710,692,672,679,731,758,819,854,882,905,920,889,867,840,815,827,854,800,752,763,766,776,816,905,973,1026,1050,1077,1080,1077,1092,1205,1360,1547,1660,1849,1960,2181,2377,2457,2456,2438,2392,2345,
1,4,7,5,6,10,14,22,32,37,44,48,60,80,113,129,188,239,300,384,448,521,624,748,906,1096,1291,1465,1589,1720,1907,2079,2146,2179,2237,2149,2039,1927,1743,1566,1408,1268,1153,1003,906,849,793,716,657,616,548,472,414,386,365,372,381,383,413,454,507,561,566,566,598,597,614,585,574,579,591,571,585,589,587,561,560,605,619,647,642,627,651,660,672,677,670,673,638,630,630,651,637,643,660,642,627,612,613,622,629,606,569,545,522,505,524,497,513,518,545,570,582,570,577,570,590,600,587,596,596,599,628,667,699,727,725,776,798,796,826,881,980,1002,987,975,1000,1027,1036,1039,1055,1086,1112,1137,1127,1136,1062,952,930,926,894,844,796,766,713,710,692,672,679,731,758,819,854,882,905,920,889,867,840,815,827,854,800,752,763,766,776,816,905,973,1026,1050,1077,1080,1077,1092,1205,1360,1547,1660,1849,1960,2181,2377,2457,2456,2438,2392,2345,
1,4,7,5,6,10,14,22,32,37,44,48,60,80,113,129,188,239,300,384,448,521,624,748,906,1096,1291,1465,1589,1720,1907,2079,2146,2179,2237,2149,2039,1927,1743,1566,1408,1268,1153,1003,906,849,793,716,657,616,548,472,414,386,365,372,381,383,413,454,507,561,566,566,598,597,614,585,574,579,591,571,585,589,587,561,560,605,619,647,642,627,651,660,672,677,670,673,638,630,630,651,637,643,660,642,627,612,613,622,629,606,569,545,522,505,524,497,513,518,545,570,582,570,577,570,590,600,587,596,596,599,628,667,699,727,725,776,798,796,826,881,980,1002,987,975,1000,1027,1036,1039,1055,1086,1112,1137,1127,1136,1062,952,930,926,894,844,796,766,713,710,692,672,679,731,758,819,854,882,905,920,889,867,840,815,827,854,800,752,763,766,776,816,905,973,1026,1050,1077,1080,1077,1092,1205,1360,1547,1660,1849,1960,2181,2377,2457,2456,2438,2392,2345,
1,4,7,5,6,10,14,22,32,37,44,48,60,80,113,129,188,239,300,384,448,521,624,748,906,1096,1291,1465,1589,1720,1907,2079,2146,2179,2237,2149,2039,1927,1743,1566,1408,1268,1153,1003,906,849,793,716,657,616,548,472,414,386,365,372,381,383,413,454,507,561,566,566,598,597,614,585,574,579,591,571,585,589,587,561,560,605,619,647,642,627,651,660,672,677,670,673,638,630,630,651,637,643,660,642,627,612,613,622,629,606,569,545,522,505,524,497,513,518,545,570,582,570,577,570,590,600,587,596,596,599,628,667,699,727,725,776,798,796,826,881,980,1002,987,975,1000,1027,1036,1039,1055,1086,1112,1137,1127,1136,1062,952,930,926,894,844,796,766,713,710,692,672,679,731,758,819,854,882,905,920,889,867,840,815,827,854,800,752,763,766,776,816,905,973,1026,1050,1077,1080,1077,1092,1205,1360,1547,1660,1849,1960,2181,2377,2457,2456,2438,2392,2345,
1,4,7,5,6,10,14,22,32,37,44,48,60,80,113,129,188,239,300,384,448,521,624,748,906,1096,1291,1465,1589,1720,1907,2079,2146,2179,2237,2149,2039,1927,1743,1566,1408,1268,1153,1003,906,849,793,716,657,616,548,472,414,386,365,372,381,383,413,454,507,561,566,566,598,597,614,585,574,579,591,571,585,589,587,561,560,605,619,647,642,627,651,660,672,677,670,673,638,630,630,651,637,643,660,642,627,612,613,622,629,606,569,545,522,505,524,497,513,518,545,570,582,570,577,570,590,600,587,596,596,599,628,667,699,727,725,776,798,796,826,881,980,1002,987,975,1000,1027,1036,1039,1055,1086,1112,1137,1127,1136,1062,952,930,926,894,844,796,766,713,710,692,672,679,731,758,819,854,882,905,920,889,867,840,815,827,854,800,752,763,766,776,816,905,973,1026,1050,1077,1080,1077,1092,1205,1360,1547,1660,1849,1960,2181,2377,2457,2456,2438,2392,2345,
1,4,7,5,6,10,14,22,32,37,44,48,60,80,113,129,188,239,300,384,448,521,624,748,906,1096,1291,1465,1589,1720,1907,2079,2146,2179,2237,2149,2039,1927,1743,1566,1408,1268,1153,1003,906,849,793,716,657,616,548,472,414,386,365,372,381,383,413,454,507,561,566,566,598,597,614,585,574,579,591,571,585,589,587,561,560,605,619,647,642,627,651,660,672,677,670,673,638,630,630,651,637,643,660,642,627,612,613,622,629,606,569,545,522,505,524,497,513,518,545,570,582,570,577,570,590,600,587,596,596,599,628,667,699,727,725,776,798,796,826,881,980,1002,987,975,1000,1027,1036,1039,1055,1086,1112,1137,1127,1136,1062,952,930,926,894,844,796,766,713,710,692,672,679,731,758,819,854,882,905,920,889,867,840,815,827,854,800,752,763,766,776,816,905,973,1026,1050,1077,1080,1077,1092,1205,1360,1547,1660,1849,1960,2181,2377,2457,2456,2438,2392,2345,
1,4,7,5,6,10,14,22,32,37,44,48,60,80,113,129,188,239,300,384,448,521,624,748,906,1096,1291,1465,1589,1720,1907,2079,2146,2179,2237,2149,2039,1927,1743,1566,1408,1268,1153,1003,906,849,793,716,657,616,548,472,414,386,365,372,381,383,413,454,507,561,566,566,598,597,614,585,574,579,591,571,585,589,587,561,560,605,619,647,642,627,651,660,672,677,670,673,638,630,630,651,637,643,660,642,627,612,613,622,629,606,569,545,522,505,524,497,513,518,545,570,582,570,577,570,590,600,587,596,596,599,628,667,699,727,725,776,798,796,826,881,980,1002,987,975,1000,1027,1036,1039,1055,1086,1112,1137,1127,1136,1062,952,930,926,894,844,796,766,713,710,692,672,679,731,758,819,854,882,905,920,889,867,840,815,827,854,800,752,763,766,776,816,905,973,1026,1050,1077,1080,1077,1092,1205,1360,1547,1660,1849,1960,2181,2377,2457,2456,2438,2392,2345,
1,4,7,5,6,10,14,22,32,37,44,48,60,80,113,129,188,239,300,384,448,521,624,748,906,1096,1291,1465,1589,1720,1907,2079,2146,2179,2237,2149,2039,1927,1743,1566,1408,1268,1153,1003,906,849,793,716,657,616,548,472,414,386,365,372,381,383,413,454,507,561,566,566,598,597,614,585,574,579,591,571,585,589,587,561,560,605,619,647,642,627,651,660,672,677,670,673,638,630,630,651,637,643,660,642,627,612,613,622,629,606,569,545,522,505,524,497,513,518,545,570,582,570,577,570,590,600,587,596,596,599,628,667,699,727,725,776,798,796,826,881,980,1002,987,975,1000,1027,1036,1039,1055,1086,1112,1137,1127,1136,1062,952,930,926,894,844,796,766,713,710,692,672,679,731,758,819,854,882,905,920,889,867,840,815,827,854,800,752,763,766,776,816,905,973,1026,1050,1077,1080,1077,1092,1205,1360,1547,1660,1849,1960,2181,2377,2457,2456,2438,2392,2345,
1,4,7,5,6,10,14,22,32,37,44,48,60,80,113,129,188,239,300,384,448,521,624,748,906,1096,1291,1465,1589,1720,1907,2079,2146,2179,2237,2149,2039,1927,1743,1566,1408,1268,1153,1003,906,849,793,716,657,616,548,472,414,386,365,372,381,383,413,454,507,561,566,566,598,597,614,585,574,579,591,571,585,589,587,561,560,605,619,647,642,627,651,660,672,677,670,673,638,630,630,651,637,643,660,642,627,612,613,622,629,606,569,545,522,505,524,497,513,518,545,570,582,570,577,570,590,600,587,596,596,599,628,667,699,727,725,776,798,796,826,881,980,1002,987,975,1000,1027,1036,1039,1055,1086,1112,1137,1127,1136,1062,952,930,926,894,844,796,766,713,710,692,672,679,731,758,819,854,882,905,920,889,867,840,815,827,854,800,752,763,766,776,816,905,973,1026,1050,1077,1080,1077,1092,1205,1360,1547,1660,1849,1960,2181,2377,2457,2456,2438,2392,2345,
1,3,4,5,6,10,11,18,32,36,42,49,61,69,95,128,160,206,255,329,419,540,691,852,1064,1386,1620,1851,1990,2084,2159,2215,2349,2476,2565,2526,2463,2396,2303,2192,2135,2052,1946,1724,1552,1347,1198,1087,1020,945,876,784,750,743,733,713,761,756,760,737,736,730,731,677,664,622,604,576,532,523,522,528,526,522,529,538,540,565,582,618,643,685,699,722,742,746,735,761,770,802,863,895,915,872,871,846,771,726,695,662,639,621,664,707,786,825,862,903,895,892,896,929,927,966,1030,1136,1165,1195,1187,1116,1101,1086,1046,1027,1097,1080,1029,1027,1030,1015,965,924,852,841,834,850,870,837,884,902,913,935,918,914,904,907,921,940,1012,1037,1031,1005,944,869,772,725,704,658,645,648,666,698,703,703,683,613,557,502,445,449,422,415,414,405,400,438,451,509,572,616,663,718,773,890,963,1015,1093,1085,1078,1116,1121,1136,1211,1266,1361,1502,1664,1745,1951,
1,4,4,5,7,8,12,21,25,38,45,46,64,76,96,112,137,179,215,257,316,376,502,671,844,1068,1258,1383,1557,1748,1968,2062,2157,2180,2260,2312,2258,2145,2088,1964,1785,1618,1459,1285,1151,1054,1000,937,916,907,923,898,873,898,835,798,815,806,803,794,765,723,681,668,632,608,597,601,610,564,537,513,504,487,513,509,506,524,564,594,635,682,679,657,657,666,653,636,618,588,595,605,625,643,655,657,636,636,643,631,656,664,703,779,836,851,948,970,1007,1032,1003,950,939,914,874,827,784,770,787,777,756,739,727,699,666,669,667,718,766,803,825,821,836,856,914,935,988,1048,1081,1067,1047,974,960,946,931,890,785,695,626,592,575,533,526,498,518,576,633,682,729,802,851,895,913,939,1002,1073,1064,1036,975,914,886,847,793,745,724,686,655,632,633,635,653,688,737,859,962,1060,1172,1313,1454,1568,1643,1704,1797,1858,1802,1772,1791,1770,1690,
1,2,3,4,6,7,10,16,24,28,34,48,66,81,98,140,177,235,294,379,430,527,674,788,911,1040,1139,1227,1407,1581,1721,1871,1974,2089,2004,1804,1633,1518,1465,1446,1403,1382,1341,1185,1065,988,893,834,776,739,694,649,584,602,614,658,691,734,801,808,763,769,759,712,668,601,580,572,567,578,597,625,606,584,603,591,610,596,643,699,722,710,685,648,608,602,605,606,577,543,515,491,478,446,446,464,473,508,529,531,554,581,619,684,714,755,797,787,798,783,748,726,701,692,684,637,627,627,651,679,733,706,705,758,822,887,960,1017,1062,1089,1147,1196,1258,1310,1329,1361,1389,1418,1426,1350,1292,1219,1161,1079,973,896,838,800,813,780,698,625,584,538,496,456,448,451,497,502,536,576,624,692,684,680,640,657,658,632,638,643,633,608,645,699,765,780,824,856,925,1007,1045,1142,1278,1476,1603,1707,1836,1882,1897,1907,1991,2064,2065,2093,1998,1899,1797,
1,2,3,4,6,7,10,16,24,28,34,48,66,81,98,140,177,235,294,379,430,527,674,788,911,1040,1139,1227,1407,1581,1721,1871,1974,2089,2004,1804,1633,1518,1465,1446,1403,1382,1341,1185,1065,988,893,834,776,739,694,649,584,602,614,658,691,734,801,808,763,769,759,712,668,601,580,572,567,578,597,625,606,584,603,591,610,596,643,699,722,710,685,648,608,602,605,606,577,543,515,491,478,446,446,464,473,508,529,531,554,581,619,684,714,755,797,787,798,783,748,726,701,692,684,637,627,627,651,679,733,706,705,758,822,887,960,1017,1062,1089,1147,1196,1258,1310,1329,1361,1389,1418,1426,1350,1292,1219,1161,1079,973,896,838,800,813,780,698,625,584,538,496,456,448,451,497,502,536,576,624,692,684,680,640,657,658,632,638,643,633,608,645,699,765,780,824,856,925,1007,1045,1142,1278,1476,1603,1707,1836,1882,1897,1907,1991,2064,2065,2093,1998,1899,1797,
1,2,3,4,6,7,10,16,24,28,34,48,66,81,98,140,177,235,294,379,430,527,674,788,911,1040,1139,1227,1407,1581,1721,1871,1974,2089,2004,1804,1633,1518,1465,1446,1403,1382,1341,1185,1065,988,893,834,776,739,694,649,584,602,614,658,691,734,801,808,763,769,759,712,668,601,580,572,567,578,597,625,606,584,603,591,610,596,643,699,722,710,685,648,608,602,605,606,577,543,515,491,478,446,446,464,473,508,529,531,554,581,619,684,714,755,797,787,798,783,748,726,701,692,684,637,627,627,651,679,733,706,705,758,822,887,960,1017,1062,1089,1147,1196,1258,1310,1329,1361,1389,1418,1426,1350,1292,1219,1161,1079,973,896,838,800,813,780,698,625,584,538,496,456,448,451,497,502,536,576,624,692,684,680,640,657,658,632,638,643,633,608,645,699,765,780,824,856,925,1007,1045,1142,1278,1476,1603,1707,1836,1882,1897,1907,1991,2064,2065,2093,1998,1899,1797,
1,4,7,7,9,10,12,22,36,41,42,45,62,82,98,126,184,230,276,348,386,467,533,671,786,922,995,1061,1169,1291,1467,1535,1641,1712,1805,1885,1925,2035,2085,2062,1956,1835,1614,1438,1254,1120,1017,961,931,916,874,822,795,786,754,716,741,718,716,718,692,686,653,652,671,715,786,820,833,825,819,830,794,765,745,753,761,797,804,772,788,770,706,669,617,576,526,484,472,469,500,526,520,530,552,570,591,618,650,682,745,775,823,856,899,935,1036,1122,1183,1278,1312,1247,1185,1083,1037,980,930,844,853,814,796,804,756,702,720,780,812,780,735,694,669,630,609,599,632,640,705,749,799,854,901,977,952,917,846,856,864,899,928,935,891,938,941,960,925,920,850,832,795,745,711,706,681,670,652,662,646,652,658,624,641,647,662,697,697,667,636,608,610,610,596,625,663,724,807,892,1043,1158,1323,1489,1640,1655,1700,1721,1700,1519,1414,1301,1159,
1,3,4,6,9,10,20,30,41,49,59,63,81,94,129,170,225,268,320,383,428,515,615,710,827,958,1088,1255,1381,1514,1673,1797,1772,1808,1803,1813,1798,1839,1840,1633,1450,1347,1236,1161,1123,1053,999,909,828,727,630,563,547,541,528,541,543,546,529,540,545,561,545,542,555,558,590,627,661,675,702,732,732,702,689,668,660,683,710,739,714,681,656,651,648,691,694,742,813,830,820,810,823,841,833,811,791,785,775,770,777,801,790,852,878,910,970,1049,1069,1023,945,896,921,936,957,994,983,1007,1019,978,948,914,869,840,795,764,717,698,749,807,833,863,874,878,924,922,821,785,723,667,642,616,599,598,602,602,581,547,519,499,497,492,467,454,440,449,479,524,560,585,650,725,786,869,915,933,968,1024,1068,1089,1106,1129,1142,1106,1106,1099,1130,1124,1138,1204,1264,1322,1360,1462,1538,1655,1799,1915,1990,2061,2071,2085,2067,1999,1886,1731,1569,1417,1295,
1,3,4,6,9,10,20,30,41,49,59,63,81,94,129,170,225,268,320,383,428,515,615,710,827,958,1088,1255,1381,1514,1673,1797,1772,1808,1803,1813,1798,1839,1840,1633,1450,1347,1236,1161,1123,1053,999,909,828,727,630,563,547,541,528,541,543,546,529,540,545,561,545,542,555,558,590,627,661,675,702,732,732,702,689,668,660,683,710,739,714,681,656,651,648,691,694,742,813,830,820,810,823,841,833,811,791,785,775,770,777,801,790,852,878,910,970,1049,1069,1023,945,896,921,936,957,994,983,1007,1019,978,948,914,869,840,795,764,717,698,749,807,833,863,874,878,924,922,821,785,723,667,642,616,599,598,602,602,581,547,519,499,497,492,467,454,440,449,479,524,560,585,650,725,786,869,915,933,968,1024,1068,1089,1106,1129,1142,1106,1106,1099,1130,1124,1138,1204,1264,1322,1360,1462,1538,1655,1799,1915,1990,2061,2071,2085,2067,1999,1886,1731,1569,1417,1295,
1,4,4,6,7,10,16,21,36,43,49,58,73,85,108,135,174,237,277,348,399,449,584,756,865,980,1088,1168,1303,1477,1616,1727,1729,1687,1683,1676,1734,1753,1799,1761,1620,1592,1465,1276,1083,950,891,846,819,776,700,615,591,614,609,617,608,643,665,699,713,764,778,814,789,739,735,711,690,676,669,637,623,645,664,676,705,736,788,772,812,803,795,762,697,657,616,552,517,523,534,525,521,515,537,554,578,635,669,674,716,703,764,819,836,822,774,705,666,650,640,657,671,722,754,741,765,777,832,857,912,940,898,899,892,875,862,813,814,860,876,889,931,962,1042,1131,1236,1272,1206,1159,1145,1082,1035,986,888,829,750,714,708,684,634,604,565,536,522,511,495,527,523,540,543,561,568,568,554,561,578,587,628,648,685,704,764,850,927,952,975,987,970,930,878,810,787,811,849,864,897,937,1004,1077,1189,1364,1509,1626,1692,1772,2000,2220,2446,
1,2,3,4,7,8,12,17,22,29,35,40,47,57,79,109,145,203,234,298,378,486,598,772,938,1136,1348,1579,1752,2000,2216,2385,2507,2626,2683,2654,2535,2336,2077,1822,1711,1544,1398,1242,1144,1051,1011,937,911,892,883,914,877,904,874,828,838,780,697,660,640,587,557,531,550,552,544,531,533,563,564,563,569,568,585,628,619,656,692,776,821,868,864,879,952,944,937,871,775,729,684,645,613,613,631,633,615,609,592,609,640,661,693,730,718,688,687,683,684,714,706,720,695,663,662,671,673,683,732,791,765,756,760,781,809,826,878,903,905,918,936,937,917,877,847,791,764,715,689,665,672,655,704,675,726,758,755,738,698,676,659,649,649,643,647,640,629,633,632,645,643,682,712,730,702,706,730,689,656,633,627,681,686,677,667,689,724,764,779,843,945,1013,1107,1205,1322,1430,1527,1620,1648,1646,1638,1659,1668,1700,1686,1606,1544,1563,1569,
1,2,3,3,5,8,12,16,27,31,36,37,47,61,85,116,176,244,327,399,499,656,829,1069,1247,1417,1544,1684,1762,1909,2037,2072,2083,2192,2185,2066,1861,1726,1589,1501,1413,1319,1235,1127,1053,1008,924,847,816,787,771,748,676,671,649,656,704,748,728,707,683,662,639,590,594,547,501,483,461,468,458,484,502,531,558,579,612,613,618,621,627,611,606,598,589,594,608,575,549,571,577,593,624,644,671,728,771,764,761,779,777,787,786,742,675,609,580,579,572,579,597,587,568,516,477,453,452,439,485,504,514,527,556,568,578,632,678,680,658,619,572,528,543,578,602,630,666,661,652,668,676,626,597,544,488,454,441,397,382,394,399,400,403,392,430,442,448,448,463,489,507,504,528,576,585,586,615,618,630,634,654,643,649,678,720,754,779,798,828,827,853,855,930,969,1043,1092,1161,1314,1438,1473,1492,1558,1578,1605,1602,1562,1550,1467,1500,
1,3,4,6,8,12,15,16,23,27,31,42,59,85,108,127,165,236,313,410,497,621,748,866,994,1080,1119,1253,1378,1475,1565,1604,1692,1638,1550,1514,1489,1540,1479,1338,1311,1256,1164,1048,922,825,761,727,662,638,631,611,606,592,562,556,567,565,550,509,535,559,582,602,644,675,664,677,643,620,560,537,530,570,576,594,625,655,631,650,630,630,585,553,501,488,457,417,392,392,420,443,479,515,581,572,573,553,529,508,525,514,523,526,542,530,515,533,556,554,544,564,597,643,657,668,652,629,632,626,638,650,662,630,616,605,588,587,575,574,597,615,624,614,648,686,693,721,742,802,857,902,996,1008,952,884,843,808,811,824,805,778,758,709,653,680,635,600,584,599,603,584,596,653,662,659,643,631,637,643,635,604,581,583,579,603,592,603,619,661,720,759,796,819,900,1012,1010,1090,1148,1238,1302,1397,1500,1595,1668,1767,1752,1815,1923,
1,4,5,7,13,18,22,31,43,47,53,60,78,88,118,148,195,251,314,377,454,560,685,859,995,1148,1383,1677,1949,2148,2212,2241,2252,2251,2264,2165,2127,2179,2223,2159,2016,1857,1653,1502,1337,1217,1080,1008,913,828,769,713,710,703,696,695,680,667,681,690,726,763,798,801,802,782,745,754,737,715,692,725,723,763,796,828,851,905,956,1029,1064,1069,991,943,929,906,898,912,938,1042,1016,965,930,944,920,885,838,817,807,801,806,787,751,756,780,776,767,758,725,724,756,803,863,905,928,950,972,975,975,967,916,864,835,833,877,923,946,928,923,943,928,920,898,909,906,910,918,929,903,857,834,797,797,784,760,712,655,624,606,583,574,539,530,529,548,553,541,544,547,591,638,637,657,640,618,596,575,602,611,610,621,643,690,769,795,815,834,882,867,917,996,1169,1292,1405,1531,1607,1580,1527,1579,1625,1647,1727,1786,1791,1798,1800,1763,1720,1630,
1,4,5,7,13,18,22,31,43,47,53,60,78,88,118,148,195,251,314,377,454,560,685,859,995,1148,1383,1677,1949,2148,2212,2241,2252,2251,2264,2165,2127,2179,2223,2159,2016,1857,1653,1502,1337,1217,1080,1008,913,828,769,713,710,703,696,695,680,667,681,690,726,763,798,801,802,782,745,754,737,715,692,725,723,763,796,828,851,905,956,1029,1064,1069,991,943,929,906,898,912,938,1042,1016,965,930,944,920,885,838,817,807,801,806,787,751,756,780,776,767,758,725,724,756,803,863,905,928,950,972,975,975,967,916,864,835,833,877,923,946,928,923,943,928,920,898,909,906,910,918,929,903,857,834,797,797,784,760,712,655,624,606,583,574,539,530,529,548,553,541,544,547,591,638,637,657,640,618,596,575,602,611,610,621,643,690,769,795,815,834,882,867,917,996,1169,1292,1405,1531,1607,1580,1527,1579,1625,1647,1727,1786,1791,1798,1800,1763,1720,1630,
1,4,5,6,8,11,15,22,30,40,49,49,68,84,119,152,189,266,328,395,469,542,728,874,1125,1319,1517,1753,1927,2174,2276,2465,2596,2721,2683,2443,2271,2154,2018,1837,1657,1492,1364,1201,1057,930,842,764,713,655,584,508,458,452,464,477,516,547,592,619,625,629,661,685,701,674,655,676,678,667,652,645,626,611,615,586,594,654,648,680,680,711,734,768,793,813,817,857,900,964,997,999,981,947,912,908,837,732,663,617,564,601,577,592,562,557,536,544,558,551,573,603,600,595,588,626,658,710,805,852,926,992,1081,1079,1082,1109,1112,1100,1023,1023,993,984,857,752,691,652,579,532,489,489,496,526,534,523,502,503,492,500,512,502,502,478,466,466,437,432,442,495,557,633,740,807,860,862,891,861,819,796,753,682,654,620,586,577,540,558,554,598,635,678,745,853,952,1064,1204,1309,1451,1528,1593,1671,1730,1751,1693,1679,1677,1708,1633,1573,1574,
1,4,4,3,6,9,14,23,36,42,50,59,66,77,105,124,183,253,340,476,557,642,779,916,1044,1282,1589,1932,2114,2286,2291,2354,2444,2554,2404,2144,1908,1762,1726,1742,1783,1853,1783,1603,1471,1321,1144,1052,928,809,699,659,595,532,502,484,478,485,494,508,508,499,494,480,485,513,497,493,456,448,443,420,421,444,480,489,484,479,485,510,546,589,585,568,542,563,569,572,621,630,619,631,668,718,792,836,880,930,940,897,892,872,898,853,838,815,778,748,822,902,958,982,1043,1041,975,911,877,857,812,807,830,862,856,897,960,1026,1038,1034,1057,1073,1040,1034,1004,983,996,978,1033,1051,1043,1067,1031,994,971,899,812,720,700,660,647,604,523,497,479,493,545,621,637,704,780,866,999,1171,1281,1371,1447,1519,1567,1516,1446,1406,1288,1286,1325,1311,1311,1196,1103,1016,966,884,862,908,955,1025,1047,1096,1142,1235,1346,1518,1556,1532,1551,1469,1420,1407,1358,1340,1238,
1,4,4,3,6,9,14,23,36,42,50,59,66,77,105,124,183,253,340,476,557,642,779,916,1044,1282,1589,1932,2114,2286,2291,2354,2444,2554,2404,2144,1908,1762,1726,1742,1783,1853,1783,1603,1471,1321,1144,1052,928,809,699,659,595,532,502,484,478,485,494,508,508,499,494,480,485,513,497,493,456,448,443,420,421,444,480,489,484,479,485,510,546,589,585,568,542,563,569,572,621,630,619,631,668,718,792,836,880,930,940,897,892,872,898,853,838,815,778,748,822,902,958,982,1043,1041,975,911,877,857,812,807,830,862,856,897,960,1026,1038,1034,1057,1073,1040,1034,1004,983,996,978,1033,1051,1043,1067,1031,994,971,899,812,720,700,660,647,604,523,497,479,493,545,621,637,704,780,866,999,1171,1281,1371,1447,1519,1567,1516,1446,1406,1288,1286,1325,1311,1311,1196,1103,1016,966,884,862,908,955,1025,1047,1096,1142,1235,1346,1518,1556,1532,1551,1469,1420,1407,1358,1340,1238,
1,4,4,3,6,9,14,23,36,42,50,59,66,77,105,124,183,253,340,476,557,642,779,916,1044,1282,1589,1932,2114,2286,2291,2354,2444,2554,2404,2144,1908,1762,1726,1742,1783,1853,1783,1603,1471,1321,1144,1052,928,809,699,659,595,532,502,484,478,485,494,508,508,499,494,480,485,513,497,493,456,448,443,420,421,444,480,489,484,479,485,510,546,589,585,568,542,563,569,572,621,630,619,631,668,718,792,836,880,930,940,897,892,872,898,853,838,815,778,748,822,902,958,982,1043,1041,975,911,877,857,812,807,830,862,856,897,960,1026,1038,1034,1057,1073,1040,1034,1004,983,996,978,1033,1051,1043,1067,1031,994,971,899,812,720,700,660,647,604,523,497,479,493,545,621,637,704,780,866,999,1171,1281,1371,1447,1519,1567,1516,1446,1406,1288,1286,1325,1311,1311,1196,1103,1016,966,884,862,908,955,1025,1047,1096,1142,1235,1346,1518,1556,1532,1551,1469,1420,1407,1358,1340,1238,
1,4,4,3,6,9,14,23,36,42,50,59,66,77,105,124,183,253,340,476,557,642,779,916,1044,1282,1589,1932,2114,2286,2291,2354,2444,2554,2404,2144,1908,1762,1726,1742,1783,1853,1783,1603,1471,1321,1144,1052,928,809,699,659,595,532,502,484,478,485,494,508,508,499,494,480,485,513,497,493,456,448,443,420,421,444,480,489,484,479,485,510,546,589,585,568,542,563,569,572,621,630,619,631,668,718,792,836,880,930,940,897,892,872,898,853,838,815,778,748,822,902,958,982,1043,1041,975,911,877,857,812,807,830,862,856,897,960,1026,1038,1034,1057,1073,1040,1034,1004,983,996,978,1033,1051,1043,1067,1031,994,971,899,812,720,700,660,647,604,523,497,479,493,545,621,637,704,780,866,999,1171,1281,1371,1447,1519,1567,1516,1446,1406,1288,1286,1325,1311,1311,1196,1103,1016,966,884,862,908,955,1025,1047,1096,1142,1235,1346,1518,1556,1532,1551,1469,1420,1407,1358,1340,1238,
1,3,3,3,5,7,13,21,32,41,39,52,70,86,106,137,184,231,293,374,458,556,692,837,1036,1238,1464,1672,1740,1804,1745,1694,1751,1818,1849,1883,1945,1951,2018,2017,1913,1717,1581,1364,1171,1090,955,863,763,688,641,583,595,654,685,686,674,705,733,724,669,614,587,565,600,635,706,750,748,757,726,732,725,708,675,663,669,682,673,652,671,665,648,624,580,552,522,528,538,566,595,612,662,643,653,629,615,598,591,562,554,557,550,525,549,545,577,593,619,653,643,634,649,663,734,784,827,857,851,873,864,810,741,744,773,811,831,852,897,881,931,946,937,956,1056,1132,1229,1312,1463,1594,1760,1781,1679,1686,1541,1356,1213,1090,1022,991,931,883,877,827,742,654,611,612,592,615,675,710,753,842,873,898,953,984,1032,1036,1037,997,1029,1001,925,907,966,1050,1055,1061,1129,1171,1209,1336,1422,1539,1730,2087,2364,2410,2552,2529,2501,2393,2194,1946,1712,1547,1345,
1,3,4,7,11,9,13,16,28,30,38,48,62,81,110,139,180,222,313,378,468,513,614,760,956,1150,1268,1394,1621,1839,2004,2135,2200,2252,2186,2031,1884,1849,1705,1569,1451,1350,1213,1095,1001,932,872,757,700,631,581,535,548,573,594,643,719,739,756,737,695,644,607,583,600,581,556,534,564,582,653,675,719,724,717,718,757,751,792,899,904,912,933,925,837,751,706,665,616,627,645,661,667,679,676,672,709,700,642,589,564,585,587,583,613,591,604,633,670,713,730,756,751,737,793,848,893,901,902,931,918,856,824,847,865,895,915,895,932,943,906,886,881,898,956,1018,1052,1050,1051,1038,1009,917,880,852,818,802,839,855,864,805,749,684,640,629,586,554,524,513,523,554,566,597,625,600,618,595,579,554,556,574,576,596,568,535,544,548,574,634,734,851,983,1116,1245,1327,1459,1630,1790,2022,2085,2106,2112,2012,2014,1998,1955,2005,2013,1913,1998,
1,4,5,6,8,10,13,21,31,42,51,58,75,90,107,148,185,246,316,413,489,564,692,877,1083,1304,1513,1743,1872,1965,2010,1980,1999,2153,2294,2291,2264,2193,2117,1976,1893,1751,1621,1495,1352,1188,1092,962,871,778,742,688,687,660,645,671,676,691,753,757,763,767,824,813,831,835,809,782,728,669,660,636,619,602,604,593,572,561,594,618,617,628,593,607,601,585,588,614,632,653,667,680,694,703,765,806,871,899,887,893,889,852,775,697,675,700,741,766,804,794,834,829,805,783,718,718,736,761,808,885,968,1003,1029,1099,1128,1218,1320,1445,1422,1333,1203,1139,1049,952,880,825,793,751,721,697,675,692,685,623,585,536,507,523,556,576,608,652,733,796,839,867,936,1000,1053,1083,1109,1193,1301,1333,1411,1535,1577,1524,1531,1349,1199,1110,1008,947,914,877,826,789,827,887,942,980,1017,1122,1200,1365,1532,1671,1680,1727,1799,1797,1734,1721,1732,1697,1769,1821,1824,
1,4,5,6,8,10,13,21,31,42,51,58,75,90,107,148,185,246,316,413,489,564,692,877,1083,1304,1513,1743,1872,1965,2010,1980,1999,2153,2294,2291,2264,2193,2117,1976,1893,1751,1621,1495,1352,1188,1092,962,871,778,742,688,687,660,645,671,676,691,753,757,763,767,824,813,831,835,809,782,728,669,660,636,619,602,604,593,572,561,594,618,617,628,593,607,601,585,588,614,632,653,667,680,694,703,765,806,871,899,887,893,889,852,775,697,675,700,741,766,804,794,834,829,805,783,718,718,736,761,808,885,968,1003,1029,1099,1128,1218,1320,1445,1422,1333,1203,1139,1049,952,880,825,793,751,721,697,675,692,685,623,585,536,507,523,556,576,608,652,733,796,839,867,936,1000,1053,1083,1109,1193,1301,1333,1411,1535,1577,1524,1531,1349,1199,1110,1008,947,914,877,826,789,827,887,942,980,1017,1122,1200,1365,1532,1671,1680,1727,1799,1797,1734,1721,1732,1697,1769,1821,1824,
1,4,5,6,8,10,13,21,31,42,51,58,75,90,107,148,185,246,316,413,489,564,692,877,1083,1304,1513,1743,1872,1965,2010,1980,1999,2153,2294,2291,2264,2193,2117,1976,1893,1751,1621,1495,1352,1188,1092,962,871,778,742,688,687,660,645,671,676,691,753,757,763,767,824,813,831,835,809,782,728,669,660,636,619,602,604,593,572,561,594,618,617,628,593,607,601,585,588,614,632,653,667,680,694,703,765,806,871,899,887,893,889,852,775,697,675,700,741,766,804,794,834,829,805,783,718,718,736,761,808,885,968,1003,1029,1099,1128,1218,1320,1445,1422,1333,1203,1139,1049,952,880,825,793,751,721,697,675,692,685,623,585,536,507,523,556,576,608,652,733,796,839,867,936,1000,1053,1083,1109,1193,1301,1333,1411,1535,1577,1524,1531,1349,1199,1110,1008,947,914,877,826,789,827,887,942,980,1017,1122,1200,1365,1532,1671,1680,1727,1799,1797,1734,1721,1732,1697,1769,1821,1824,
1,4,5,6,8,10,13,21,31,42,51,58,75,90,107,148,185,246,316,413,489,564,692,877,1083,1304,1513,1743,1872,1965,2010,1980,1999,2153,2294,2291,2264,2193,2117,1976,1893,1751,1621,1495,1352,1188,1092,962,871,778,742,688,687,660,645,671,676,691,753,757,763,767,824,813,831,835,809,782,728,669,660,636,619,602,604,593,572,561,594,618,617,628,593,607,601,585,588,614,632,653,667,680,694,703,765,806,871,899,887,893,889,852,775,697,675,700,741,766,804,794,834,829,805,783,718,718,736,761,808,885,968,1003,1029,1099,1128,1218,1320,1445,1422,1333,1203,1139,1049,952,880,825,793,751,721,697,675,692,685,623,585,536,507,523,556,576,608,652,733,796,839,867,936,1000,1053,1083,1109,1193,1301,1333,1411,1535,1577,1524,1531,1349,1199,1110,1008,947,914,877,826,789,827,887,942,980,1017,1122,1200,1365,1532,1671,1680,1727,1799,1797,1734,1721,1732,1697,1769,1821,1824,
1,4,5,6,8,10,13,21,31,42,51,58,75,90,107,148,185,246,316,413,489,564,692,877,1083,1304,1513,1743,1872,1965,2010,1980,1999,2153,2294,2291,2264,2193,2117,1976,1893,1751,1621,1495,1352,1188,1092,962,871,778,742,688,687,660,645,671,676,691,753,757,763,767,824,813,831,835,809,782,728,669,660,636,619,602,604,593,572,561,594,618,617,628,593,607,601,585,588,614,632,653,667,680,694,703,765,806,871,899,887,893,889,852,775,697,675,700,741,766,804,794,834,829,805,783,718,718,736,761,808,885,968,1003,1029,1099,1128,1218,1320,1445,1422,1333,1203,1139,1049,952,880,825,793,751,721,697,675,692,685,623,585,536,507,523,556,576,608,652,733,796,839,867,936,1000,1053,1083,1109,1193,1301,1333,1411,1535,1577,1524,1531,1349,1199,1110,1008,947,914,877,826,789,827,887,942,980,1017,1122,1200,1365,1532,1671,1680,1727,1799,1797,1734,1721,1732,1697,1769,1821,1824,
1,4,5,6,8,10,13,21,31,42,51,58,75,90,107,148,185,246,316,413,489,564,692,877,1083,1304,1513,1743,1872,1965,2010,1980,1999,2153,2294,2291,2264,2193,2117,1976,1893,1751,1621,1495,1352,1188,1092,962,871,778,742,688,687,660,645,671,676,691,753,757,763,767,824,813,831,835,809,782,728,669,660,636,619,602,604,593,572,561,594,618,617,628,593,607,601,585,588,614,632,653,667,680,694,703,765,806,871,899,887,893,889,852,775,697,675,700,741,766,804,794,834,829,805,783,718,718,736,761,808,885,968,1003,1029,1099,1128,1218,1320,1445,1422,1333,1203,1139,1049,952,880,825,793,751,721,697,675,692,685,623,585,536,507,523,556,576,608,652,733,796,839,867,936,1000,1053,1083,1109,1193,1301,1333,1411,1535,1577,1524,1531,1349,1199,1110,1008,947,914,877,826,789,827,887,942,980,1017,1122,1200,1365,1532,1671,1680,1727,1799,1797,1734,1721,1732,1697,1769,1821,1824,
1,4,5,6,8,10,13,21,31,42,51,58,75,90,107,148,185,246,316,413,489,564,692,877,1083,1304,1513,1743,1872,1965,2010,1980,1999,2153,2294,2291,2264,2193,2117,1976,1893,1751,1621,1495,1352,1188,1092,962,871,778,742,688,687,660,645,671,676,691,753,757,763,767,824,813,831,835,809,782,728,669,660,636,619,602,604,593,572,561,594,618,617,628,593,607,601,585,588,614,632,653,667,680,694,703,765,806,871,899,887,893,889,852,775,697,675,700,741,766,804,794,834,829,805,783,718,718,736,761,808,885,968,1003,1029,1099,1128,1218,1320,1445,1422,1333,1203,1139,1049,952,880,825,793,751,721,697,675,692,685,623,585,536,507,523,556,576,608,652,733,796,839,867,936,1000,1053,1083,1109,1193,1301,1333,1411,1535,1577,1524,1531,1349,1199,1110,1008,947,914,877,826,789,827,887,942,980,1017,1122,1200,1365,1532,1671,1680,1727,1799,1797,1734,1721,1732,1697,1769,1821,1824,
1,4,5,6,8,10,13,21,31,42,51,58,75,90,107,148,185,246,316,413,489,564,692,877,1083,1304,1513,1743,1872,1965,2010,1980,1999,2153,2294,2291,2264,2193,2117,1976,1893,1751,1621,1495,1352,1188,1092,962,871,778,742,688,687,660,645,671,676,691,753,757,763,767,824,813,831,835,809,782,728,669,660,636,619,602,604,593,572,561,594,618,617,628,593,607,601,585,588,614,632,653,667,680,694,703,765,806,871,899,887,893,889,852,775,697,675,700,741,766,804,794,834,829,805,783,718,718,736,761,808,885,968,1003,1029,1099,1128,1218,1320,1445,1422,1333,1203,1139,1049,952,880,825,793,751,721,697,675,692,685,623,585,536,507,523,556,576,608,652,733,796,839,867,936,1000,1053,1083,1109,1193,1301,1333,1411,1535,1577,1524,1531,1349,1199,1110,1008,947,914,877,826,789,827,887,942,980,1017,1122,1200,1365,1532,1671,1680,1727,1799,1797,1734,1721,1732,1697,1769,1821,1824,
1,4,5,6,8,10,13,21,31,42,51,58,75,90,107,148,185,246,316,413,489,564,692,877,1083,1304,1513,1743,1872,1965,2010,1980,1999,2153,2294,2291,2264,2193,2117,1976,1893,1751,1621,1495,1352,1188,1092,962,871,778,742,688,687,660,645,671,676,691,753,757,763,767,824,813,831,835,809,782,728,669,660,636,619,602,604,593,572,561,594,618,617,628,593,607,601,585,588,614,632,653,667,680,694,703,765,806,871,899,887,893,889,852,775,697,675,700,741,766,804,794,834,829,805,783,718,718,736,761,808,885,968,1003,1029,1099,1128,1218,1320,1445,1422,1333,1203,1139,1049,952,880,825,793,751,721,697,675,692,685,623,585,536,507,523,556,576,608,652,733,796,839,867,936,1000,1053,1083,1109,1193,1301,1333,1411,1535,1577,1524,1531,1349,1199,1110,1008,947,914,877,826,789,827,887,942,980,1017,1122,1200,1365,1532,1671,1680,1727,1799,1797,1734,1721,1732,1697,1769,1821,1824,
1,4,5,6,8,10,13,21,31,42,51,58,75,90,107,148,185,246,316,413,489,564,692,877,1083,1304,1513,1743,1872,1965,2010,1980,1999,2153,2294,2291,2264,2193,2117,1976,1893,1751,1621,1495,1352,1188,1092,962,871,778,742,688,687,660,645,671,676,691,753,757,763,767,824,813,831,835,809,782,728,669,660,636,619,602,604,593,572,561,594,618,617,628,593,607,601,585,588,614,632,653,667,680,694,703,765,806,871,899,887,893,889,852,775,697,675,700,741,766,804,794,834,829,805,783,718,718,736,761,808,885,968,1003,1029,1099,1128,1218,1320,1445,1422,1333,1203,1139,1049,952,880,825,793,751,721,697,675,692,685,623,585,536,507,523,556,576,608,652,733,796,839,867,936,1000,1053,1083,1109,1193,1301,1333,1411,1535,1577,1524,1531,1349,1199,1110,1008,947,914,877,826,789,827,887,942,980,1017,1122,1200,1365,1532,1671,1680,1727,1799,1797,1734,1721,1732,1697,1769,1821,1824,
1,4,5,6,8,10,13,21,31,42,51,58,75,90,107,148,185,246,316,413,489,564,692,877,1083,1304,1513,1743,1872,1965,2010,1980,1999,2153,2294,2291,2264,2193,2117,1976,1893,1751,1621,1495,1352,1188,1092,962,871,778,742,688,687,660,645,671,676,691,753,757,763,767,824,813,831,835,809,782,728,669,660,636,619,602,604,593,572,561,594,618,617,628,593,607,601,585,588,614,632,653,667,680,694,703,765,806,871,899,887,893,889,852,775,697,675,700,741,766,804,794,834,829,805,783,718,718,736,761,808,885,968,1003,1029,1099,1128,1218,1320,1445,1422,1333,1203,1139,1049,952,880,825,793,751,721,697,675,692,685,623,585,536,507,523,556,576,608,652,733,796,839,867,936,1000,1053,1083,1109,1193,1301,1333,1411,1535,1577,1524,1531,1349,1199,1110,1008,947,914,877,826,789,827,887,942,980,1017,1122,1200,1365,1532,1671,1680,1727,1799,1797,1734,1721,1732,1697,1769,1821,1824,
1,2,3,4,6,9,14,19,26,33,38,53,65,72,87,102,142,179,218,272,300,376,465,586,727,878,1058,1216,1360,1534,1628,1785,2016,2151,2306,2345,2294,2228,2094,1904,1788,1628,1448,1325,1228,1116,1037,984,892,799,718,670,650,686,685,654,615,590,548,535,502,466,463,445,435,415,401,398,355,339,357,378,410,419,433,432,447,500,539,547,606,628,668,677,688,733,740,733,770,852,868,821,799,764,732,710,687,675,699,663,633,663,665,639,658,659,687,729,791,842,900,926,933,945,918,892,828,785,773,761,761,791,805,802,793,882,874,863,846,911,979,1025,1031,1061,1093,1143,1129,1109,1148,1131,1144,1075,1024,966,944,892,843,762,765,741,767,719,667,642,607,555,499,472,470,534,577,659,740,769,828,892,957,999,984,944,873,862,794,747,724,703,676,724,790,840,929,982,1034,1133,1243,1415,1650,1824,1988,2056,2134,2215,2242,2317,2442,2562,2796,3193,3863,
1,3,4,3,5,7,10,14,24,29,33,34,51,64,86,126,169,220,269,324,394,474,571,684,854,983,1108,1268,1462,1691,1931,2131,2167,2186,2054,1847,1680,1531,1426,1342,1303,1246,1187,1163,1101,1053,959,874,779,744,685,641,621,609,565,539,562,575,578,571,591,570,568,580,615,613,587,556,546,555,581,595,599,587,595,604,589,626,649,654,648,658,721,779,800,797,772,728,688,672,689,638,632,611,602,595,581,566,522,493,450,400,380,396,397,449,511,552,597,613,609,588,593,587,553,554,535,549,584,617,641,632,646,648,646,657,657,675,674,695,707,667,613,535,489,461,488,488,519,561,598,621,647,691,685,729,770,760,766,823,892,941,975,917,872,820,746,738,753,773,753,779,778,771,779,772,781,783,710,632,600,561,513,463,448,482,531,569,614,696,737,780,852,933,1006,1067,1133,1172,1200,1216,1340,1460,1625,1751,1912,2039,2336,2567,2714,
1,3,4,3,5,7,10,14,24,29,33,34,51,64,86,126,169,220,269,324,394,474,571,684,854,983,1108,1268,1462,1691,1931,2131,2167,2186,2054,1847,1680,1531,1426,1342,1303,1246,1187,1163,1101,1053,959,874,779,744,685,641,621,609,565,539,562,575,578,571,591,570,568,580,615,613,587,556,546,555,581,595,599,587,595,604,589,626,649,654,648,658,721,779,800,797,772,728,688,672,689,638,632,611,602,595,581,566,522,493,450,400,380,396,397,449,511,552,597,613,609,588,593,587,553,554,535,549,584,617,641,632,646,648,646,657,657,675,674,695,707,667,613,535,489,461,488,488,519,561,598,621,647,691,685,729,770,760,766,823,892,941,975,917,872,820,746,738,753,773,753,779,778,771,779,772,781,783,710,632,600,561,513,463,448,482,531,569,614,696,737,780,852,933,1006,1067,1133,1172,1200,1216,1340,1460,1625,1751,1912,2039,2336,2567,2714,
1,3,4,3,5,7,10,14,24,29,33,34,51,64,86,126,169,220,269,324,394,474,571,684,854,983,1108,1268,1462,1691,1931,2131,2167,2186,2054,1847,1680,1531,1426,1342,1303,1246,1187,1163,1101,1053,959,874,779,744,685,641,621,609,565,539,562,575,578,571,591,570,568,580,615,613,587,556,546,555,581,595,599,587,595,604,589,626,649,654,648,658,721,779,800,797,772,728,688,672,689,638,632,611,602,595,581,566,522,493,450,400,380,396,397,449,511,552,597,613,609,588,593,587,553,554,535,549,584,617,641,632,646,648,646,657,657,675,674,695,707,667,613,535,489,461,488,488,519,561,598,621,647,691,685,729,770,760,766,823,892,941,975,917,872,820,746,738,753,773,753,779,778,771,779,772,781,783,710,632,600,561,513,463,448,482,531,569,614,696,737,780,852,933,1006,1067,1133,1172,1200,1216,1340,1460,1625,1751,1912,2039,2336,2567,2714,
1,3,4,3,5,7,10,14,24,29,33,34,51,64,86,126,169,220,269,324,394,474,571,684,854,983,1108,1268,1462,1691,1931,2131,2167,2186,2054,1847,1680,1531,1426,1342,1303,1246,1187,1163,1101,1053,959,874,779,744,685,641,621,609,565,539,562,575,578,571,591,570,568,580,615,613,587,556,546,555,581,595,599,587,595,604,589,626,649,654,648,658,721,779,800,797,772,728,688,672,689,638,632,611,602,595,581,566,522,493,450,400,380,396,397,449,511,552,597,613,609,588,593,587,553,554,535,549,584,617,641,632,646,648,646,657,657,675,674,695,707,667,613,535,489,461,488,488,519,561,598,621,647,691,685,729,770,760,766,823,892,941,975,917,872,820,746,738,753,773,753,779,778,771,779,772,781,783,710,632,600,561,513,463,448,482,531,569,614,696,737,780,852,933,1006,1067,1133,1172,1200,1216,1340,1460,1625,1751,1912,2039,2336,2567,2714,
1,4,4,4,5,7,10,17,29,39,45,61,73,93,132,166,230,293,358,433,520,617,755,947,1130,1245,1345,1476,1561,1689,1741,1742,1599,1502,1403,1420,1450,1437,1523,1533,1511,1482,1409,1291,1174,1037,904,800,702,653,606,579,569,559,534,537,535,532,513,504,504,516,531,554,582,559,575,569,587,592,599,604,606,648,671,719,727,758,780,805,766,730,727,697,686,671,674,646,627,652,688,688,720,678,672,662,630,614,632,646,619,592,538,523,521,486,471,462,468,480,510,531,524,526,516,537,540,540,529,513,535,546,593,628,651,670,694,677,686,726,762,759,747,734,737,750,725,714,723,757,804,811,786,772,747,707,687,638,634,605,552,511,479,448,452,475,502,520,535,565,623,657,677,699,702,678,682,624,591,564,536,490,453,441,444,499,505,516,580,629,679,666,714,761,791,848,933,1042,1099,1185,1199,1271,1339,1415,1396,1381,1372,1357,1397,
1,3,4,5,9,10,16,23,30,39,45,58,68,76,108,143,187,227,275,325,389,482,574,650,767,946,1139,1258,1360,1426,1587,1725,1817,1871,2004,2035,1947,1971,1857,1788,1705,1646,1561,1414,1293,1152,1002,909,821,736,682,632,549,496,436,408,390,373,381,398,419,420,419,443,457,511,571,589,574,567,575,617,626,616,597,565,564,570,581,591,621,605,657,674,674,687,653,625,624,646,669,724,801,830,894,887,845,830,817,781,804,766,711,709,739,736,765,763,776,788,754,742,727,724,725,726,725,728,735,743,764,759,756,766,751,749,727,719,711,683,683,683,681,695,753,793,827,877,954,1041,1092,1080,1057,960,886,823,814,732,665,639,612,550,521,523,488,451,405,377,377,372,390,372,387,402,421,476,514,532,550,539,533,538,553,568,614,665,736,768,813,842,812,810,798,757,745,770,828,887,913,958,1039,1078,1095,1058,1064,1109,1112,1173,1301,
1,3,4,5,6,10,16,23,29,32,44,48,65,77,98,135,177,242,295,367,439,521,674,809,957,1101,1232,1408,1560,1848,2146,2379,2576,2581,2586,2444,2357,2173,1991,1811,1681,1521,1333,1230,1153,1014,902,788,764,731,664,612,574,561,529,520,481,454,433,412,405,422,422,448,441,431,439,451,445,432,475,525,554,587,588,593,588,607,591,564,550,548,542,566,572,588,598,597,597,633,675,717,749,747,757,744,723,715,722,719,685,662,656,666,681,689,648,595,578,568,578,593,601,580,559,542,531,557,559,622,668,735,805,874,899,941,902,882,806,758,703,649,605,589,618,657,682,717,713,728,698,635,571,533,506,473,445,413,385,379,345,350,324,334,342,333,344,365,389,424,441,474,504,531,595,677,734,781,782,791,867,904,927,970,966,1021,1037,985,998,1047,1066,1084,1080,1140,1250,1271,1284,1286,1341,1437,1492,1513,1562,1576,1568,1607,1731,1837,1893,
1,4,5,7,8,11,15,21,33,46,56,67,78,97,111,156,196,248,318,402,454,529,688,845,949,1151,1385,1586,1732,1918,2025,2054,2015,2011,2030,2007,1919,1842,1696,1618,1515,1419,1316,1179,1038,921,837,772,687,636,582,533,495,502,559,580,607,662,667,646,596,538,511,478,436,406,437,437,420,394,395,404,434,451,467,487,495,542,568,609,601,628,673,721,802,882,878,839,817,797,765,756,741,727,683,643,610,609,627,642,638,629,667,698,729,715,740,742,742,816,869,953,940,931,896,912,918,924,941,905,887,790,736,697,692,762,842,890,924,909,911,845,813,756,733,722,706,735,762,784,785,783,758,703,637,576,520,505,506,562,514,499,500,484,482,478,473,446,452,479,506,480,492,504,519,555,637,682,718,682,663,639,642,634,612,632,680,710,775,850,875,950,1010,1101,1193,1234,1218,1275,1269,1324,1419,1402,1417,1416,1476,1615,1805,2107,2354,
1,3,4,5,7,11,13,23,30,33,42,50,62,75,98,125,171,211,260,307,381,441,539,658,760,861,954,1155,1412,1645,1797,1927,2140,2353,2387,2279,2214,2014,1837,1786,1716,1541,1396,1234,1107,1003,919,879,827,772,740,683,619,593,541,545,565,572,611,597,619,584,580,553,511,493,491,485,476,449,439,423,425,417,442,488,561,576,542,560,601,598,587,545,494,481,485,467,479,527,572,600,628,657,656,617,578,533,488,448,426,410,446,467,476,506,566,581,577,605,607,638,666,662,673,697,642,626,610,591,575,564,582,631,622,654,660,674,671,684,669,673,671,641,667,690,661,642,613,615,639,651,610,580,568,541,525,548,550,548,548,522,492,489,501,528,538,563,565,642,704,766,781,848,845,850,849,844,885,850,808,776,774,775,752,759,778,749,768,798,863,891,892,873,905,977,1041,1146,1276,1407,1534,1547,1584,1534,1582,1543,1500,1611,1763,
1,2,3,4,7,9,14,20,27,27,33,46,58,73,93,117,161,214,257,322,364,443,559,678,858,1042,1250,1479,1631,1667,1743,1749,1770,1783,1784,1829,1829,1786,1648,1598,1530,1482,1386,1302,1188,1049,947,830,728,685,616,573,527,513,470,467,460,479,495,498,477,455,448,458,465,486,476,494,510,521,500,540,552,552,547,584,630,675,737,789,848,826,887,944,1003,1046,1020,948,931,892,874,894,945,934,903,833,792,761,738,686,634,605,591,590,565,568,571,565,572,549,528,534,544,547,541,575,570,581,618,668,726,738,727,718,716,731,771,793,848,892,916,881,871,903,914,915,894,892,883,925,968,990,997,1014,940,917,838,793,770,763,722,673,653,650,632,627,618,635,679,717,729,790,857,920,944,913,830,790,784,759,729,756,753,716,708,741,786,830,827,836,842,798,819,855,919,1000,1122,1230,1308,1464,1492,1423,1393,1349,1285,1180,1052,977,884,
1,3,4,4,9,11,15,21,31,38,54,72,84,105,140,167,218,251,261,306,308,317,373,447,530,629,749,876,1044,1208,1346,1478,1517,1586,1601,1548,1533,1498,1496,1596,1581,1579,1469,1364,1274,1183,1072,914,795,726,656,613,578,566,555,541,563,570,566,560,548,581,579,572,539,526,522,531,557,544,547,553,546,571,615,670,704,693,716,744,743,745,729,702,685,655,616,596,593,615,678,714,717,750,730,755,745,744,760,735,741,732,714,709,673,669,680,718,760,751,760,738,695,728,725,711,730,803,896,894,906,928,935,899,925,932,950,926,909,899,852,821,804,741,749,811,879,911,908,922,934,969,1026,1036,1008,1021,1010,1071,1196,1214,1195,1077,933,878,828,775,704,684,658,682,677,680,674,649,634,597,575,542,538,519,518,496,493,479,481,456,466,449,474,503,564,633,709,792,883,989,1105,1285,1359,1436,1508,1592,1615,1680,1715,1639,1515,1381,1272,
1,4,6,6,8,8,12,19,25,34,44,48,58,78,120,148,180,235,288,352,412,503,619,714,815,968,1125,1316,1527,1727,1917,2037,2155,2305,2351,2315,2377,2264,2169,2082,2026,1906,1664,1563,1411,1297,1199,1076,945,868,793,734,717,727,726,742,793,799,797,789,769,702,661,611,574,561,529,516,507,509,518,528,530,514,523,551,573,553,551,531,537,548,523,544,532,540,515,545,566,551,560,558,562,587,594,615,627,593,539,509,476,467,459,442,485,484,487,529,575,603,646,691,702,754,774,793,808,806,818,803,756,736,706,697,703,738,726,756,720,681,681,686,670,641,632,653,650,651,660,652,647,634,618,604,584,545,505,473,493,483,503,478,480,506,546,572,609,678,722,811,881,1002,1039,1101,1161,1160,1122,1074,1012,893,801,741,730,722,754,771,820,852,876,939,1038,1131,1168,1318,1459,1609,1734,1740,1799,1803,1787,1822,1786,1707,1579,1464,1360,1238,1138,
1,4,6,6,8,8,12,19,25,34,44,48,58,78,120,148,180,235,288,352,412,503,619,714,815,968,1125,1316,1527,1727,1917,2037,2155,2305,2351,2315,2377,2264,2169,2082,2026,1906,1664,1563,1411,1297,1199,1076,945,868,793,734,717,727,726,742,793,799,797,789,769,702,661,611,574,561,529,516,507,509,518,528,530,514,523,551,573,553,551,531,537,548,523,544,532,540,515,545,566,551,560,558,562,587,594,615,627,593,539,509,476,467,459,442,485,484,487,529,575,603,646,691,702,754,774,793,808,806,818,803,756,736,706,697,703,738,726,756,720,681,681,686,670,641,632,653,650,651,660,652,647,634,618,604,584,545,505,473,493,483,503,478,480,506,546,572,609,678,722,811,881,1002,1039,1101,1161,1160,1122,1074,1012,893,801,741,730,722,754,771,820,852,876,939,1038,1131,1168,1318,1459,1609,1734,1740,1799,1803,1787,1822,1786,1707,1579,1464,1360,1238,1138,
1,4,6,6,8,8,12,19,25,34,44,48,58,78,120,148,180,235,288,352,412,503,619,714,815,968,1125,1316,1527,1727,1917,2037,2155,2305,2351,2315,2377,2264,2169,2082,2026,1906,1664,1563,1411,1297,1199,1076,945,868,793,734,717,727,726,742,793,799,797,789,769,702,661,611,574,561,529,516,507,509,518,528,530,514,523,551,573,553,551,531,537,548,523,544,532,540,515,545,566,551,560,558,562,587,594,615,627,593,539,509,476,467,459,442,485,484,487,529,575,603,646,691,702,754,774,793,808,806,818,803,756,736,706,697,703,738,726,756,720,681,681,686,670,641,632,653,650,651,660,652,647,634,618,604,584,545,505,473,493,483,503,478,480,506,546,572,609,678,722,811,881,1002,1039,1101,1161,1160,1122,1074,1012,893,801,741,730,722,754,771,820,852,876,939,1038,1131,1168,1318,1459,1609,1734,1740,1799,1803,1787,1822,1786,1707,1579,1464,1360,1238,1138,
1,4,6,6,8,8,12,19,25,34,44,48,58,78,120,148,180,235,288,352,412,503,619,714,815,968,1125,1316,1527,1727,1917,2037,2155,2305,2351,2315,2377,2264,2169,2082,2026,1906,1664,1563,1411,1297,1199,1076,945,868,793,734,717,727,726,742,793,799,797,789,769,702,661,611,574,561,529,516,507,509,518,528,530,514,523,551,573,553,551,531,537,548,523,544,532,540,515,545,566,551,560,558,562,587,594,615,627,593,539,509,476,467,459,442,485,484,487,529,575,603,646,691,702,754,774,793,808,806,818,803,756,736,706,697,703,738,726,756,720,681,681,686,670,641,632,653,650,651,660,652,647,634,618,604,584,545,505,473,493,483,503,478,480,506,546,572,609,678,722,811,881,1002,1039,1101,1161,1160,1122,1074,1012,893,801,741,730,722,754,771,820,852,876,939,1038,1131,1168,1318,1459,1609,1734,1740,1799,1803,1787,1822,1786,1707,1579,1464,1360,1238,1138,
1,4,6,6,8,8,12,19,25,34,44,48,58,78,120,148,180,235,288,352,412,503,619,714,815,968,1125,1316,1527,1727,1917,2037,2155,2305,2351,2315,2377,2264,2169,2082,2026,1906,1664,1563,1411,1297,1199,1076,945,868,793,734,717,727,726,742,793,799,797,789,769,702,661,611,574,561,529,516,507,509,518,528,530,514,523,551,573,553,551,531,537,548,523,544,532,540,515,545,566,551,560,558,562,587,594,615,627,593,539,509,476,467,459,442,485,484,487,529,575,603,646,691,702,754,774,793,808,806,818,803,756,736,706,697,703,738,726,756,720,681,681,686,670,641,632,653,650,651,660,652,647,634,618,604,584,545,505,473,493,483,503,478,480,506,546,572,609,678,722,811,881,1002,1039,1101,1161,1160,1122,1074,1012,893,801,741,730,722,754,771,820,852,876,939,1038,1131,1168,1318,1459,1609,1734,1740,1799,1803,1787,1822,1786,1707,1579,1464,1360,1238,1138,
1,4,6,6,8,8,12,19,25,34,44,48,58,78,120,148,180,235,288,352,412,503,619,714,815,968,1125,1316,1527,1727,1917,2037,2155,2305,2351,2315,2377,2264,2169,2082,2026,1906,1664,1563,1411,1297,1199,1076,945,868,793,734,717,727,726,742,793,799,797,789,769,702,661,611,574,561,529,516,507,509,518,528,530,514,523,551,573,553,551,531,537,548,523,544,532,540,515,545,566,551,560,558,562,587,594,615,627,593,539,509,476,467,459,442,485,484,487,529,575,603,646,691,702,754,774,793,808,806,818,803,756,736,706,697,703,738,726,756,720,681,681,686,670,641,632,653,650,651,660,652,647,634,618,604,584,545,505,473,493,483,503,478,480,506,546,572,609,678,722,811,881,1002,1039,1101,1161,1160,1122,1074,1012,893,801,741,730,722,754,771,820,852,876,939,1038,1131,1168,1318,1459,1609,1734,1740,1799,1803,1787,1822,1786,1707,1579,1464,1360,1238,1138,
1,4,6,6,8,8,12,19,25,34,44,48,58,78,120,148,180,235,288,352,412,503,619,714,815,968,1125,1316,1527,1727,1917,2037,2155,2305,2351,2315,2377,2264,2169,2082,2026,1906,1664,1563,1411,1297,1199,1076,945,868,793,734,717,727,726,742,793,799,797,789,769,702,661,611,574,561,529,516,507,509,518,528,530,514,523,551,573,553,551,531,537,548,523,544,532,540,515,545,566,551,560,558,562,587,594,615,627,593,539,509,476,467,459,442,485,484,487,529,575,603,646,691,702,754,774,793,808,806,818,803,756,736,706,697,703,738,726,756,720,681,681,686,670,641,632,653,650,651,660,652,647,634,618,604,584,545,505,473,493,483,503,478,480,506,546,572,609,678,722,811,881,1002,1039,1101,1161,1160,1122,1074,1012,893,801,741,730,722,754,771,820,852,876,939,1038,1131,1168,1318,1459,1609,1734,1740,1799,1803,1787,1822,1786,1707,1579,1464,1360,1238,1138,
1,4,6,6,8,8,12,19,25,34,44,48,58,78,120,148,180,235,288,352,412,503,619,714,815,968,1125,1316,1527,1727,1917,2037,2155,2305,2351,2315,2377,2264,2169,2082,2026,1906,1664,1563,1411,1297,1199,1076,945,868,793,734,717,727,726,742,793,799,797,789,769,702,661,611,574,561,529,516,507,509,518,528,530,514,523,551,573,553,551,531,537,548,523,544,532,540,515,545,566,551,560,558,562,587,594,615,627,593,539,509,476,467,459,442,485,484,487,529,575,603,646,691,702,754,774,793,808,806,818,803,756,736,706,697,703,738,726,756,720,681,681,686,670,641,632,653,650,651,660,652,647,634,618,604,584,545,505,473,493,483,503,478,480,506,546,572,609,678,722,811,881,1002,1039,1101,1161,1160,1122,1074,1012,893,801,741,730,722,754,771,820,852,876,939,1038,1131,1168,1318,1459,1609,1734,1740,1799,1803,1787,1822,1786,1707,1579,1464,1360,1238,1138,
1,4,6,6,8,8,12,19,25,34,44,48,58,78,120,148,180,235,288,352,412,503,619,714,815,968,1125,1316,1527,1727,1917,2037,2155,2305,2351,2315,2377,2264,2169,2082,2026,1906,1664,1563,1411,1297,1199,1076,945,868,793,734,717,727,726,742,793,799,797,789,769,702,661,611,574,561,529,516,507,509,518,528,530,514,523,551,573,553,551,531,537,548,523,544,532,540,515,545,566,551,560,558,562,587,594,615,627,593,539,509,476,467,459,442,485,484,487,529,575,603,646,691,702,754,774,793,808,806,818,803,756,736,706,697,703,738,726,756,720,681,681,686,670,641,632,653,650,651,660,652,647,634,618,604,584,545,505,473,493,483,503,478,480,506,546,572,609,678,722,811,881,1002,1039,1101,1161,1160,1122,1074,1012,893,801,741,730,722,754,771,820,852,876,939,1038,1131,1168,1318,1459,1609,1734,1740,1799,1803,1787,1822,1786,1707,1579,1464,1360,1238,1138,
1,4,6,6,8,8,12,19,25,34,44,48,58,78,120,148,180,235,288,352,412,503,619,714,815,968,1125,1316,1527,1727,1917,2037,2155,2305,2351,2315,2377,2264,2169,2082,2026,1906,1664,1563,1411,1297,1199,1076,945,868,793,734,717,727,726,742,793,799,797,789,769,702,661,611,574,561,529,516,507,509,518,528,530,514,523,551,573,553,551,531,537,548,523,544,532,540,515,545,566,551,560,558,562,587,594,615,627,593,539,509,476,467,459,442,485,484,487,529,575,603,646,691,702,754,774,793,808,806,818,803,756,736,706,697,703,738,726,756,720,681,681,686,670,641,632,653,650,651,660,652,647,634,618,604,584,545,505,473,493,483,503,478,480,506,546,572,609,678,722,811,881,1002,1039,1101,1161,1160,1122,1074,1012,893,801,741,730,722,754,771,820,852,876,939,1038,1131,1168,1318,1459,1609,1734,1740,1799,1803,1787,1822,1786,1707,1579,1464,1360,1238,1138,
1,4,6,6,8,8,12,19,25,34,44,48,58,78,120,148,180,235,288,352,412,503,619,714,815,968,1125,1316,1527,1727,1917,2037,2155,2305,2351,2315,2377,2264,2169,2082,2026,1906,1664,1563,1411,1297,1199,1076,945,868,793,734,717,727,726,742,793,799,797,789,769,702,661,611,574,561,529,516,507,509,518,528,530,514,523,551,573,553,551,531,537,548,523,544,532,540,515,545,566,551,560,558,562,587,594,615,627,593,539,509,476,467,459,442,485,484,487,529,575,603,646,691,702,754,774,793,808,806,818,803,756,736,706,697,703,738,726,756,720,681,681,686,670,641,632,653,650,651,660,652,647,634,618,604,584,545,505,473,493,483,503,478,480,506,546,572,609,678,722,811,881,1002,1039,1101,1161,1160,1122,1074,1012,893,801,741,730,722,754,771,820,852,876,939,1038,1131,1168,1318,1459,1609,1734,1740,1799,1803,1787,1822,1786,1707,1579,1464,1360,1238,1138,
1,4,6,6,8,8,12,19,25,34,44,48,58,78,120,148,180,235,288,352,412,503,619,714,815,968,1125,1316,1527,1727,1917,2037,2155,2305,2351,2315,2377,2264,2169,2082,2026,1906,1664,1563,1411,1297,1199,1076,945,868,793,734,717,727,726,742,793,799,797,789,769,702,661,611,574,561,529,516,507,509,518,528,530,514,523,551,573,553,551,531,537,548,523,544,532,540,515,545,566,551,560,558,562,587,594,615,627,593,539,509,476,467,459,442,485,484,487,529,575,603,646,691,702,754,774,793,808,806,818,803,756,736,706,697,703,738,726,756,720,681,681,686,670,641,632,653,650,651,660,652,647,634,618,604,584,545,505,473,493,483,503,478,480,506,546,572,609,678,722,811,881,1002,1039,1101,1161,1160,1122,1074,1012,893,801,741,730,722,754,771,820,852,876,939,1038,1131,1168,1318,1459,1609,1734,1740,1799,1803,1787,1822,1786,1707,1579,1464,1360,1238,1138,
1,4,6,6,8,8,12,19,25,34,44,48,58,78,120,148,180,235,288,352,412,503,619,714,815,968,1125,1316,1527,1727,1917,2037,2155,2305,2351,2315,2377,2264,2169,2082,2026,1906,1664,1563,1411,1297,1199,1076,945,868,793,734,717,727,726,742,793,799,797,789,769,702,661,611,574,561,529,516,507,509,518,528,530,514,523,551,573,553,551,531,537,548,523,544,532,540,515,545,566,551,560,558,562,587,594,615,627,593,539,509,476,467,459,442,485,484,487,529,575,603,646,691,702,754,774,793,808,806,818,803,756,736,706,697,703,738,726,756,720,681,681,686,670,641,632,653,650,651,660,652,647,634,618,604,584,545,505,473,493,483,503,478,480,506,546,572,609,678,722,811,881,1002,1039,1101,1161,1160,1122,1074,1012,893,801,741,730,722,754,771,820,852,876,939,1038,1131,1168,1318,1459,1609,1734,1740,1799,1803,1787,1822,1786,1707,1579,1464,1360,1238,1138,
1,4,6,6,8,8,12,19,25,34,44,48,58,78,120,148,180,235,288,352,412,503,619,714,815,968,1125,1316,1527,1727,1917,2037,2155,2305,2351,2315,2377,2264,2169,2082,2026,1906,1664,1563,1411,1297,1199,1076,945,868,793,734,717,727,726,742,793,799,797,789,769,702,661,611,574,561,529,516,507,509,518,528,530,514,523,551,573,553,551,531,537,548,523,544,532,540,515,545,566,551,560,558,562,587,594,615,627,593,539,509,476,467,459,442,485,484,487,529,575,603,646,691,702,754,774,793,808,806,818,803,756,736,706,697,703,738,726,756,720,681,681,686,670,641,632,653,650,651,660,652,647,634,618,604,584,545,505,473,493,483,503,478,480,506,546,572,609,678,722,811,881,1002,1039,1101,1161,1160,1122,1074,1012,893,801,741,730,722,754,771,820,852,876,939,1038,1131,1168,1318,1459,1609,1734,1740,1799,1803,1787,1822,1786,1707,1579,1464,1360,1238,1138,
1,4,6,6,8,8,12,19,25,34,44,48,58,78,120,148,180,235,288,352,412,503,619,714,815,968,1125,1316,1527,1727,1917,2037,2155,2305,2351,2315,2377,2264,2169,2082,2026,1906,1664,1563,1411,1297,1199,1076,945,868,793,734,717,727,726,742,793,799,797,789,769,702,661,611,574,561,529,516,507,509,518,528,530,514,523,551,573,553,551,531,537,548,523,544,532,540,515,545,566,551,560,558,562,587,594,615,627,593,539,509,476,467,459,442,485,484,487,529,575,603,646,691,702,754,774,793,808,806,818,803,756,736,706,697,703,738,726,756,720,681,681,686,670,641,632,653,650,651,660,652,647,634,618,604,584,545,505,473,493,483,503,478,480,506,546,572,609,678,722,811,881,1002,1039,1101,1161,1160,1122,1074,1012,893,801,741,730,722,754,771,820,852,876,939,1038,1131,1168,1318,1459,1609,1734,1740,1799,1803,1787,1822,1786,1707,1579,1464,1360,1238,1138,
1,3,7,8,13,17,18,19,33,36,39,55,73,93,117,143,209,249,304,363,427,503,600,751,877,1011,1138,1259,1335,1417,1509,1570,1664,1782,1869,1828,1775,1703,1576,1447,1336,1276,1198,1101,1060,983,869,798,737,686,665,638,617,619,626,626,635,613,599,600,548,536,497,470,457,439,431,435,438,478,511,549,552,558,581,587,599,611,589,586,580,547,524,502,498,489,502,491,495,514,524,539,539,561,558,547,547,541,552,561,570,552,549,551,585,599,628,652,670,688,676,696,695,696,716,691,677,692,724,717,667,636,617,607,603,584,607,595,585,556,533,545,555,562,556,522,488,507,553,568,580,584,618,611,592,553,514,512,497,461,455,426,409,407,423,443,484,544,579,659,701,758,771,759,748,737,754,717,704,731,743,714,697,657,605,612,601,569,594,583,605,664,730,820,928,1038,1126,1201,1286,1385,1479,1554,1682,1780,1796,1742,1703,1644,1581,
1,3,7,8,13,17,18,19,33,36,39,55,73,93,117,143,209,249,304,363,427,503,600,751,877,1011,1138,1259,1335,1417,1509,1570,1664,1782,1869,1828,1775,1703,1576,1447,1336,1276,1198,1101,1060,983,869,798,737,686,665,638,617,619,626,626,635,613,599,600,548,536,497,470,457,439,431,435,438,478,511,549,552,558,581,587,599,611,589,586,580,547,524,502,498,489,502,491,495,514,524,539,539,561,558,547,547,541,552,561,570,552,549,551,585,599,628,652,670,688,676,696,695,696,716,691,677,692,724,717,667,636,617,607,603,584,607,595,585,556,533,545,555,562,556,522,488,507,553,568,580,584,618,611,592,553,514,512,497,461,455,426,409,407,423,443,484,544,579,659,701,758,771,759,748,737,754,717,704,731,743,714,697,657,605,612,601,569,594,583,605,664,730,820,928,1038,1126,1201,1286,1385,1479,1554,1682,1780,1796,1742,1703,1644,1581,
1,3,3,3,6,8,13,25,30,37,41,50,59,77,109,147,197,260,323,415,497,549,636,773,889,1037,1227,1418,1668,1840,1940,2089,2205,2293,2307,2207,2068,1917,1710,1535,1362,1198,1066,958,842,752,713,647,577,508,478,448,424,401,412,412,398,409,409,401,393,386,372,365,341,324,326,321,331,347,359,370,382,390,405,431,419,441,460,464,472,483,486,508,500,525,517,525,557,567,582,628,681,736,767,796,856,872,859,832,801,782,774,774,757,732,744,708,682,677,649,660,626,607,585,599,591,572,565,589,591,655,667,652,659,690,720,771,825,864,911,965,1014,1010,1035,999,990,924,902,903,894,876,797,728,662,598,533,510,485,453,432,436,407,401,390,390,363,384,394,392,412,399,436,441,441,450,438,430,452,452,447,463,493,524,563,584,656,695,718,753,785,825,833,858,918,930,916,918,915,938,976,973,1008,1062,1134,1310,1438,1597,1777,
1,4,7,9,8,10,13,25,36,42,45,50,55,62,89,115,146,193,265,330,403,497,596,712,849,1045,1211,1358,1525,1618,1790,1996,2137,2181,2152,2159,2129,2079,2011,1916,1826,1690,1564,1445,1321,1227,1141,1045,923,829,736,651,625,603,580,564,545,527,528,513,532,563,556,552,562,566,611,639,632,622,628,637,626,637,645,683,712,698,703,747,755,722,668,618,584,563,561,559,560,553,584,629,655,685,686,718,745,780,812,827,899,989,998,1017,1006,969,914,915,893,895,870,869,851,839,786,759,733,727,733,727,712,709,690,702,716,733,757,742,764,757,780,782,769,728,682,703,701,698,698,697,693,667,654,641,624,597,577,549,498,453,419,403,372,381,432,461,492,532,567,608,637,661,691,727,754,729,701,665,639,606,574,550,526,530,548,553,585,578,618,687,718,759,829,942,1042,1099,1197,1271,1272,1283,1319,1395,1471,1466,1471,1492,1510,1556,1556,
1,2,3,3,7,8,11,21,29,29,34,45,51,66,81,104,150,207,250,309,384,443,548,632,729,836,937,1099,1227,1348,1499,1625,1642,1629,1595,1598,1540,1559,1488,1355,1282,1250,1198,1115,1044,968,867,785,722,660,640,603,576,562,548,511,482,476,481,505,523,510,525,531,570,567,551,554,543,546,541,533,525,495,492,511,510,507,541,559,560,528,540,561,559,576,565,586,592,626,639,674,692,705,723,741,725,715,701,707,699,687,705,687,706,697,706,695,684,683,699,712,715,722,743,787,783,815,834,842,862,874,869,872,871,892,871,870,892,868,883,829,788,783,804,829,832,883,887,873,846,843,801,778,751,683,638,603,562,532,504,494,466,442,421,414,408,413,394,397,412,442,452,480,517,565,604,655,665,687,722,736,757,760,770,804,829,821,828,823,827,851,874,901,922,928,920,933,967,936,991,1031,1059,1006,990,1011,1062,1058,1088,
1,3,4,6,10,12,16,25,42,48,65,72,87,96,114,135,182,253,322,406,479,527,641,718,835,979,1090,1203,1300,1477,1558,1673,1790,1860,1911,1917,2039,2084,2064,2045,1963,1848,1635,1424,1254,1123,994,932,857,790,738,707,658,659,657,638,611,623,635,645,640,660,672,639,637,618,599,579,589,531,511,495,483,454,443,466,467,505,528,558,590,570,585,574,582,597,601,628,612,615,617,677,710,746,760,822,840,813,798,756,687,653,567,541,501,490,503,515,535,513,515,543,550,581,651,681,712,778,761,747,762,788,815,841,863,904,981,994,1018,1009,993,948,908,908,911,902,933,950,960,967,966,951,976,974,943,893,860,821,797,721,685,664,675,689,711,680,645,637,626,607,556,529,517,500,498,510,499,503,528,542,551,546,556,542,531,533,556,589,602,607,607,636,679,715,763,818,905,988,1043,1105,1171,1233,1296,1292,1305,1246,1163,1109,1059,
1,4,5,6,9,10,12,15,24,34,39,51,61,82,108,143,191,248,301,369,453,554,707,853,1010,1151,1335,1394,1483,1558,1640,1744,1774,1794,1734,1632,1529,1451,1433,1323,1297,1195,1114,985,941,897,836,840,841,827,768,688,631,606,577,539,532,539,538,536,533,502,484,486,490,474,451,435,425,415,423,455,485,519,547,595,631,641,617,627,625,591,585,568,554,555,548,544,520,547,554,582,627,693,738,720,709,711,686,662,627,605,596,623,631,684,711,771,797,863,932,980,999,1028,1055,1089,1120,1120,1129,1081,1096,1075,1062,1019,962,929,905,833,842,803,774,790,788,757,752,766,779,839,866,840,816,785,785,748,755,759,751,759,777,798,778,737,676,608,549,519,522,527,551,570,590,623,656,672,668,655,626,598,623,609,623,593,588,590,561,549,535,516,513,513,532,540,625,681,744,782,855,945,1057,1146,1185,1242,1273,1348,1387,1428,1467,1513,1547,
1,4,5,9,11,11,14,23,34,40,47,56,71,93,113,136,204,244,297,378,444,492,595,751,945,1124,1313,1523,1784,2119,2295,2424,2433,2478,2534,2587,2499,2407,2203,2062,1911,1765,1639,1490,1399,1327,1237,1138,1072,964,827,781,764,754,734,712,682,655,624,663,691,688,727,705,646,597,547,536,521,491,476,460,494,498,502,507,484,482,498,520,538,527,538,535,569,582,587,612,659,708,750,769,774,778,749,742,737,684,620,613,602,613,625,621,627,610,610,619,644,660,668,693,705,692,678,681,654,656,659,637,620,655,676,692,712,738,731,734,733,725,756,750,726,711,698,714,749,757,725,733,717,692,697,671,657,642,691,700,710,729,748,748,748,760,779,807,798,844,829,900,912,962,949,982,991,980,974,921,847,794,764,701,678,657,637,655,641,674,664,685,702,709,695,681,693,689,730,732,719,711,705,716,735,783,851,881,959,1055,1109,
1,4,5,9,11,11,14,23,34,40,47,56,71,93,113,136,204,244,297,378,444,492,595,751,945,1124,1313,1523,1784,2119,2295,2424,2433,2478,2534,2587,2499,2407,2203,2062,1911,1765,1639,1490,1399,1327,1237,1138,1072,964,827,781,764,754,734,712,682,655,624,663,691,688,727,705,646,597,547,536,521,491,476,460,494,498,502,507,484,482,498,520,538,527,538,535,569,582,587,612,659,708,750,769,774,778,749,742,737,684,620,613,602,613,625,621,627,610,610,619,644,660,668,693,705,692,678,681,654,656,659,637,620,655,676,692,712,738,731,734,733,725,756,750,726,711,698,714,749,757,725,733,717,692,697,671,657,642,691,700,710,729,748,748,748,760,779,807,798,844,829,900,912,962,949,982,991,980,974,921,847,794,764,701,678,657,637,655,641,674,664,685,702,709,695,681,693,689,730,732,719,711,705,716,735,783,851,881,959,1055,1109,
1,3,4,4,8,9,15,21,31,33,37,46,59,72,96,128,167,219,285,346,417,505,680,848,962,1155,1318,1457,1623,1793,2021,2165,2279,2339,2398,2418,2346,2277,2123,1982,1799,1643,1522,1368,1229,1088,983,903,854,819,831,778,708,680,657,626,588,569,567,595,606,600,569,561,555,577,588,609,632,635,650,651,637,617,599,574,583,613,655,677,690,712,762,814,809,773,748,720,690,733,767,763,768,770,764,789,837,912,966,1003,1046,1068,1050,1045,1033,1016,1032,983,982,966,983,1037,1076,1105,1074,1074,1032,1019,994,966,939,887,847,837,852,862,812,797,782,766,738,726,728,732,715,694,713,705,712,723,707,694,668,669,641,615,588,559,547,523,527,522,507,500,496,514,491,507,518,530,556,525,539,548,538,568,586,609,614,652,686,714,732,780,809,838,850,921,968,1031,1068,1105,1127,1132,1171,1246,1276,1344,1329,1347,1372,1428,1413,1392,1361,1374,1358,1382,1366,
1,2,4,5,9,10,12,20,29,34,46,54,70,79,101,127,166,217,259,319,378,440,532,683,810,969,1103,1236,1414,1544,1710,1881,1996,2076,2139,2135,2132,2123,2033,1895,1788,1617,1431,1286,1180,1095,1036,1021,960,909,830,777,708,671,605,574,592,609,615,629,644,632,620,606,597,579,571,547,534,512,501,493,474,456,470,488,506,550,581,604,617,637,618,647,710,728,729,712,743,738,746,716,721,717,688,653,680,669,656,644,641,655,674,722,759,788,804,799,817,836,857,856,838,799,802,815,768,741,766,808,797,773,764,775,788,761,745,694,685,636,637,653,688,679,717,704,711,691,678,718,681,651,640,603,555,554,522,526,528,536,542,530,499,474,467,463,450,462,452,461,482,518,534,543,580,611,639,642,657,652,664,668,661,649,659,661,640,650,668,709,692,667,660,671,760,847,961,1071,1189,1351,1496,1656,1803,2067,2201,2356,2505,2691,2926,
1,4,4,4,6,8,15,24,33,40,50,55,70,92,118,141,199,251,338,405,464,549,706,881,1063,1292,1473,1692,1828,1944,2167,2311,2459,2619,2676,2603,2455,2286,2112,2020,1897,1702,1522,1369,1246,1135,1081,979,890,821,791,760,720,689,658,626,605,601,578,556,556,546,538,536,512,517,521,505,504,504,511,528,518,549,582,572,575,580,593,617,647,694,725,796,839,858,869,860,891,892,956,1020,1029,1035,970,955,893,859,858,818,792,742,694,639,611,560,563,533,543,560,577,606,589,610,639,644,646,664,699,758,795,835,878,910,953,1005,1042,1085,1068,1064,1079,1065,1047,1036,1035,1024,1001,987,1031,1069,1094,1099,1037,1017,965,907,825,787,777,779,762,739,736,719,698,688,665,655,665,726,741,737,723,710,705,695,665,636,644,644,655,681,684,715,738,774,836,895,925,973,1029,1064,1137,1175,1186,1220,1210,1205,1157,1086,1048,1079,1027,981,962,927,887,843,801,
1,4,4,4,6,8,15,24,33,40,50,55,70,92,118,141,199,251,338,405,464,549,706,881,1063,1292,1473,1692,1828,1944,2167,2311,2459,2619,2676,2603,2455,2286,2112,2020,1897,1702,1522,1369,1246,1135,1081,979,890,821,791,760,720,689,658,626,605,601,578,556,556,546,538,536,512,517,521,505,504,504,511,528,518,549,582,572,575,580,593,617,647,694,725,796,839,858,869,860,891,892,956,1020,1029,1035,970,955,893,859,858,818,792,742,694,639,611,560,563,533,543,560,577,606,589,610,639,644,646,664,699,758,795,835,878,910,953,1005,1042,1085,1068,1064,1079,1065,1047,1036,1035,1024,1001,987,1031,1069,1094,1099,1037,1017,965,907,825,787,777,779,762,739,736,719,698,688,665,655,665,726,741,737,723,710,705,695,665,636,644,644,655,681,684,715,738,774,836,895,925,973,1029,1064,1137,1175,1186,1220,1210,1205,1157,1086,1048,1079,1027,981,962,927,887,843,801,
1,5,6,6,7,9,13,21,29,36,39,50,62,80,104,125,161,204,264,344,431,535,627,753,874,992,1108,1254,1392,1524,1633,1731,1776,1773,1778,1671,1622,1632,1667,1641,1577,1530,1466,1387,1271,1178,1055,972,862,801,707,659,599,560,535,526,525,506,533,526,536,525,499,478,474,497,507,528,577,620,596,619,608,579,574,563,583,593,603,639,633,680,697,708,726,751,752,735,736,746,748,741,737,773,808,833,846,849,855,869,870,871,853,827,831,860,946,1009,1106,1153,1191,1222,1251,1262,1252,1216,1228,1246,1277,1264,1244,1253,1228,1255,1243,1216,1175,1167,1143,1107,1083,1064,1014,948,938,942,915,908,906,895,892,903,886,896,854,844,825,835,822,814,793,771,723,722,709,700,693,719,713,715,758,794,823,872,884,903,919,947,994,1045,1054,1095,1152,1175,1164,1173,1231,1235,1219,1261,1303,1351,1385,1415,1489,1611,1638,1697,1667,1657,1635,1594,1574,1561,1515,1453,1390,1343,1261,
1,5,9,7,6,9,14,19,27,32,35,47,57,74,98,123,161,203,247,332,404,512,627,792,892,1088,1220,1411,1536,1785,1938,2090,2165,2116,2060,1942,1915,1886,1851,1795,1728,1714,1674,1564,1436,1272,1185,1097,973,882,828,748,678,647,615,593,584,551,516,491,480,479,494,493,535,581,605,612,615,625,624,645,657,680,689,722,737,746,747,764,744,717,702,678,665,674,704,744,778,829,896,932,936,887,853,827,798,828,832,850,855,874,880,857,853,845,895,960,1010,1025,1055,1143,1212,1205,1287,1334,1364,1361,1307,1248,1103,970,941,903,925,907,879,836,796,785,796,812,818,839,854,870,862,869,873,866,876,913,955,983,961,954,973,1017,1048,1076,1093,1131,1195,1217,1250,1238,1261,1224,1216,1246,1222,1205,1171,1101,1027,1001,952,919,891,871,861,825,824,820,845,848,864,946,1009,1041,1106,1184,1284,1412,1502,1620,1765,1841,1945,2151,2262,2306,2339,2356,2311,2101,1887,1718,1612,
1,5,9,7,6,9,14,19,27,32,35,47,57,74,98,123,161,203,247,332,404,512,627,792,892,1088,1220,1411,1536,1785,1938,2090,2165,2116,2060,1942,1915,1886,1851,1795,1728,1714,1674,1564,1436,1272,1185,1097,973,882,828,748,678,647,615,593,584,551,516,491,480,479,494,493,535,581,605,612,615,625,624,645,657,680,689,722,737,746,747,764,744,717,702,678,665,674,704,744,778,829,896,932,936,887,853,827,798,828,832,850,855,874,880,857,853,845,895,960,1010,1025,1055,1143,1212,1205,1287,1334,1364,1361,1307,1248,1103,970,941,903,925,907,879,836,796,785,796,812,818,839,854,870,862,869,873,866,876,913,955,983,961,954,973,1017,1048,1076,1093,1131,1195,1217,1250,1238,1261,1224,1216,1246,1222,1205,1171,1101,1027,1001,952,919,891,871,861,825,824,820,845,848,864,946,1009,1041,1106,1184,1284,1412,1502,1620,1765,1841,1945,2151,2262,2306,2339,2356,2311,2101,1887,1718,1612,
1,5,9,7,6,9,14,19,27,32,35,47,57,74,98,123,161,203,247,332,404,512,627,792,892,1088,1220,1411,1536,1785,1938,2090,2165,2116,2060,1942,1915,1886,1851,1795,1728,1714,1674,1564,1436,1272,1185,1097,973,882,828,748,678,647,615,593,584,551,516,491,480,479,494,493,535,581,605,612,615,625,624,645,657,680,689,722,737,746,747,764,744,717,702,678,665,674,704,744,778,829,896,932,936,887,853,827,798,828,832,850,855,874,880,857,853,845,895,960,1010,1025,1055,1143,1212,1205,1287,1334,1364,1361,1307,1248,1103,970,941,903,925,907,879,836,796,785,796,812,818,839,854,870,862,869,873,866,876,913,955,983,961,954,973,1017,1048,1076,1093,1131,1195,1217,1250,1238,1261,1224,1216,1246,1222,1205,1171,1101,1027,1001,952,919,891,871,861,825,824,820,845,848,864,946,1009,1041,1106,1184,1284,1412,1502,1620,1765,1841,1945,2151,2262,2306,2339,2356,2311,2101,1887,1718,1612,
1,2,3,3,5,7,12,16,27,33,39,60,66,82,112,142,189,248,305,357,414,486,569,688,841,987,1121,1262,1370,1518,1668,1850,1980,2129,2224,2272,2302,2326,2354,2383,2358,2206,2022,1823,1616,1494,1353,1183,1068,1016,948,878,833,787,717,666,652,605,569,533,547,535,518,520,510,483,460,466,457,459,452,444,436,437,442,456,464,490,522,590,656,653,666,715,705,697,679,687,674,651,636,598,561,549,550,541,528,549,551,554,534,544,570,575,564,564,567,581,619,654,681,708,750,769,785,788,777,735,720,733,754,756,759,776,802,848,834,823,818,801,800,796,801,792,774,802,805,821,820,843,852,848,838,802,769,746,745,706,698,719,741,791,860,890,901,875,868,881,924,951,970,1025,1101,1147,1171,1204,1202,1199,1152,1126,1082,1043,951,872,824,800,777,749,782,786,844,897,978,1031,1114,1177,1232,1355,1504,1701,1873,2037,2113,2151,2171,2185,2067,1934,1794,
1,2,3,3,5,7,12,16,27,33,39,60,66,82,112,142,189,248,305,357,414,486,569,688,841,987,1121,1262,1370,1518,1668,1850,1980,2129,2224,2272,2302,2326,2354,2383,2358,2206,2022,1823,1616,1494,1353,1183,1068,1016,948,878,833,787,717,666,652,605,569,533,547,535,518,520,510,483,460,466,457,459,452,444,436,437,442,456,464,490,522,590,656,653,666,715,705,697,679,687,674,651,636,598,561,549,550,541,528,549,551,554,534,544,570,575,564,564,567,581,619,654,681,708,750,769,785,788,777,735,720,733,754,756,759,776,802,848,834,823,818,801,800,796,801,792,774,802,805,821,820,843,852,848,838,802,769,746,745,706,698,719,741,791,860,890,901,875,868,881,924,951,970,1025,1101,1147,1171,1204,1202,1199,1152,1126,1082,1043,951,872,824,800,777,749,782,786,844,897,978,1031,1114,1177,1232,1355,1504,1701,1873,2037,2113,2151,2171,2185,2067,1934,1794,
1,2,3,3,5,7,12,16,27,33,39,60,66,82,112,142,189,248,305,357,414,486,569,688,841,987,1121,1262,1370,1518,1668,1850,1980,2129,2224,2272,2302,2326,2354,2383,2358,2206,2022,1823,1616,1494,1353,1183,1068,1016,948,878,833,787,717,666,652,605,569,533,547,535,518,520,510,483,460,466,457,459,452,444,436,437,442,456,464,490,522,590,656,653,666,715,705,697,679,687,674,651,636,598,561,549,550,541,528,549,551,554,534,544,570,575,564,564,567,581,619,654,681,708,750,769,785,788,777,735,720,733,754,756,759,776,802,848,834,823,818,801,800,796,801,792,774,802,805,821,820,843,852,848,838,802,769,746,745,706,698,719,741,791,860,890,901,875,868,881,924,951,970,1025,1101,1147,1171,1204,1202,1199,1152,1126,1082,1043,951,872,824,800,777,749,782,786,844,897,978,1031,1114,1177,1232,1355,1504,1701,1873,2037,2113,2151,2171,2185,2067,1934,1794,
1,2,3,3,5,7,12,16,27,33,39,60,66,82,112,142,189,248,305,357,414,486,569,688,841,987,1121,1262,1370,1518,1668,1850,1980,2129,2224,2272,2302,2326,2354,2383,2358,2206,2022,1823,1616,1494,1353,1183,1068,1016,948,878,833,787,717,666,652,605,569,533,547,535,518,520,510,483,460,466,457,459,452,444,436,437,442,456,464,490,522,590,656,653,666,715,705,697,679,687,674,651,636,598,561,549,550,541,528,549,551,554,534,544,570,575,564,564,567,581,619,654,681,708,750,769,785,788,777,735,720,733,754,756,759,776,802,848,834,823,818,801,800,796,801,792,774,802,805,821,820,843,852,848,838,802,769,746,745,706,698,719,741,791,860,890,901,875,868,881,924,951,970,1025,1101,1147,1171,1204,1202,1199,1152,1126,1082,1043,951,872,824,800,777,749,782,786,844,897,978,1031,1114,1177,1232,1355,1504,1701,1873,2037,2113,2151,2171,2185,2067,1934,1794,
1,2,3,3,5,7,12,16,27,33,39,60,66,82,112,142,189,248,305,357,414,486,569,688,841,987,1121,1262,1370,1518,1668,1850,1980,2129,2224,2272,2302,2326,2354,2383,2358,2206,2022,1823,1616,1494,1353,1183,1068,1016,948,878,833,787,717,666,652,605,569,533,547,535,518,520,510,483,460,466,457,459,452,444,436,437,442,456,464,490,522,590,656,653,666,715,705,697,679,687,674,651,636,598,561,549,550,541,528,549,551,554,534,544,570,575,564,564,567,581,619,654,681,708,750,769,785,788,777,735,720,733,754,756,759,776,802,848,834,823,818,801,800,796,801,792,774,802,805,821,820,843,852,848,838,802,769,746,745,706,698,719,741,791,860,890,901,875,868,881,924,951,970,1025,1101,1147,1171,1204,1202,1199,1152,1126,1082,1043,951,872,824,800,777,749,782,786,844,897,978,1031,1114,1177,1232,1355,1504,1701,1873,2037,2113,2151,2171,2185,2067,1934,1794,
1,2,3,3,5,7,12,16,27,33,39,60,66,82,112,142,189,248,305,357,414,486,569,688,841,987,1121,1262,1370,1518,1668,1850,1980,2129,2224,2272,2302,2326,2354,2383,2358,2206,2022,1823,1616,1494,1353,1183,1068,1016,948,878,833,787,717,666,652,605,569,533,547,535,518,520,510,483,460,466,457,459,452,444,436,437,442,456,464,490,522,590,656,653,666,715,705,697,679,687,674,651,636,598,561,549,550,541,528,549,551,554,534,544,570,575,564,564,567,581,619,654,681,708,750,769,785,788,777,735,720,733,754,756,759,776,802,848,834,823,818,801,800,796,801,792,774,802,805,821,820,843,852,848,838,802,769,746,745,706,698,719,741,791,860,890,901,875,868,881,924,951,970,1025,1101,1147,1171,1204,1202,1199,1152,1126,1082,1043,951,872,824,800,777,749,782,786,844,897,978,1031,1114,1177,1232,1355,1504,1701,1873,2037,2113,2151,2171,2185,2067,1934,1794,
1,2,3,3,5,7,12,16,27,33,39,60,66,82,112,142,189,248,305,357,414,486,569,688,841,987,1121,1262,1370,1518,1668,1850,1980,2129,2224,2272,2302,2326,2354,2383,2358,2206,2022,1823,1616,1494,1353,1183,1068,1016,948,878,833,787,717,666,652,605,569,533,547,535,518,520,510,483,460,466,457,459,452,444,436,437,442,456,464,490,522,590,656,653,666,715,705,697,679,687,674,651,636,598,561,549,550,541,528,549,551,554,534,544,570,575,564,564,567,581,619,654,681,708,750,769,785,788,777,735,720,733,754,756,759,776,802,848,834,823,818,801,800,796,801,792,774,802,805,821,820,843,852,848,838,802,769,746,745,706,698,719,741,791,860,890,901,875,868,881,924,951,970,1025,1101,1147,1171,1204,1202,1199,1152,1126,1082,1043,951,872,824,800,777,749,782,786,844,897,978,1031,1114,1177,1232,1355,1504,1701,1873,2037,2113,2151,2171,2185,2067,1934,1794,
1,2,3,3,5,7,12,16,27,33,39,60,66,82,112,142,189,248,305,357,414,486,569,688,841,987,1121,1262,1370,1518,1668,1850,1980,2129,2224,2272,2302,2326,2354,2383,2358,2206,2022,1823,1616,1494,1353,1183,1068,1016,948,878,833,787,717,666,652,605,569,533,547,535,518,520,510,483,460,466,457,459,452,444,436,437,442,456,464,490,522,590,656,653,666,715,705,697,679,687,674,651,636,598,561,549,550,541,528,549,551,554,534,544,570,575,564,564,567,581,619,654,681,708,750,769,785,788,777,735,720,733,754,756,759,776,802,848,834,823,818,801,800,796,801,792,774,802,805,821,820,843,852,848,838,802,769,746,745,706,698,719,741,791,860,890,901,875,868,881,924,951,970,1025,1101,1147,1171,1204,1202,1199,1152,1126,1082,1043,951,872,824,800,777,749,782,786,844,897,978,1031,1114,1177,1232,1355,1504,1701,1873,2037,2113,2151,2171,2185,2067,1934,1794,
1,2,3,3,5,7,12,16,27,33,39,60,66,82,112,142,189,248,305,357,414,486,569,688,841,987,1121,1262,1370,1518,1668,1850,1980,2129,2224,2272,2302,2326,2354,2383,2358,2206,2022,1823,1616,1494,1353,1183,1068,1016,948,878,833,787,717,666,652,605,569,533,547,535,518,520,510,483,460,466,457,459,452,444,436,437,442,456,464,490,522,590,656,653,666,715,705,697,679,687,674,651,636,598,561,549,550,541,528,549,551,554,534,544,570,575,564,564,567,581,619,654,681,708,750,769,785,788,777,735,720,733,754,756,759,776,802,848,834,823,818,801,800,796,801,792,774,802,805,821,820,843,852,848,838,802,769,746,745,706,698,719,741,791,860,890,901,875,868,881,924,951,970,1025,1101,1147,1171,1204,1202,1199,1152,1126,1082,1043,951,872,824,800,777,749,782,786,844,897,978,1031,1114,1177,1232,1355,1504,1701,1873,2037,2113,2151,2171,2185,2067,1934,1794,
1,2,3,3,5,7,12,16,27,33,39,60,66,82,112,142,189,248,305,357,414,486,569,688,841,987,1121,1262,1370,1518,1668,1850,1980,2129,2224,2272,2302,2326,2354,2383,2358,2206,2022,1823,1616,1494,1353,1183,1068,1016,948,878,833,787,717,666,652,605,569,533,547,535,518,520,510,483,460,466,457,459,452,444,436,437,442,456,464,490,522,590,656,653,666,715,705,697,679,687,674,651,636,598,561,549,550,541,528,549,551,554,534,544,570,575,564,564,567,581,619,654,681,708,750,769,785,788,777,735,720,733,754,756,759,776,802,848,834,823,818,801,800,796,801,792,774,802,805,821,820,843,852,848,838,802,769,746,745,706,698,719,741,791,860,890,901,875,868,881,924,951,970,1025,1101,1147,1171,1204,1202,1199,1152,1126,1082,1043,951,872,824,800,777,749,782,786,844,897,978,1031,1114,1177,1232,1355,1504,1701,1873,2037,2113,2151,2171,2185,2067,1934,1794,
1,2,3,3,5,7,12,16,27,33,39,60,66,82,112,142,189,248,305,357,414,486,569,688,841,987,1121,1262,1370,1518,1668,1850,1980,2129,2224,2272,2302,2326,2354,2383,2358,2206,2022,1823,1616,1494,1353,1183,1068,1016,948,878,833,787,717,666,652,605,569,533,547,535,518,520,510,483,460,466,457,459,452,444,436,437,442,456,464,490,522,590,656,653,666,715,705,697,679,687,674,651,636,598,561,549,550,541,528,549,551,554,534,544,570,575,564,564,567,581,619,654,681,708,750,769,785,788,777,735,720,733,754,756,759,776,802,848,834,823,818,801,800,796,801,792,774,802,805,821,820,843,852,848,838,802,769,746,745,706,698,719,741,791,860,890,901,875,868,881,924,951,970,1025,1101,1147,1171,1204,1202,1199,1152,1126,1082,1043,951,872,824,800,777,749,782,786,844,897,978,1031,1114,1177,1232,1355,1504,1701,1873,2037,2113,2151,2171,2185,2067,1934,1794,
1,2,3,3,5,7,12,16,27,33,39,60,66,82,112,142,189,248,305,357,414,486,569,688,841,987,1121,1262,1370,1518,1668,1850,1980,2129,2224,2272,2302,2326,2354,2383,2358,2206,2022,1823,1616,1494,1353,1183,1068,1016,948,878,833,787,717,666,652,605,569,533,547,535,518,520,510,483,460,466,457,459,452,444,436,437,442,456,464,490,522,590,656,653,666,715,705,697,679,687,674,651,636,598,561,549,550,541,528,549,551,554,534,544,570,575,564,564,567,581,619,654,681,708,750,769,785,788,777,735,720,733,754,756,759,776,802,848,834,823,818,801,800,796,801,792,774,802,805,821,820,843,852,848,838,802,769,746,745,706,698,719,741,791,860,890,901,875,868,881,924,951,970,1025,1101,1147,1171,1204,1202,1199,1152,1126,1082,1043,951,872,824,800,777,749,782,786,844,897,978,1031,1114,1177,1232,1355,1504,1701,1873,2037,2113,2151,2171,2185,2067,1934,1794,
1,2,3,3,5,7,12,16,27,33,39,60,66,82,112,142,189,248,305,357,414,486,569,688,841,987,1121,1262,1370,1518,1668,1850,1980,2129,2224,2272,2302,2326,2354,2383,2358,2206,2022,1823,1616,1494,1353,1183,1068,1016,948,878,833,787,717,666,652,605,569,533,547,535,518,520,510,483,460,466,457,459,452,444,436,437,442,456,464,490,522,590,656,653,666,715,705,697,679,687,674,651,636,598,561,549,550,541,528,549,551,554,534,544,570,575,564,564,567,581,619,654,681,708,750,769,785,788,777,735,720,733,754,756,759,776,802,848,834,823,818,801,800,796,801,792,774,802,805,821,820,843,852,848,838,802,769,746,745,706,698,719,741,791,860,890,901,875,868,881,924,951,970,1025,1101,1147,1171,1204,1202,1199,1152,1126,1082,1043,951,872,824,800,777,749,782,786,844,897,978,1031,1114,1177,1232,1355,1504,1701,1873,2037,2113,2151,2171,2185,2067,1934,1794,
1,4,4,4,6,8,12,19,35,41,46,53,65,80,97,119,150,198,254,315,375,459,511,627,734,818,909,1053,1226,1367,1520,1664,1773,1927,2032,2066,2237,2397,2358,2270,2133,2033,1844,1637,1479,1314,1178,1053,924,835,783,729,662,643,629,614,617,598,597,583,580,575,551,536,512,500,492,473,464,446,457,444,451,467,463,448,442,466,474,511,540,558,593,636,637,636,644,653,654,675,640,635,600,618,645,659,679,699,684,666,672,669,681,652,638,663,687,673,673,680,670,672,687,715,749,760,831,897,930,985,1048,1117,1125,1133,1146,1163,1165,1189,1212,1227,1287,1295,1334,1428,1454,1430,1400,1386,1333,1308,1261,1267,1214,1176,1136,1092,1031,975,907,850,808,800,825,830,814,787,769,756,757,748,753,795,848,894,892,897,891,855,781,734,703,663,668,688,721,753,812,860,921,937,912,882,877,912,947,1036,1105,1133,1192,1247,1266,1296,1364,1462,1552,1616,1698,1664,1626,
1,4,4,4,6,8,12,19,35,41,46,53,65,80,97,119,150,198,254,315,375,459,511,627,734,818,909,1053,1226,1367,1520,1664,1773,1927,2032,2066,2237,2397,2358,2270,2133,2033,1844,1637,1479,1314,1178,1053,924,835,783,729,662,643,629,614,617,598,597,583,580,575,551,536,512,500,492,473,464,446,457,444,451,467,463,448,442,466,474,511,540,558,593,636,637,636,644,653,654,675,640,635,600,618,645,659,679,699,684,666,672,669,681,652,638,663,687,673,673,680,670,672,687,715,749,760,831,897,930,985,1048,1117,1125,1133,1146,1163,1165,1189,1212,1227,1287,1295,1334,1428,1454,1430,1400,1386,1333,1308,1261,1267,1214,1176,1136,1092,1031,975,907,850,808,800,825,830,814,787,769,756,757,748,753,795,848,894,892,897,891,855,781,734,703,663,668,688,721,753,812,860,921,937,912,882,877,912,947,1036,1105,1133,1192,1247,1266,1296,1364,1462,1552,1616,1698,1664,1626,
1,3,4,5,7,8,12,18,28,32,39,49,68,95,122,154,189,239,293,369,441,535,658,841,1093,1316,1512,1714,1911,2102,2408,2633,2788,2997,2941,2842,2678,2552,2316,2095,1934,1852,1686,1512,1336,1194,1014,915,849,823,783,784,789,800,778,751,719,687,641,619,599,590,593,610,628,632,647,664,659,643,654,660,686,713,722,715,718,734,718,731,760,767,730,725,702,688,656,642,632,619,625,653,684,695,737,761,820,833,810,786,775,760,767,759,781,789,779,832,857,881,923,989,1054,1123,1152,1160,1132,1131,1111,1077,1062,1056,993,985,975,1002,1000,1003,1017,1067,1072,1031,1063,1102,1197,1265,1287,1378,1522,1540,1509,1401,1370,1352,1277,1175,1094,1030,963,923,847,789,742,736,719,695,661,607,588,553,551,527,555,580,607,642,677,664,660,649,649,638,638,600,583,605,631,678,715,756,801,845,878,923,946,1007,1148,1256,1399,1488,1622,1765,2023,2221,2332,2552,2761,2882,3139,
1,3,4,5,7,8,12,18,28,32,39,49,68,95,122,154,189,239,293,369,441,535,658,841,1093,1316,1512,1714,1911,2102,2408,2633,2788,2997,2941,2842,2678,2552,2316,2095,1934,1852,1686,1512,1336,1194,1014,915,849,823,783,784,789,800,778,751,719,687,641,619,599,590,593,610,628,632,647,664,659,643,654,660,686,713,722,715,718,734,718,731,760,767,730,725,702,688,656,642,632,619,625,653,684,695,737,761,820,833,810,786,775,760,767,759,781,789,779,832,857,881,923,989,1054,1123,1152,1160,1132,1131,1111,1077,1062,1056,993,985,975,1002,1000,1003,1017,1067,1072,1031,1063,1102,1197,1265,1287,1378,1522,1540,1509,1401,1370,1352,1277,1175,1094,1030,963,923,847,789,742,736,719,695,661,607,588,553,551,527,555,580,607,642,677,664,660,649,649,638,638,600,583,605,631,678,715,756,801,845,878,923,946,1007,1148,1256,1399,1488,1622,1765,2023,2221,2332,2552,2761,2882,3139,
1,3,4,5,7,8,12,18,28,32,39,49,68,95,122,154,189,239,293,369,441,535,658,841,1093,1316,1512,1714,1911,2102,2408,2633,2788,2997,2941,2842,2678,2552,2316,2095,1934,1852,1686,1512,1336,1194,1014,915,849,823,783,784,789,800,778,751,719,687,641,619,599,590,593,610,628,632,647,664,659,643,654,660,686,713,722,715,718,734,718,731,760,767,730,725,702,688,656,642,632,619,625,653,684,695,737,761,820,833,810,786,775,760,767,759,781,789,779,832,857,881,923,989,1054,1123,1152,1160,1132,1131,1111,1077,1062,1056,993,985,975,1002,1000,1003,1017,1067,1072,1031,1063,1102,1197,1265,1287,1378,1522,1540,1509,1401,1370,1352,1277,1175,1094,1030,963,923,847,789,742,736,719,695,661,607,588,553,551,527,555,580,607,642,677,664,660,649,649,638,638,600,583,605,631,678,715,756,801,845,878,923,946,1007,1148,1256,1399,1488,1622,1765,2023,2221,2332,2552,2761,2882,3139,
1,3,4,5,7,8,12,18,28,32,39,49,68,95,122,154,189,239,293,369,441,535,658,841,1093,1316,1512,1714,1911,2102,2408,2633,2788,2997,2941,2842,2678,2552,2316,2095,1934,1852,1686,1512,1336,1194,1014,915,849,823,783,784,789,800,778,751,719,687,641,619,599,590,593,610,628,632,647,664,659,643,654,660,686,713,722,715,718,734,718,731,760,767,730,725,702,688,656,642,632,619,625,653,684,695,737,761,820,833,810,786,775,760,767,759,781,789,779,832,857,881,923,989,1054,1123,1152,1160,1132,1131,1111,1077,1062,1056,993,985,975,1002,1000,1003,1017,1067,1072,1031,1063,1102,1197,1265,1287,1378,1522,1540,1509,1401,1370,1352,1277,1175,1094,1030,963,923,847,789,742,736,719,695,661,607,588,553,551,527,555,580,607,642,677,664,660,649,649,638,638,600,583,605,631,678,715,756,801,845,878,923,946,1007,1148,1256,1399,1488,1622,1765,2023,2221,2332,2552,2761,2882,3139,
1,3,4,5,7,8,12,18,28,32,39,49,68,95,122,154,189,239,293,369,441,535,658,841,1093,1316,1512,1714,1911,2102,2408,2633,2788,2997,2941,2842,2678,2552,2316,2095,1934,1852,1686,1512,1336,1194,1014,915,849,823,783,784,789,800,778,751,719,687,641,619,599,590,593,610,628,632,647,664,659,643,654,660,686,713,722,715,718,734,718,731,760,767,730,725,702,688,656,642,632,619,625,653,684,695,737,761,820,833,810,786,775,760,767,759,781,789,779,832,857,881,923,989,1054,1123,1152,1160,1132,1131,1111,1077,1062,1056,993,985,975,1002,1000,1003,1017,1067,1072,1031,1063,1102,1197,1265,1287,1378,1522,1540,1509,1401,1370,1352,1277,1175,1094,1030,963,923,847,789,742,736,719,695,661,607,588,553,551,527,555,580,607,642,677,664,660,649,649,638,638,600,583,605,631,678,715,756,801,845,878,923,946,1007,1148,1256,1399,1488,1622,1765,2023,2221,2332,2552,2761,2882,3139,
1,3,4,5,7,8,12,18,28,32,39,49,68,95,122,154,189,239,293,369,441,535,658,841,1093,1316,1512,1714,1911,2102,2408,2633,2788,2997,2941,2842,2678,2552,2316,2095,1934,1852,1686,1512,1336,1194,1014,915,849,823,783,784,789,800,778,751,719,687,641,619,599,590,593,610,628,632,647,664,659,643,654,660,686,713,722,715,718,734,718,731,760,767,730,725,702,688,656,642,632,619,625,653,684,695,737,761,820,833,810,786,775,760,767,759,781,789,779,832,857,881,923,989,1054,1123,1152,1160,1132,1131,1111,1077,1062,1056,993,985,975,1002,1000,1003,1017,1067,1072,1031,1063,1102,1197,1265,1287,1378,1522,1540,1509,1401,1370,1352,1277,1175,1094,1030,963,923,847,789,742,736,719,695,661,607,588,553,551,527,555,580,607,642,677,664,660,649,649,638,638,600,583,605,631,678,715,756,801,845,878,923,946,1007,1148,1256,1399,1488,1622,1765,2023,2221,2332,2552,2761,2882,3139,
1,4,5,6,8,11,19,25,39,46,48,59,72,85,121,155,204,265,323,389,460,562,677,820,1002,1213,1454,1637,1900,2125,2328,2535,2676,2727,2788,2771,2680,2562,2362,2218,2081,1957,1773,1662,1507,1346,1243,1115,984,888,792,737,695,693,669,653,647,651,665,703,682,666,643,604,611,595,593,579,565,560,523,523,515,483,464,469,472,486,477,491,519,513,543,560,597,592,582,567,586,627,659,722,796,867,871,847,830,839,836,814,806,788,767,749,734,724,726,718,762,760,784,801,803,806,790,803,853,877,893,944,1003,1065,1101,1143,1195,1264,1293,1341,1314,1335,1337,1350,1397,1330,1239,1215,1194,1199,1215,1238,1221,1187,1140,1057,953,908,881,850,794,750,683,640,584,531,474,433,420,432,458,492,542,608,671,721,785,828,918,951,972,1031,1071,1096,1094,1132,1125,1135,1176,1179,1256,1287,1329,1339,1316,1313,1364,1469,1648,1889,2157,2451,2588,2584,2475,2247,2000,1768,1619,1540,1421,
1,4,5,6,8,11,19,25,39,46,48,59,72,85,121,155,204,265,323,389,460,562,677,820,1002,1213,1454,1637,1900,2125,2328,2535,2676,2727,2788,2771,2680,2562,2362,2218,2081,1957,1773,1662,1507,1346,1243,1115,984,888,792,737,695,693,669,653,647,651,665,703,682,666,643,604,611,595,593,579,565,560,523,523,515,483,464,469,472,486,477,491,519,513,543,560,597,592,582,567,586,627,659,722,796,867,871,847,830,839,836,814,806,788,767,749,734,724,726,718,762,760,784,801,803,806,790,803,853,877,893,944,1003,1065,1101,1143,1195,1264,1293,1341,1314,1335,1337,1350,1397,1330,1239,1215,1194,1199,1215,1238,1221,1187,1140,1057,953,908,881,850,794,750,683,640,584,531,474,433,420,432,458,492,542,608,671,721,785,828,918,951,972,1031,1071,1096,1094,1132,1125,1135,1176,1179,1256,1287,1329,1339,1316,1313,1364,1469,1648,1889,2157,2451,2588,2584,2475,2247,2000,1768,1619,1540,1421,
1,4,5,6,8,11,19,25,39,46,48,59,72,85,121,155,204,265,323,389,460,562,677,820,1002,1213,1454,1637,1900,2125,2328,2535,2676,2727,2788,2771,2680,2562,2362,2218,2081,1957,1773,1662,1507,1346,1243,1115,984,888,792,737,695,693,669,653,647,651,665,703,682,666,643,604,611,595,593,579,565,560,523,523,515,483,464,469,472,486,477,491,519,513,543,560,597,592,582,567,586,627,659,722,796,867,871,847,830,839,836,814,806,788,767,749,734,724,726,718,762,760,784,801,803,806,790,803,853,877,893,944,1003,1065,1101,1143,1195,1264,1293,1341,1314,1335,1337,1350,1397,1330,1239,1215,1194,1199,1215,1238,1221,1187,1140,1057,953,908,881,850,794,750,683,640,584,531,474,433,420,432,458,492,542,608,671,721,785,828,918,951,972,1031,1071,1096,1094,1132,1125,1135,1176,1179,1256,1287,1329,1339,1316,1313,1364,1469,1648,1889,2157,2451,2588,2584,2475,2247,2000,1768,1619,1540,1421,
1,4,5,6,8,11,19,25,39,46,48,59,72,85,121,155,204,265,323,389,460,562,677,820,1002,1213,1454,1637,1900,2125,2328,2535,2676,2727,2788,2771,2680,2562,2362,2218,2081,1957,1773,1662,1507,1346,1243,1115,984,888,792,737,695,693,669,653,647,651,665,703,682,666,643,604,611,595,593,579,565,560,523,523,515,483,464,469,472,486,477,491,519,513,543,560,597,592,582,567,586,627,659,722,796,867,871,847,830,839,836,814,806,788,767,749,734,724,726,718,762,760,784,801,803,806,790,803,853,877,893,944,1003,1065,1101,1143,1195,1264,1293,1341,1314,1335,1337,1350,1397,1330,1239,1215,1194,1199,1215,1238,1221,1187,1140,1057,953,908,881,850,794,750,683,640,584,531,474,433,420,432,458,492,542,608,671,721,785,828,918,951,972,1031,1071,1096,1094,1132,1125,1135,1176,1179,1256,1287,1329,1339,1316,1313,1364,1469,1648,1889,2157,2451,2588,2584,2475,2247,2000,1768,1619,1540,1421,
1,3,5,3,5,6,11,19,29,32,41,58,73,103,138,193,252,317,397,509,657,779,903,1057,1188,1426,1501,1682,1772,1926,2072,2168,2227,2257,2316,2364,2366,2307,2210,2192,2091,1890,1718,1562,1430,1251,1148,1064,960,893,852,798,754,759,706,730,740,739,783,817,856,801,822,826,769,731,731,702,694,679,632,649,627,626,642,690,695,729,745,759,782,804,841,827,826,844,832,823,822,816,803,768,753,736,709,696,673,631,636,599,557,556,555,554,617,630,681,759,849,890,925,940,882,827,800,763,742,754,787,805,830,828,830,835,869,886,859,821,834,887,883,863,856,819,806,800,792,801,825,810,827,812,805,788,745,704,677,665,667,678,683,683,719,701,687,701,724,736,758,777,812,851,876,863,854,873,834,790,750,688,671,676,673,689,717,734,813,852,916,948,1040,1161,1287,1393,1462,1534,1725,1954,2137,2106,2041,1903,1763,1575,1397,1268,1135,1007,921,
1,3,4,4,6,8,15,22,31,39,41,49,64,88,131,163,205,287,361,434,542,629,701,837,1029,1227,1465,1607,1674,1687,1724,1775,1908,1959,1948,1914,1856,1811,1763,1678,1625,1620,1565,1509,1511,1471,1387,1254,1165,1064,938,860,804,773,741,699,686,721,716,734,761,789,853,866,879,876,846,850,813,754,732,742,804,831,819,797,791,793,810,810,835,837,783,749,736,731,753,736,795,763,759,803,857,882,916,931,915,910,941,947,951,923,867,787,755,705,667,633,608,613,604,609,569,572,585,576,569,589,608,623,657,729,778,816,819,894,931,965,999,1027,1023,1023,1038,1014,972,959,925,901,872,883,871,868,805,799,782,783,732,720,705,681,657,638,588,566,564,585,615,646,657,652,651,654,706,747,852,962,1023,1138,1205,1335,1376,1380,1326,1290,1205,1105,1046,1011,1033,990,971,1029,1040,1139,1187,1267,1419,1526,1697,1863,2014,2046,2163,2143,2115,2197,2214,2127,2070,
1,3,3,3,6,8,11,17,23,31,35,43,58,70,98,141,189,223,289,390,488,623,739,901,1109,1160,1236,1453,1638,1838,2078,2248,2356,2440,2492,2441,2542,2567,2452,2268,2109,1945,1731,1471,1305,1106,981,878,830,824,778,756,720,689,677,672,657,637,637,627,632,618,649,611,596,625,619,650,667,679,682,722,785,784,796,813,838,924,952,950,963,933,853,816,743,704,707,663,636,618,623,631,664,652,676,698,739,783,788,822,881,896,920,940,951,940,992,1025,1030,1055,1078,1075,1101,1040,1018,1050,1041,1045,1055,1015,985,987,1004,971,950,986,1012,1014,1059,1111,1175,1215,1230,1208,1182,1176,1101,1070,1067,1032,997,953,955,957,958,941,943,937,936,915,837,719,645,634,611,600,568,553,523,527,561,612,674,715,776,869,903,952,1000,1040,1037,1029,970,926,883,914,941,943,942,1018,1043,1096,1150,1195,1221,1268,1374,1435,1477,1511,1456,1369,1285,1190,1079,985,863,801,727,
1,3,3,3,6,8,11,17,23,31,35,43,58,70,98,141,189,223,289,390,488,623,739,901,1109,1160,1236,1453,1638,1838,2078,2248,2356,2440,2492,2441,2542,2567,2452,2268,2109,1945,1731,1471,1305,1106,981,878,830,824,778,756,720,689,677,672,657,637,637,627,632,618,649,611,596,625,619,650,667,679,682,722,785,784,796,813,838,924,952,950,963,933,853,816,743,704,707,663,636,618,623,631,664,652,676,698,739,783,788,822,881,896,920,940,951,940,992,1025,1030,1055,1078,1075,1101,1040,1018,1050,1041,1045,1055,1015,985,987,1004,971,950,986,1012,1014,1059,1111,1175,1215,1230,1208,1182,1176,1101,1070,1067,1032,997,953,955,957,958,941,943,937,936,915,837,719,645,634,611,600,568,553,523,527,561,612,674,715,776,869,903,952,1000,1040,1037,1029,970,926,883,914,941,943,942,1018,1043,1096,1150,1195,1221,1268,1374,1435,1477,1511,1456,1369,1285,1190,1079,985,863,801,727,
1,3,3,3,6,8,11,17,23,31,35,43,58,70,98,141,189,223,289,390,488,623,739,901,1109,1160,1236,1453,1638,1838,2078,2248,2356,2440,2492,2441,2542,2567,2452,2268,2109,1945,1731,1471,1305,1106,981,878,830,824,778,756,720,689,677,672,657,637,637,627,632,618,649,611,596,625,619,650,667,679,682,722,785,784,796,813,838,924,952,950,963,933,853,816,743,704,707,663,636,618,623,631,664,652,676,698,739,783,788,822,881,896,920,940,951,940,992,1025,1030,1055,1078,1075,1101,1040,1018,1050,1041,1045,1055,1015,985,987,1004,971,950,986,1012,1014,1059,1111,1175,1215,1230,1208,1182,1176,1101,1070,1067,1032,997,953,955,957,958,941,943,937,936,915,837,719,645,634,611,600,568,553,523,527,561,612,674,715,776,869,903,952,1000,1040,1037,1029,970,926,883,914,941,943,942,1018,1043,1096,1150,1195,1221,1268,1374,1435,1477,1511,1456,1369,1285,1190,1079,985,863,801,727,
1,3,3,3,6,8,11,17,23,31,35,43,58,70,98,141,189,223,289,390,488,623,739,901,1109,1160,1236,1453,1638,1838,2078,2248,2356,2440,2492,2441,2542,2567,2452,2268,2109,1945,1731,1471,1305,1106,981,878,830,824,778,756,720,689,677,672,657,637,637,627,632,618,649,611,596,625,619,650,667,679,682,722,785,784,796,813,838,924,952,950,963,933,853,816,743,704,707,663,636,618,623,631,664,652,676,698,739,783,788,822,881,896,920,940,951,940,992,1025,1030,1055,1078,1075,1101,1040,1018,1050,1041,1045,1055,1015,985,987,1004,971,950,986,1012,1014,1059,1111,1175,1215,1230,1208,1182,1176,1101,1070,1067,1032,997,953,955,957,958,941,943,937,936,915,837,719,645,634,611,600,568,553,523,527,561,612,674,715,776,869,903,952,1000,1040,1037,1029,970,926,883,914,941,943,942,1018,1043,1096,1150,1195,1221,1268,1374,1435,1477,1511,1456,1369,1285,1190,1079,985,863,801,727,
1,2,4,5,7,10,12,17,28,32,38,52,72,95,126,181,239,312,390,484,559,703,891,1107,1275,1481,1705,1859,2021,2334,2463,2551,2557,2723,2815,2770,2650,2418,2340,2183,2040,1946,1729,1478,1271,1098,993,948,869,819,795,818,778,767,781,776,759,786,785,828,908,1003,1130,1140,1135,1098,1133,1095,989,908,885,865,862,837,816,817,838,879,910,940,938,961,950,975,933,964,866,809,750,708,656,630,637,650,684,703,707,747,812,802,865,880,931,1009,1044,1083,1158,1184,1207,1171,1253,1246,1253,1220,1225,1213,1144,1098,1031,987,958,993,1024,1030,1046,1069,1087,1058,1030,1024,1046,1044,1061,1125,1241,1316,1345,1381,1392,1406,1454,1418,1316,1211,1160,1163,1141,1122,1130,1129,1143,1106,1030,962,895,872,846,840,876,898,903,953,997,1058,1132,1166,1186,1185,1204,1260,1276,1228,1166,1120,1127,1158,1231,1359,1568,1789,1962,2045,2086,2109,2119,2161,2181,2179,2144,2154,2141,2127,2157,2293,2385,2545,2694,2838,2977,
1,2,4,5,7,10,12,17,28,32,38,52,72,95,126,181,239,312,390,484,559,703,891,1107,1275,1481,1705,1859,2021,2334,2463,2551,2557,2723,2815,2770,2650,2418,2340,2183,2040,1946,1729,1478,1271,1098,993,948,869,819,795,818,778,767,781,776,759,786,785,828,908,1003,1130,1140,1135,1098,1133,1095,989,908,885,865,862,837,816,817,838,879,910,940,938,961,950,975,933,964,866,809,750,708,656,630,637,650,684,703,707,747,812,802,865,880,931,1009,1044,1083,1158,1184,1207,1171,1253,1246,1253,1220,1225,1213,1144,1098,1031,987,958,993,1024,1030,1046,1069,1087,1058,1030,1024,1046,1044,1061,1125,1241,1316,1345,1381,1392,1406,1454,1418,1316,1211,1160,1163,1141,1122,1130,1129,1143,1106,1030,962,895,872,846,840,876,898,903,953,997,1058,1132,1166,1186,1185,1204,1260,1276,1228,1166,1120,1127,1158,1231,1359,1568,1789,1962,2045,2086,2109,2119,2161,2181,2179,2144,2154,2141,2127,2157,2293,2385,2545,2694,2838,2977,
1,2,4,4,8,11,15,26,34,42,48,61,77,91,118,137,193,261,323,404,478,569,699,852,1037,1219,1425,1577,1796,1996,2234,2424,2711,2922,3101,3183,3104,2935,2697,2425,2264,2041,1845,1652,1507,1329,1193,1098,1040,993,907,867,919,971,1038,1062,1091,1098,1094,1101,1131,1125,1065,1044,1015,988,958,897,868,847,877,921,1022,1076,1122,1118,1105,1150,1162,1142,1156,1162,1171,1181,1131,1147,1137,1098,1148,1110,1030,1034,1005,1025,1004,1068,1051,1041,1074,1017,990,945,882,862,835,796,771,755,788,832,913,961,975,1016,1041,1062,1052,1034,1006,1039,1023,996,1014,993,1034,1149,1204,1228,1206,1193,1263,1345,1492,1650,1743,1800,1807,1838,1841,1807,1723,1658,1630,1491,1348,1298,1228,1187,1220,1193,1209,1186,1152,1131,1117,1079,1056,1067,1059,1026,983,931,911,881,916,929,979,1008,1015,996,917,876,842,805,816,870,960,1019,1044,1106,1171,1220,1290,1450,1594,1775,1966,2112,2372,2490,2582,2560,2569,2534,2469,2317,2202,2203,2172,
1,2,4,4,8,11,15,26,34,42,48,61,77,91,118,137,193,261,323,404,478,569,699,852,1037,1219,1425,1577,1796,1996,2234,2424,2711,2922,3101,3183,3104,2935,2697,2425,2264,2041,1845,1652,1507,1329,1193,1098,1040,993,907,867,919,971,1038,1062,1091,1098,1094,1101,1131,1125,1065,1044,1015,988,958,897,868,847,877,921,1022,1076,1122,1118,1105,1150,1162,1142,1156,1162,1171,1181,1131,1147,1137,1098,1148,1110,1030,1034,1005,1025,1004,1068,1051,1041,1074,1017,990,945,882,862,835,796,771,755,788,832,913,961,975,1016,1041,1062,1052,1034,1006,1039,1023,996,1014,993,1034,1149,1204,1228,1206,1193,1263,1345,1492,1650,1743,1800,1807,1838,1841,1807,1723,1658,1630,1491,1348,1298,1228,1187,1220,1193,1209,1186,1152,1131,1117,1079,1056,1067,1059,1026,983,931,911,881,916,929,979,1008,1015,996,917,876,842,805,816,870,960,1019,1044,1106,1171,1220,1290,1450,1594,1775,1966,2112,2372,2490,2582,2560,2569,2534,2469,2317,2202,2203,2172,
1,3,3,5,7,10,12,17,27,34,40,53,65,82,103,130,181,265,356,454,581,728,916,1097,1388,1707,2133,2399,2670,2819,3002,3317,3490,3628,3684,3689,3454,3358,3305,3037,2808,2661,2408,2148,1965,1646,1395,1202,1079,994,869,742,694,709,712,759,779,832,802,750,765,780,792,802,846,875,927,936,900,885,919,920,981,989,1041,1041,999,1004,998,1063,1063,1044,1036,1004,1003,964,973,898,844,918,959,978,1028,1037,1053,1067,1084,1098,1076,1051,1051,1050,1023,1029,987,964,919,895,892,895,895,919,933,939,1006,1047,1084,1108,1113,1091,1117,1169,1236,1269,1272,1282,1261,1228,1211,1198,1196,1146,1153,1166,1229,1231,1252,1237,1186,1079,955,889,799,733,721,717,707,734,738,734,739,780,774,758,725,729,775,836,916,978,1079,1238,1340,1310,1303,1393,1415,1441,1422,1381,1301,1121,1070,1040,997,1012,990,1024,1101,1199,1351,1387,1442,1533,1548,1608,1727,1894,1981,2123,2147,2229,2296,2249,2293,2344,2353,2221,2122,
1,3,3,5,7,10,12,17,27,34,40,53,65,82,103,130,181,265,356,454,581,728,916,1097,1388,1707,2133,2399,2670,2819,3002,3317,3490,3628,3684,3689,3454,3358,3305,3037,2808,2661,2408,2148,1965,1646,1395,1202,1079,994,869,742,694,709,712,759,779,832,802,750,765,780,792,802,846,875,927,936,900,885,919,920,981,989,1041,1041,999,1004,998,1063,1063,1044,1036,1004,1003,964,973,898,844,918,959,978,1028,1037,1053,1067,1084,1098,1076,1051,1051,1050,1023,1029,987,964,919,895,892,895,895,919,933,939,1006,1047,1084,1108,1113,1091,1117,1169,1236,1269,1272,1282,1261,1228,1211,1198,1196,1146,1153,1166,1229,1231,1252,1237,1186,1079,955,889,799,733,721,717,707,734,738,734,739,780,774,758,725,729,775,836,916,978,1079,1238,1340,1310,1303,1393,1415,1441,1422,1381,1301,1121,1070,1040,997,1012,990,1024,1101,1199,1351,1387,1442,1533,1548,1608,1727,1894,1981,2123,2147,2229,2296,2249,2293,2344,2353,2221,2122,
1,3,3,5,7,10,12,17,27,34,40,53,65,82,103,130,181,265,356,454,581,728,916,1097,1388,1707,2133,2399,2670,2819,3002,3317,3490,3628,3684,3689,3454,3358,3305,3037,2808,2661,2408,2148,1965,1646,1395,1202,1079,994,869,742,694,709,712,759,779,832,802,750,765,780,792,802,846,875,927,936,900,885,919,920,981,989,1041,1041,999,1004,998,1063,1063,1044,1036,1004,1003,964,973,898,844,918,959,978,1028,1037,1053,1067,1084,1098,1076,1051,1051,1050,1023,1029,987,964,919,895,892,895,895,919,933,939,1006,1047,1084,1108,1113,1091,1117,1169,1236,1269,1272,1282,1261,1228,1211,1198,1196,1146,1153,1166,1229,1231,1252,1237,1186,1079,955,889,799,733,721,717,707,734,738,734,739,780,774,758,725,729,775,836,916,978,1079,1238,1340,1310,1303,1393,1415,1441,1422,1381,1301,1121,1070,1040,997,1012,990,1024,1101,1199,1351,1387,1442,1533,1548,1608,1727,1894,1981,2123,2147,2229,2296,2249,2293,2344,2353,2221,2122,
1,4,5,6,7,10,23,32,35,41,42,56,72,84,112,134,162,214,281,351,452,542,666,860,1051,1293,1602,1919,2152,2381,2520,2791,2979,3148,3274,3233,3115,3149,3039,2838,2588,2231,1919,1665,1366,1246,1101,968,933,880,801,786,779,775,760,773,801,812,811,814,792,794,795,773,779,767,736,734,660,617,625,619,600,585,578,619,636,668,676,695,705,745,778,785,856,887,951,918,935,927,935,916,875,905,890,865,818,801,730,725,709,721,703,682,650,655,669,695,702,727,780,818,911,973,1058,1124,1226,1192,1212,1268,1257,1260,1235,1255,1197,1201,1218,1169,1140,1164,1198,1189,1130,1114,1089,1117,1184,1162,1153,1161,1095,1065,1056,1063,1060,1063,987,988,992,972,981,936,909,934,917,857,836,824,870,902,955,1020,1040,1041,1095,1034,1023,966,883,791,769,754,743,768,795,849,870,918,977,1028,1075,1090,1084,1086,1064,1103,1082,1138,1190,1210,1246,1324,1373,1434,1406,1379,1451,1551,1627,
1,4,5,6,7,10,23,32,35,41,42,56,72,84,112,134,162,214,281,351,452,542,666,860,1051,1293,1602,1919,2152,2381,2520,2791,2979,3148,3274,3233,3115,3149,3039,2838,2588,2231,1919,1665,1366,1246,1101,968,933,880,801,786,779,775,760,773,801,812,811,814,792,794,795,773,779,767,736,734,660,617,625,619,600,585,578,619,636,668,676,695,705,745,778,785,856,887,951,918,935,927,935,916,875,905,890,865,818,801,730,725,709,721,703,682,650,655,669,695,702,727,780,818,911,973,1058,1124,1226,1192,1212,1268,1257,1260,1235,1255,1197,1201,1218,1169,1140,1164,1198,1189,1130,1114,1089,1117,1184,1162,1153,1161,1095,1065,1056,1063,1060,1063,987,988,992,972,981,936,909,934,917,857,836,824,870,902,955,1020,1040,1041,1095,1034,1023,966,883,791,769,754,743,768,795,849,870,918,977,1028,1075,1090,1084,1086,1064,1103,1082,1138,1190,1210,1246,1324,1373,1434,1406,1379,1451,1551,1627,
1,4,5,6,7,10,23,32,35,41,42,56,72,84,112,134,162,214,281,351,452,542,666,860,1051,1293,1602,1919,2152,2381,2520,2791,2979,3148,3274,3233,3115,3149,3039,2838,2588,2231,1919,1665,1366,1246,1101,968,933,880,801,786,779,775,760,773,801,812,811,814,792,794,795,773,779,767,736,734,660,617,625,619,600,585,578,619,636,668,676,695,705,745,778,785,856,887,951,918,935,927,935,916,875,905,890,865,818,801,730,725,709,721,703,682,650,655,669,695,702,727,780,818,911,973,1058,1124,1226,1192,1212,1268,1257,1260,1235,1255,1197,1201,1218,1169,1140,1164,1198,1189,1130,1114,1089,1117,1184,1162,1153,1161,1095,1065,1056,1063,1060,1063,987,988,992,972,981,936,909,934,917,857,836,824,870,902,955,1020,1040,1041,1095,1034,1023,966,883,791,769,754,743,768,795,849,870,918,977,1028,1075,1090,1084,1086,1064,1103,1082,1138,1190,1210,1246,1324,1373,1434,1406,1379,1451,1551,1627,
1,3,7,9,10,16,22,26,35,47,53,66,75,84,117,160,211,262,316,375,430,507,617,777,968,1209,1452,1803,2203,2422,2595,2750,2915,2996,3080,3243,3297,3254,3051,2809,2592,2393,2138,1895,1772,1659,1534,1466,1289,1161,1026,900,820,769,747,720,672,653,653,622,606,586,546,507,494,493,528,535,606,664,736,805,874,940,973,1057,1057,1050,1077,1098,1100,1094,1053,995,969,954,937,957,974,989,1023,1067,1093,1100,1078,1090,1047,1044,1090,1090,1037,1048,1054,1078,1103,1087,1072,1121,1155,1134,1075,1074,1080,1073,1083,1021,993,1018,1061,1151,1277,1387,1439,1397,1370,1371,1441,1422,1428,1409,1411,1404,1400,1460,1447,1519,1571,1646,1738,1706,1670,1635,1594,1517,1428,1277,1092,959,915,896,851,800,784,810,815,791,744,776,766,741,750,786,886,939,1007,1026,1044,1037,995,869,831,758,727,714,684,682,682,677,650,630,623,634,704,805,869,951,1024,1074,1122,1223,1335,1425,1493,1610,1758,1840,1949,2035,2122,
1,4,6,4,7,9,13,21,32,35,36,45,63,86,117,148,175,212,274,365,437,511,640,808,1007,1220,1423,1688,1868,2078,2228,2451,2712,2930,3103,3133,3105,2966,2839,2698,2493,2336,2192,2107,2059,1921,1843,1752,1502,1349,1155,1003,856,784,766,772,817,851,843,851,871,842,817,757,733,714,740,747,731,685,656,662,631,655,648,682,677,703,716,710,723,737,698,688,651,629,600,581,575,545,591,667,766,831,929,1045,1091,1186,1238,1190,1165,1157,1143,1078,1009,994,973,909,864,859,913,968,1031,1043,1100,1208,1287,1307,1326,1316,1291,1281,1285,1312,1364,1446,1498,1551,1669,1692,1644,1532,1475,1422,1320,1283,1288,1336,1370,1386,1335,1254,1257,1279,1299,1260,1218,1242,1223,1205,1136,1084,975,884,818,779,760,774,801,833,867,871,882,955,906,893,881,861,843,752,771,823,862,884,926,951,1044,1083,1083,1243,1271,1408,1599,1696,1899,2094,2403,2481,2616,2749,2720,2670,2500,2328,2076,2007,1982,1963,1894,
1,4,6,4,7,9,13,21,32,35,36,45,63,86,117,148,175,212,274,365,437,511,640,808,1007,1220,1423,1688,1868,2078,2228,2451,2712,2930,3103,3133,3105,2966,2839,2698,2493,2336,2192,2107,2059,1921,1843,1752,1502,1349,1155,1003,856,784,766,772,817,851,843,851,871,842,817,757,733,714,740,747,731,685,656,662,631,655,648,682,677,703,716,710,723,737,698,688,651,629,600,581,575,545,591,667,766,831,929,1045,1091,1186,1238,1190,1165,1157,1143,1078,1009,994,973,909,864,859,913,968,1031,1043,1100,1208,1287,1307,1326,1316,1291,1281,1285,1312,1364,1446,1498,1551,1669,1692,1644,1532,1475,1422,1320,1283,1288,1336,1370,1386,1335,1254,1257,1279,1299,1260,1218,1242,1223,1205,1136,1084,975,884,818,779,760,774,801,833,867,871,882,955,906,893,881,861,843,752,771,823,862,884,926,951,1044,1083,1083,1243,1271,1408,1599,1696,1899,2094,2403,2481,2616,2749,2720,2670,2500,2328,2076,2007,1982,1963,1894,
1,4,6,4,7,9,13,21,32,35,36,45,63,86,117,148,175,212,274,365,437,511,640,808,1007,1220,1423,1688,1868,2078,2228,2451,2712,2930,3103,3133,3105,2966,2839,2698,2493,2336,2192,2107,2059,1921,1843,1752,1502,1349,1155,1003,856,784,766,772,817,851,843,851,871,842,817,757,733,714,740,747,731,685,656,662,631,655,648,682,677,703,716,710,723,737,698,688,651,629,600,581,575,545,591,667,766,831,929,1045,1091,1186,1238,1190,1165,1157,1143,1078,1009,994,973,909,864,859,913,968,1031,1043,1100,1208,1287,1307,1326,1316,1291,1281,1285,1312,1364,1446,1498,1551,1669,1692,1644,1532,1475,1422,1320,1283,1288,1336,1370,1386,1335,1254,1257,1279,1299,1260,1218,1242,1223,1205,1136,1084,975,884,818,779,760,774,801,833,867,871,882,955,906,893,881,861,843,752,771,823,862,884,926,951,1044,1083,1083,1243,1271,1408,1599,1696,1899,2094,2403,2481,2616,2749,2720,2670,2500,2328,2076,2007,1982,1963,1894,
1,4,6,4,7,9,13,21,32,35,36,45,63,86,117,148,175,212,274,365,437,511,640,808,1007,1220,1423,1688,1868,2078,2228,2451,2712,2930,3103,3133,3105,2966,2839,2698,2493,2336,2192,2107,2059,1921,1843,1752,1502,1349,1155,1003,856,784,766,772,817,851,843,851,871,842,817,757,733,714,740,747,731,685,656,662,631,655,648,682,677,703,716,710,723,737,698,688,651,629,600,581,575,545,591,667,766,831,929,1045,1091,1186,1238,1190,1165,1157,1143,1078,1009,994,973,909,864,859,913,968,1031,1043,1100,1208,1287,1307,1326,1316,1291,1281,1285,1312,1364,1446,1498,1551,1669,1692,1644,1532,1475,1422,1320,1283,1288,1336,1370,1386,1335,1254,1257,1279,1299,1260,1218,1242,1223,1205,1136,1084,975,884,818,779,760,774,801,833,867,871,882,955,906,893,881,861,843,752,771,823,862,884,926,951,1044,1083,1083,1243,1271,1408,1599,1696,1899,2094,2403,2481,2616,2749,2720,2670,2500,2328,2076,2007,1982,1963,1894,
1,3,4,6,11,13,15,22,30,34,40,46,68,98,140,178,211,274,358,431,508,626,776,944,1065,1246,1512,1814,2187,2498,2766,3000,3402,3647,3783,3681,3637,3627,3379,3204,2968,2695,2374,2131,1911,1705,1442,1332,1251,1167,1071,1009,910,844,769,730,702,704,693,700,687,675,663,666,677,694,726,752,790,776,791,823,875,919,962,989,1058,1095,1153,1251,1278,1250,1237,1229,1283,1279,1174,1135,1115,1100,1062,1070,1078,1080,1074,1061,1024,992,1002,1015,1023,1032,969,925,894,878,844,840,851,880,870,878,868,820,785,747,713,664,633,670,688,735,756,795,823,815,823,837,830,855,892,924,934,970,1003,1018,991,996,991,974,972,981,955,882,831,743,694,714,733,768,765,785,724,661,619,627,621,650,654,700,767,817,881,940,969,997,1044,1060,1068,1093,1157,1183,1206,1262,1272,1254,1282,1257,1282,1315,1319,1285,1255,1284,1319,1315,1392,1440,1474,1534,1617,1631,1660,1702,1704,1740,1727,1838,2019,
1,3,4,6,11,13,15,22,30,34,40,46,68,98,140,178,211,274,358,431,508,626,776,944,1065,1246,1512,1814,2187,2498,2766,3000,3402,3647,3783,3681,3637,3627,3379,3204,2968,2695,2374,2131,1911,1705,1442,1332,1251,1167,1071,1009,910,844,769,730,702,704,693,700,687,675,663,666,677,694,726,752,790,776,791,823,875,919,962,989,1058,1095,1153,1251,1278,1250,1237,1229,1283,1279,1174,1135,1115,1100,1062,1070,1078,1080,1074,1061,1024,992,1002,1015,1023,1032,969,925,894,878,844,840,851,880,870,878,868,820,785,747,713,664,633,670,688,735,756,795,823,815,823,837,830,855,892,924,934,970,1003,1018,991,996,991,974,972,981,955,882,831,743,694,714,733,768,765,785,724,661,619,627,621,650,654,700,767,817,881,940,969,997,1044,1060,1068,1093,1157,1183,1206,1262,1272,1254,1282,1257,1282,1315,1319,1285,1255,1284,1319,1315,1392,1440,1474,1534,1617,1631,1660,1702,1704,1740,1727,1838,2019,
1,3,5,6,12,17,21,26,40,47,55,69,94,116,149,176,224,279,350,409,475,550,675,829,965,1117,1199,1371,1666,1962,2289,2620,2937,2997,2916,2838,2823,2851,2856,2773,2646,2445,2275,2149,1954,1697,1577,1442,1346,1263,1174,1061,973,945,890,833,778,736,703,692,650,612,592,590,618,623,630,634,641,673,659,630,634,637,635,670,666,684,670,672,702,752,790,831,816,822,805,775,735,710,764,781,802,804,756,723,721,744,771,793,809,832,851,859,878,980,1100,1260,1290,1303,1335,1355,1350,1388,1431,1364,1270,1235,1167,1080,979,900,837,782,703,668,654,681,740,771,872,920,938,1032,1026,990,968,992,987,1005,976,956,946,957,997,1032,1076,1061,1075,1074,1143,1094,1099,1126,1086,1020,999,983,980,1039,1069,1164,1226,1313,1434,1512,1476,1450,1337,1187,1069,979,954,911,879,839,784,814,820,842,840,860,923,1058,1266,1386,1466,1536,1592,1726,1825,1856,1744,1672,1564,1489,1430,1398,1381,
1,3,5,6,12,17,21,26,40,47,55,69,94,116,149,176,224,279,350,409,475,550,675,829,965,1117,1199,1371,1666,1962,2289,2620,2937,2997,2916,2838,2823,2851,2856,2773,2646,2445,2275,2149,1954,1697,1577,1442,1346,1263,1174,1061,973,945,890,833,778,736,703,692,650,612,592,590,618,623,630,634,641,673,659,630,634,637,635,670,666,684,670,672,702,752,790,831,816,822,805,775,735,710,764,781,802,804,756,723,721,744,771,793,809,832,851,859,878,980,1100,1260,1290,1303,1335,1355,1350,1388,1431,1364,1270,1235,1167,1080,979,900,837,782,703,668,654,681,740,771,872,920,938,1032,1026,990,968,992,987,1005,976,956,946,957,997,1032,1076,1061,1075,1074,1143,1094,1099,1126,1086,1020,999,983,980,1039,1069,1164,1226,1313,1434,1512,1476,1450,1337,1187,1069,979,954,911,879,839,784,814,820,842,840,860,923,1058,1266,1386,1466,1536,1592,1726,1825,1856,1744,1672,1564,1489,1430,1398,1381,
1,3,5,6,12,17,21,26,40,47,55,69,94,116,149,176,224,279,350,409,475,550,675,829,965,1117,1199,1371,1666,1962,2289,2620,2937,2997,2916,2838,2823,2851,2856,2773,2646,2445,2275,2149,1954,1697,1577,1442,1346,1263,1174,1061,973,945,890,833,778,736,703,692,650,612,592,590,618,623,630,634,641,673,659,630,634,637,635,670,666,684,670,672,702,752,790,831,816,822,805,775,735,710,764,781,802,804,756,723,721,744,771,793,809,832,851,859,878,980,1100,1260,1290,1303,1335,1355,1350,1388,1431,1364,1270,1235,1167,1080,979,900,837,782,703,668,654,681,740,771,872,920,938,1032,1026,990,968,992,987,1005,976,956,946,957,997,1032,1076,1061,1075,1074,1143,1094,1099,1126,1086,1020,999,983,980,1039,1069,1164,1226,1313,1434,1512,1476,1450,1337,1187,1069,979,954,911,879,839,784,814,820,842,840,860,923,1058,1266,1386,1466,1536,1592,1726,1825,1856,1744,1672,1564,1489,1430,1398,1381,
1,3,5,6,12,17,21,26,40,47,55,69,94,116,149,176,224,279,350,409,475,550,675,829,965,1117,1199,1371,1666,1962,2289,2620,2937,2997,2916,2838,2823,2851,2856,2773,2646,2445,2275,2149,1954,1697,1577,1442,1346,1263,1174,1061,973,945,890,833,778,736,703,692,650,612,592,590,618,623,630,634,641,673,659,630,634,637,635,670,666,684,670,672,702,752,790,831,816,822,805,775,735,710,764,781,802,804,756,723,721,744,771,793,809,832,851,859,878,980,1100,1260,1290,1303,1335,1355,1350,1388,1431,1364,1270,1235,1167,1080,979,900,837,782,703,668,654,681,740,771,872,920,938,1032,1026,990,968,992,987,1005,976,956,946,957,997,1032,1076,1061,1075,1074,1143,1094,1099,1126,1086,1020,999,983,980,1039,1069,1164,1226,1313,1434,1512,1476,1450,1337,1187,1069,979,954,911,879,839,784,814,820,842,840,860,923,1058,1266,1386,1466,1536,1592,1726,1825,1856,1744,1672,1564,1489,1430,1398,1381,
1,5,7,7,9,11,15,22,28,35,37,52,68,101,130,162,214,278,375,486,621,747,925,1188,1515,1917,2181,2433,2663,2817,2919,2906,2900,2816,2757,2708,2526,2425,2353,2232,2197,2120,2031,1837,1722,1471,1246,1043,947,882,814,777,751,744,709,699,713,743,799,829,900,933,881,833,831,845,790,786,746,738,738,736,733,689,728,766,816,875,916,947,942,975,976,1015,1062,1161,1158,1166,1156,1100,1147,1131,1046,1014,972,966,921,925,902,893,871,880,889,859,856,803,827,788,751,738,714,686,648,667,677,702,728,745,746,728,789,813,835,906,966,1090,1191,1251,1397,1487,1533,1542,1410,1396,1321,1293,1225,1184,1142,1135,1083,1052,968,940,883,854,855,845,825,792,729,754,758,817,854,858,893,904,985,1057,1158,1255,1294,1256,1190,1165,1153,1223,1185,1166,1192,1217,1247,1250,1328,1294,1263,1162,1150,1048,955,899,853,842,838,833,845,895,975,1144,1207,1314,1368,1496,1692,1995,2383,2925,3641,
1,3,4,4,6,8,11,16,26,31,41,48,56,68,92,118,184,277,346,447,514,592,707,924,1174,1523,1913,2190,2428,2652,2865,2850,2741,2663,2408,2350,2240,2250,2211,2067,1824,1693,1538,1445,1335,1313,1242,1150,978,884,894,921,920,973,1013,1036,1077,1126,1153,1102,1064,955,902,907,933,896,916,886,847,883,899,973,1024,1083,1117,1080,1019,1018,992,981,937,873,823,819,828,892,958,967,994,1055,1121,1155,1214,1237,1231,1267,1252,1210,1189,1145,1090,1039,974,940,903,916,949,1012,1015,1025,958,916,938,942,900,842,816,818,824,859,877,935,973,1033,1077,1090,1117,1095,1185,1293,1294,1289,1263,1235,1249,1272,1301,1317,1392,1430,1405,1355,1340,1272,1147,1057,1026,982,945,997,1032,1092,1107,1069,1040,1076,1068,1081,1162,1236,1260,1281,1414,1542,1688,1711,1719,1662,1610,1669,1709,1878,1974,2067,2143,2196,2118,2031,2040,2108,2236,2304,2437,2454,2543,2575,2579,2520,2471,2367,2277,2131,2001,1950,1998,2079,2062,2139,2239,
1,3,4,4,6,8,11,16,26,31,41,48,56,68,92,118,184,277,346,447,514,592,707,924,1174,1523,1913,2190,2428,2652,2865,2850,2741,2663,2408,2350,2240,2250,2211,2067,1824,1693,1538,1445,1335,1313,1242,1150,978,884,894,921,920,973,1013,1036,1077,1126,1153,1102,1064,955,902,907,933,896,916,886,847,883,899,973,1024,1083,1117,1080,1019,1018,992,981,937,873,823,819,828,892,958,967,994,1055,1121,1155,1214,1237,1231,1267,1252,1210,1189,1145,1090,1039,974,940,903,916,949,1012,1015,1025,958,916,938,942,900,842,816,818,824,859,877,935,973,1033,1077,1090,1117,1095,1185,1293,1294,1289,1263,1235,1249,1272,1301,1317,1392,1430,1405,1355,1340,1272,1147,1057,1026,982,945,997,1032,1092,1107,1069,1040,1076,1068,1081,1162,1236,1260,1281,1414,1542,1688,1711,1719,1662,1610,1669,1709,1878,1974,2067,2143,2196,2118,2031,2040,2108,2236,2304,2437,2454,2543,2575,2579,2520,2471,2367,2277,2131,2001,1950,1998,2079,2062,2139,2239,
1,3,4,4,6,8,11,16,26,31,41,48,56,68,92,118,184,277,346,447,514,592,707,924,1174,1523,1913,2190,2428,2652,2865,2850,2741,2663,2408,2350,2240,2250,2211,2067,1824,1693,1538,1445,1335,1313,1242,1150,978,884,894,921,920,973,1013,1036,1077,1126,1153,1102,1064,955,902,907,933,896,916,886,847,883,899,973,1024,1083,1117,1080,1019,1018,992,981,937,873,823,819,828,892,958,967,994,1055,1121,1155,1214,1237,1231,1267,1252,1210,1189,1145,1090,1039,974,940,903,916,949,1012,1015,1025,958,916,938,942,900,842,816,818,824,859,877,935,973,1033,1077,1090,1117,1095,1185,1293,1294,1289,1263,1235,1249,1272,1301,1317,1392,1430,1405,1355,1340,1272,1147,1057,1026,982,945,997,1032,1092,1107,1069,1040,1076,1068,1081,1162,1236,1260,1281,1414,1542,1688,1711,1719,1662,1610,1669,1709,1878,1974,2067,2143,2196,2118,2031,2040,2108,2236,2304,2437,2454,2543,2575,2579,2520,2471,2367,2277,2131,2001,1950,1998,2079,2062,2139,2239,
1,3,4,4,6,8,11,16,26,31,41,48,56,68,92,118,184,277,346,447,514,592,707,924,1174,1523,1913,2190,2428,2652,2865,2850,2741,2663,2408,2350,2240,2250,2211,2067,1824,1693,1538,1445,1335,1313,1242,1150,978,884,894,921,920,973,1013,1036,1077,1126,1153,1102,1064,955,902,907,933,896,916,886,847,883,899,973,1024,1083,1117,1080,1019,1018,992,981,937,873,823,819,828,892,958,967,994,1055,1121,1155,1214,1237,1231,1267,1252,1210,1189,1145,1090,1039,974,940,903,916,949,1012,1015,1025,958,916,938,942,900,842,816,818,824,859,877,935,973,1033,1077,1090,1117,1095,1185,1293,1294,1289,1263,1235,1249,1272,1301,1317,1392,1430,1405,1355,1340,1272,1147,1057,1026,982,945,997,1032,1092,1107,1069,1040,1076,1068,1081,1162,1236,1260,1281,1414,1542,1688,1711,1719,1662,1610,1669,1709,1878,1974,2067,2143,2196,2118,2031,2040,2108,2236,2304,2437,2454,2543,2575,2579,2520,2471,2367,2277,2131,2001,1950,1998,2079,2062,2139,2239,
1,3,4,4,6,8,11,16,26,31,41,48,56,68,92,118,184,277,346,447,514,592,707,924,1174,1523,1913,2190,2428,2652,2865,2850,2741,2663,2408,2350,2240,2250,2211,2067,1824,1693,1538,1445,1335,1313,1242,1150,978,884,894,921,920,973,1013,1036,1077,1126,1153,1102,1064,955,902,907,933,896,916,886,847,883,899,973,1024,1083,1117,1080,1019,1018,992,981,937,873,823,819,828,892,958,967,994,1055,1121,1155,1214,1237,1231,1267,1252,1210,1189,1145,1090,1039,974,940,903,916,949,1012,1015,1025,958,916,938,942,900,842,816,818,824,859,877,935,973,1033,1077,1090,1117,1095,1185,1293,1294,1289,1263,1235,1249,1272,1301,1317,1392,1430,1405,1355,1340,1272,1147,1057,1026,982,945,997,1032,1092,1107,1069,1040,1076,1068,1081,1162,1236,1260,1281,1414,1542,1688,1711,1719,1662,1610,1669,1709,1878,1974,2067,2143,2196,2118,2031,2040,2108,2236,2304,2437,2454,2543,2575,2579,2520,2471,2367,2277,2131,2001,1950,1998,2079,2062,2139,2239,
1,3,4,4,6,8,11,16,26,31,41,48,56,68,92,118,184,277,346,447,514,592,707,924,1174,1523,1913,2190,2428,2652,2865,2850,2741,2663,2408,2350,2240,2250,2211,2067,1824,1693,1538,1445,1335,1313,1242,1150,978,884,894,921,920,973,1013,1036,1077,1126,1153,1102,1064,955,902,907,933,896,916,886,847,883,899,973,1024,1083,1117,1080,1019,1018,992,981,937,873,823,819,828,892,958,967,994,1055,1121,1155,1214,1237,1231,1267,1252,1210,1189,1145,1090,1039,974,940,903,916,949,1012,1015,1025,958,916,938,942,900,842,816,818,824,859,877,935,973,1033,1077,1090,1117,1095,1185,1293,1294,1289,1263,1235,1249,1272,1301,1317,1392,1430,1405,1355,1340,1272,1147,1057,1026,982,945,997,1032,1092,1107,1069,1040,1076,1068,1081,1162,1236,1260,1281,1414,1542,1688,1711,1719,1662,1610,1669,1709,1878,1974,2067,2143,2196,2118,2031,2040,2108,2236,2304,2437,2454,2543,2575,2579,2520,2471,2367,2277,2131,2001,1950,1998,2079,2062,2139,2239,
1,3,5,6,10,8,14,30,42,45,60,72,78,91,122,143,192,233,302,369,444,528,649,825,1032,1266,1503,1745,2010,2185,2257,2440,2562,2679,2701,2556,2270,2044,1897,1756,1591,1436,1291,1202,1193,1158,1187,1160,1135,1084,1012,981,891,862,758,709,707,714,713,709,703,693,719,754,749,753,746,713,684,690,706,719,776,803,787,845,847,882,856,875,804,834,861,860,886,930,1050,1027,1042,1045,1048,1053,1009,1058,1030,971,881,813,788,739,706,689,695,710,722,781,826,842,790,740,718,688,662,644,627,613,592,589,612,661,693,717,795,861,919,1012,1051,1119,1106,1119,1159,1179,1172,1210,1241,1282,1267,1196,1150,1146,1091,1027,1004,954,959,992,1014,1047,1089,1098,1055,1010,954,893,856,859,841,844,820,827,794,816,869,917,975,1039,1025,998,932,881,859,823,825,766,750,741,747,774,884,1002,1159,1259,1381,1538,1711,1807,1950,2117,2304,2409,2578,2802,2970,3086,3104,3182,3312,3624,4007,
1,3,3,3,6,13,21,23,35,39,43,55,71,92,105,123,158,194,279,351,429,504,625,754,903,1103,1337,1624,1870,2075,2273,2565,2711,2849,2915,2809,2597,2460,2295,2077,1949,1785,1651,1480,1352,1205,1071,892,830,776,744,722,724,725,771,771,779,788,806,778,797,735,649,578,537,519,526,531,539,562,564,581,564,573,583,595,649,690,710,729,776,785,798,836,851,846,860,870,894,953,1002,989,972,951,934,904,911,902,893,914,1001,990,1010,1072,1132,1172,1184,1144,1156,1166,1089,1063,1044,1058,1137,1220,1193,1191,1192,1159,1081,1011,992,939,943,970,988,1002,1029,1023,1048,1028,1104,1102,1181,1265,1371,1433,1497,1540,1506,1537,1449,1355,1248,1130,1052,954,898,895,816,779,783,747,774,798,816,827,882,980,1052,1143,1216,1236,1282,1317,1320,1398,1444,1509,1552,1421,1356,1344,1332,1406,1460,1483,1571,1632,1643,1686,1820,1976,1950,2001,2074,2147,2187,2027,1848,1807,1788,1821,1884,2043,2272,2667,3169,
1,3,3,3,6,13,21,23,35,39,43,55,71,92,105,123,158,194,279,351,429,504,625,754,903,1103,1337,1624,1870,2075,2273,2565,2711,2849,2915,2809,2597,2460,2295,2077,1949,1785,1651,1480,1352,1205,1071,892,830,776,744,722,724,725,771,771,779,788,806,778,797,735,649,578,537,519,526,531,539,562,564,581,564,573,583,595,649,690,710,729,776,785,798,836,851,846,860,870,894,953,1002,989,972,951,934,904,911,902,893,914,1001,990,1010,1072,1132,1172,1184,1144,1156,1166,1089,1063,1044,1058,1137,1220,1193,1191,1192,1159,1081,1011,992,939,943,970,988,1002,1029,1023,1048,1028,1104,1102,1181,1265,1371,1433,1497,1540,1506,1537,1449,1355,1248,1130,1052,954,898,895,816,779,783,747,774,798,816,827,882,980,1052,1143,1216,1236,1282,1317,1320,1398,1444,1509,1552,1421,1356,1344,1332,1406,1460,1483,1571,1632,1643,1686,1820,1976,1950,2001,2074,2147,2187,2027,1848,1807,1788,1821,1884,2043,2272,2667,3169,
1,3,5,10,13,11,12,18,27,36,45,55,68,86,102,120,173,253,306,399,470,560,694,799,994,1222,1338,1491,1652,1773,1966,2138,2309,2406,2387,2330,2190,2010,1826,1630,1467,1325,1288,1288,1353,1368,1305,1381,1233,1122,963,832,792,839,843,856,827,860,897,925,898,859,815,799,786,745,698,711,749,738,735,788,858,893,888,919,874,898,957,968,1020,983,922,880,881,930,969,965,956,993,972,968,963,965,946,924,856,830,774,755,752,752,744,732,718,689,649,647,627,600,621,629,608,594,611,631,647,676,710,744,746,725,730,760,795,842,863,913,929,869,833,808,775,779,792,810,799,800,764,744,743,721,707,745,758,774,773,772,777,761,780,802,750,742,707,688,732,730,732,718,730,706,696,690,686,716,764,846,910,939,984,1017,980,947,916,969,928,946,1008,1103,1187,1251,1408,1522,1602,1721,1827,1819,1782,1767,1676,1670,1728,1793,1828,1916,1834,1802,1689,
1,5,7,9,12,9,13,21,26,33,36,41,50,60,88,119,162,208,276,355,422,501,595,735,848,1051,1284,1504,1687,1918,2070,2288,2427,2534,2587,2601,2593,2482,2334,2256,2069,1897,1762,1529,1343,1178,1027,917,822,788,754,723,693,673,654,639,647,674,681,718,708,716,687,660,645,643,646,659,629,624,645,692,709,709,684,679,636,642,625,667,749,778,822,853,840,798,785,780,743,714,758,725,706,684,659,662,684,699,758,789,784,787,770,757,762,788,824,833,878,875,899,903,924,944,985,1015,1059,1056,1098,1152,1232,1277,1391,1485,1578,1704,1823,1871,1864,1818,1729,1603,1501,1398,1345,1235,1194,1149,1134,1142,1090,1076,1023,964,896,819,747,737,761,762,786,751,750,742,730,713,718,731,742,726,732,741,699,649,633,680,733,765,803,849,913,946,963,974,988,1005,984,964,958,975,1014,1091,1143,1230,1250,1331,1352,1386,1374,1400,1431,1514,1550,1585,1632,1725,1854,2020,2243,
1,5,7,9,12,9,13,21,26,33,36,41,50,60,88,119,162,208,276,355,422,501,595,735,848,1051,1284,1504,1687,1918,2070,2288,2427,2534,2587,2601,2593,2482,2334,2256,2069,1897,1762,1529,1343,1178,1027,917,822,788,754,723,693,673,654,639,647,674,681,718,708,716,687,660,645,643,646,659,629,624,645,692,709,709,684,679,636,642,625,667,749,778,822,853,840,798,785,780,743,714,758,725,706,684,659,662,684,699,758,789,784,787,770,757,762,788,824,833,878,875,899,903,924,944,985,1015,1059,1056,1098,1152,1232,1277,1391,1485,1578,1704,1823,1871,1864,1818,1729,1603,1501,1398,1345,1235,1194,1149,1134,1142,1090,1076,1023,964,896,819,747,737,761,762,786,751,750,742,730,713,718,731,742,726,732,741,699,649,633,680,733,765,803,849,913,946,963,974,988,1005,984,964,958,975,1014,1091,1143,1230,1250,1331,1352,1386,1374,1400,1431,1514,1550,1585,1632,1725,1854,2020,2243,
1,4,4,4,7,10,15,26,41,50,62,80,113,143,187,219,255,299,351,427,486,559,676,817,972,1178,1315,1470,1593,1756,1934,2154,2310,2348,2421,2421,2379,2325,2193,2060,1790,1568,1353,1164,1004,931,911,801,761,733,705,701,663,679,680,686,698,738,776,804,799,778,733,691,682,695,718,734,732,734,743,756,798,821,810,851,882,850,833,831,813,861,893,968,982,991,997,992,988,950,955,960,922,896,869,784,732,722,729,699,677,682,664,677,671,707,764,826,836,856,923,1006,1071,1105,1110,1129,1108,1071,1019,1002,1010,1012,993,979,968,939,912,841,803,793,781,786,795,793,791,819,840,861,871,886,880,868,839,818,782,753,725,682,660,637,632,620,609,635,615,604,639,644,673,706,764,836,877,940,956,969,979,1015,1056,1091,1075,1081,1064,1068,1118,1204,1266,1359,1467,1549,1619,1645,1723,1626,1593,1591,1619,1579,1616,1634,1674,1708,1802,1917,1992,2134,2226,2267,2332,
1,4,4,4,7,10,15,26,41,50,62,80,113,143,187,219,255,299,351,427,486,559,676,817,972,1178,1315,1470,1593,1756,1934,2154,2310,2348,2421,2421,2379,2325,2193,2060,1790,1568,1353,1164,1004,931,911,801,761,733,705,701,663,679,680,686,698,738,776,804,799,778,733,691,682,695,718,734,732,734,743,756,798,821,810,851,882,850,833,831,813,861,893,968,982,991,997,992,988,950,955,960,922,896,869,784,732,722,729,699,677,682,664,677,671,707,764,826,836,856,923,1006,1071,1105,1110,1129,1108,1071,1019,1002,1010,1012,993,979,968,939,912,841,803,793,781,786,795,793,791,819,840,861,871,886,880,868,839,818,782,753,725,682,660,637,632,620,609,635,615,604,639,644,673,706,764,836,877,940,956,969,979,1015,1056,1091,1075,1081,1064,1068,1118,1204,1266,1359,1467,1549,1619,1645,1723,1626,1593,1591,1619,1579,1616,1634,1674,1708,1802,1917,1992,2134,2226,2267,2332,
1,6,7,8,10,12,21,26,33,44,55,72,94,115,143,187,223,298,367,444,490,594,685,822,950,1133,1253,1433,1617,1822,2045,2274,2594,3039,3263,3326,3303,3152,3045,2834,2597,2354,2079,1827,1664,1521,1367,1228,1123,1031,960,926,900,896,934,964,996,1046,1069,1014,973,932,902,802,728,674,651,653,653,643,640,613,617,620,629,657,681,680,690,704,688,714,721,732,793,816,848,837,891,878,838,816,847,860,833,822,794,766,730,715,719,710,676,650,655,602,601,596,588,600,584,571,567,565,576,593,604,621,670,713,784,837,896,970,1060,1096,1196,1214,1237,1256,1272,1213,1213,1172,1138,1131,1134,1126,1137,1135,1176,1146,1118,1090,1047,997,983,950,925,909,889,860,826,771,740,719,696,665,654,658,642,667,704,766,827,854,890,942,1005,1021,1026,1024,1016,967,942,926,921,986,1067,1183,1250,1355,1408,1535,1729,1911,1992,2017,1967,1915,1753,1636,1507,1405,1316,1183,1079,975,890,
1,3,4,5,8,12,14,22,31,35,44,56,74,103,139,169,241,288,355,480,581,725,878,1102,1274,1454,1635,1865,2114,2227,2204,2221,2223,2290,2285,2413,2489,2558,2573,2472,2326,2176,2024,1850,1673,1539,1344,1183,1074,993,918,840,755,704,652,608,574,550,523,492,485,489,488,460,439,451,459,499,521,550,607,668,737,760,758,726,705,677,691,670,675,679,700,726,726,740,757,777,726,727,723,744,721,697,686,664,635,622,586,561,580,596,611,604,592,628,657,628,607,598,586,591,608,622,619,614,630,622,622,617,644,651,710,753,817,886,908,951,963,998,1016,1021,1010,1004,1002,1053,1055,1040,1022,1006,1025,1041,1000,946,916,905,897,892,865,841,842,831,843,869,820,754,690,651,632,643,606,599,624,617,599,634,676,696,737,770,797,832,878,876,874,865,899,932,968,989,1043,1066,1097,1132,1148,1175,1244,1331,1399,1492,1550,1644,1771,1990,2195,2412,2650,2944,3304,
1,4,6,5,8,10,18,22,30,35,44,60,85,95,124,147,182,233,292,348,396,456,526,633,738,838,940,1091,1216,1338,1404,1441,1519,1622,1688,1691,1610,1518,1436,1381,1290,1233,1103,1060,980,894,805,715,693,658,640,645,647,684,725,744,777,817,794,763,779,808,797,822,838,880,902,896,942,957,963,997,1018,1011,990,978,927,943,927,895,900,878,840,813,791,803,768,747,750,758,773,774,795,829,814,839,874,897,917,907,895,903,945,978,1002,1004,1028,991,938,970,964,1008,1039,1074,1064,1085,1032,1026,1061,1037,994,988,987,940,909,922,943,982,1039,1073,1084,1134,1150,1099,1078,1056,1089,1130,1243,1308,1300,1331,1307,1250,1195,1217,1157,1106,1023,1029,1011,938,886,778,688,605,568,569,567,554,575,587,591,624,601,609,612,647,685,747,792,822,875,886,867,881,923,958,1056,1145,1247,1366,1481,1596,1694,1761,1838,1998,2176,2316,2415,2556,2635,2547,2622,2614,2697,2624,2575,
1,2,5,6,9,15,16,18,24,30,34,44,56,77,115,157,221,298,397,523,649,788,1003,1292,1590,1875,2215,2408,2570,2639,2652,2650,2743,2770,2790,2838,2825,2879,2782,2631,2487,2313,2055,1786,1578,1424,1304,1270,1187,1178,1124,1046,1012,1002,951,890,855,839,860,883,897,905,922,971,989,973,927,916,947,954,867,804,745,739,685,679,666,668,665,649,664,701,719,719,738,765,804,823,825,795,778,776,778,752,729,752,735,732,712,709,701,736,695,636,634,605,611,606,597,587,612,623,638,680,681,684,666,646,658,655,667,649,638,680,734,783,911,1001,1106,1259,1329,1407,1478,1484,1524,1547,1593,1631,1598,1590,1515,1461,1315,1195,1090,996,918,874,848,810,777,772,749,742,718,689,648,617,612,605,617,679,723,760,782,790,849,842,832,833,878,912,927,956,1051,1119,1162,1197,1163,1159,1137,1131,1157,1155,1238,1304,1332,1357,1411,1473,1622,1677,1816,2035,2336,2750,3080,3434,3778,
1,4,8,11,8,12,15,24,39,43,52,68,84,120,152,193,244,292,335,407,493,635,751,929,1132,1390,1588,1859,2159,2429,2519,2600,2685,2745,2769,2741,2711,2650,2663,2406,2060,1869,1700,1533,1390,1302,1233,1156,1094,1012,961,922,861,837,837,842,856,824,831,866,827,825,878,871,917,872,882,805,836,875,895,947,984,1014,1077,1100,1161,1315,1451,1459,1396,1371,1275,1234,1117,1109,1101,1104,1081,1108,1155,1175,1198,1198,1197,1136,1036,964,940,898,887,883,892,826,805,781,814,822,810,804,791,834,852,847,833,865,848,893,934,983,995,992,1025,1034,1053,1078,1062,1020,994,1000,1047,1061,1062,1087,1123,1161,1126,1125,1119,1098,1084,1082,1065,1034,963,921,936,918,839,763,680,603,540,513,498,519,532,596,582,605,586,636,633,675,637,640,656,640,640,632,645,721,789,858,864,833,857,848,905,971,998,1005,1016,1009,1067,1112,1147,1178,1283,1428,1515,1565,1654,1804,1934,2060,2223,2427,2542,
1,6,9,7,12,14,17,28,45,63,66,85,94,128,159,184,259,307,353,438,560,652,799,989,1174,1436,1563,1712,1928,2202,2440,2662,2925,3073,3084,3179,3079,3033,2777,2538,2248,2068,1784,1525,1339,1248,1144,1020,966,892,821,740,684,657,630,651,704,762,792,846,889,911,960,997,973,969,1002,1028,1030,1065,1080,1058,1070,988,962,952,951,891,862,822,828,847,848,863,866,874,828,823,868,905,869,848,825,783,764,725,702,645,629,603,610,615,609,633,661,664,693,744,757,755,765,821,890,959,1074,1152,1132,1106,1120,1145,1159,1142,1123,1164,1190,1258,1257,1194,1161,1092,1055,1017,948,918,915,942,896,869,831,825,767,738,731,733,742,756,768,794,854,887,947,921,917,914,938,914,924,926,881,836,806,787,780,774,763,785,819,883,991,1046,1088,1032,1010,963,922,888,887,898,921,994,1026,1052,1112,1140,1167,1167,1170,1123,1086,1078,1050,993,997,996,994,1056,1080,1088,1166,
1,3,7,7,9,9,16,26,38,44,52,66,83,115,144,164,209,269,360,429,485,573,671,794,921,1063,1183,1311,1482,1685,1954,2147,2372,2518,2676,2836,3096,3161,3152,3108,2971,2685,2369,2078,1774,1540,1341,1201,1065,957,894,861,842,885,896,898,952,1012,1010,976,928,919,884,874,851,844,841,814,762,749,758,779,803,758,764,718,684,663,655,639,627,627,634,686,730,762,829,898,986,1068,1154,1177,1133,1120,1025,952,871,838,868,848,823,824,825,856,863,855,869,904,910,924,941,981,1013,1060,1085,1151,1175,1174,1137,1104,1086,1129,1161,1120,1092,1122,1123,1126,1106,1096,1148,1218,1272,1281,1302,1317,1359,1340,1368,1283,1259,1291,1253,1171,1096,1013,977,955,965,921,862,774,723,667,649,673,708,691,684,706,750,742,752,795,910,1004,1082,1106,1072,1057,1082,1135,1195,1269,1320,1344,1300,1269,1251,1222,1193,1227,1283,1426,1663,1779,1986,2219,2425,2649,2905,3191,3340,3477,3455,3371,3409,3599,3659,
1,4,6,7,8,8,14,18,28,34,45,59,76,95,121,152,211,261,308,388,471,560,678,820,956,1115,1364,1519,1728,1914,2036,2189,2111,2084,2075,2082,2059,1990,2055,1969,1952,1919,1875,1852,1803,1675,1552,1390,1330,1260,1220,1217,1150,1072,1013,925,885,840,791,792,797,757,754,782,848,867,907,903,920,898,871,865,866,829,814,802,787,828,828,839,873,919,1021,1051,1035,1004,1039,1132,1201,1297,1334,1358,1321,1349,1361,1394,1415,1437,1377,1314,1252,1208,1198,1124,1114,1119,1107,1137,1147,1126,1130,1105,1069,1038,1013,999,994,953,917,911,916,955,962,973,1017,1032,1040,1041,1060,1097,1179,1169,1210,1178,1164,1146,1105,1082,1072,1004,927,873,846,783,768,732,707,693,667,682,677,684,705,728,749,801,847,913,982,1045,1107,1095,1062,1082,1138,1218,1281,1365,1425,1415,1464,1431,1404,1354,1308,1262,1202,1152,1187,1221,1250,1304,1433,1573,1689,1810,1973,2079,2165,2262,2438,2553,2641,2757,3040,3248,3543,3586,3626,
1,4,6,7,8,8,14,18,28,34,45,59,76,95,121,152,211,261,308,388,471,560,678,820,956,1115,1364,1519,1728,1914,2036,2189,2111,2084,2075,2082,2059,1990,2055,1969,1952,1919,1875,1852,1803,1675,1552,1390,1330,1260,1220,1217,1150,1072,1013,925,885,840,791,792,797,757,754,782,848,867,907,903,920,898,871,865,866,829,814,802,787,828,828,839,873,919,1021,1051,1035,1004,1039,1132,1201,1297,1334,1358,1321,1349,1361,1394,1415,1437,1377,1314,1252,1208,1198,1124,1114,1119,1107,1137,1147,1126,1130,1105,1069,1038,1013,999,994,953,917,911,916,955,962,973,1017,1032,1040,1041,1060,1097,1179,1169,1210,1178,1164,1146,1105,1082,1072,1004,927,873,846,783,768,732,707,693,667,682,677,684,705,728,749,801,847,913,982,1045,1107,1095,1062,1082,1138,1218,1281,1365,1425,1415,1464,1431,1404,1354,1308,1262,1202,1152,1187,1221,1250,1304,1433,1573,1689,1810,1973,2079,2165,2262,2438,2553,2641,2757,3040,3248,3543,3586,3626,
1,5,5,6,10,12,11,21,33,35,41,44,48,69,97,125,161,208,275,374,475,584,731,927,1180,1444,1710,1939,2178,2402,2618,2848,3126,3202,3195,3048,2882,2661,2466,2304,2067,1837,1684,1478,1363,1225,1084,1004,950,891,840,770,716,651,623,575,549,531,540,555,567,576,609,616,624,626,642,653,689,703,700,724,794,851,896,883,911,947,968,991,965,935,883,883,936,951,937,883,864,859,850,903,927,994,1002,1028,990,975,956,894,882,896,894,862,846,837,826,811,758,730,722,752,767,832,891,971,1013,1080,1065,1079,1121,1135,1163,1198,1225,1247,1244,1293,1344,1390,1383,1387,1308,1266,1224,1248,1290,1345,1386,1441,1453,1428,1374,1289,1222,1215,1210,1216,1197,1120,1076,1041,1010,965,941,896,898,841,831,827,851,849,829,752,714,721,691,672,669,653,608,602,583,581,618,618,668,728,813,901,980,1105,1226,1418,1624,1698,1778,1805,1801,1784,1765,1792,1785,1915,1969,2061,2195,2420,2671,
1,3,4,4,7,9,11,21,32,45,55,70,95,125,145,186,236,314,394,489,562,637,741,914,1130,1391,1636,1821,1953,2102,2303,2507,2830,3160,3301,3445,3467,3311,3106,2913,2633,2376,2117,1896,1699,1459,1262,1091,984,894,804,746,696,659,614,556,529,508,521,514,508,516,558,580,615,638,630,634,676,716,721,742,804,908,980,1016,1024,1042,1042,997,1017,1082,1101,1112,1073,1040,973,927,906,864,860,837,817,763,737,727,692,691,685,706,685,698,698,686,684,663,653,639,683,713,741,718,722,718,722,771,814,856,972,1054,1108,1106,1107,1082,1119,1149,1093,1061,1049,1021,1037,1045,992,978,930,926,917,894,907,886,866,822,794,765,735,715,724,707,705,666,635,593,581,583,582,571,564,570,585,604,670,745,815,932,1046,1104,1125,1100,1119,1079,1068,1107,1144,1173,1163,1191,1244,1280,1370,1434,1522,1537,1609,1653,1738,1771,1743,1772,1756,1783,1772,1790,1834,1927,1906,1989,2063,2188,2237,
1,3,4,4,7,9,11,21,32,45,55,70,95,125,145,186,236,314,394,489,562,637,741,914,1130,1391,1636,1821,1953,2102,2303,2507,2830,3160,3301,3445,3467,3311,3106,2913,2633,2376,2117,1896,1699,1459,1262,1091,984,894,804,746,696,659,614,556,529,508,521,514,508,516,558,580,615,638,630,634,676,716,721,742,804,908,980,1016,1024,1042,1042,997,1017,1082,1101,1112,1073,1040,973,927,906,864,860,837,817,763,737,727,692,691,685,706,685,698,698,686,684,663,653,639,683,713,741,718,722,718,722,771,814,856,972,1054,1108,1106,1107,1082,1119,1149,1093,1061,1049,1021,1037,1045,992,978,930,926,917,894,907,886,866,822,794,765,735,715,724,707,705,666,635,593,581,583,582,571,564,570,585,604,670,745,815,932,1046,1104,1125,1100,1119,1079,1068,1107,1144,1173,1163,1191,1244,1280,1370,1434,1522,1537,1609,1653,1738,1771,1743,1772,1756,1783,1772,1790,1834,1927,1906,1989,2063,2188,2237,
1,4,6,8,8,10,16,21,34,41,45,58,73,93,119,149,184,234,305,378,471,557,664,808,978,1227,1500,1779,2137,2296,2492,2685,2810,2860,2939,2823,2787,2828,2791,2727,2579,2417,2168,1880,1555,1324,1136,1029,957,907,852,802,741,723,732,711,714,699,683,685,679,667,657,646,623,629,626,620,604,655,688,736,805,851,841,876,885,908,883,876,833,769,739,705,699,692,676,654,708,764,839,889,903,949,982,1008,1030,1053,1080,1086,1141,1184,1158,1129,1066,1041,999,970,974,942,937,920,894,914,948,950,958,1019,1045,1030,1042,1044,1051,1114,1164,1205,1178,1143,1147,1192,1162,1197,1216,1236,1302,1307,1298,1250,1241,1215,1211,1165,1146,1051,980,875,802,718,720,722,747,798,824,886,910,937,962,995,1022,1069,1119,1235,1294,1300,1269,1226,1266,1318,1324,1309,1257,1229,1255,1253,1265,1242,1266,1282,1318,1326,1396,1463,1536,1695,1891,2095,2202,2342,2362,2374,2410,2403,2525,2591,2704,2723,2754,2708,2543,
1,2,3,4,8,8,11,15,28,44,63,88,99,116,148,201,244,282,353,436,509,587,701,841,972,1204,1487,1672,1889,2087,2282,2428,2559,2561,2573,2489,2404,2363,2271,2124,1918,1689,1462,1271,1088,937,833,731,700,657,686,726,723,728,743,722,748,759,776,799,807,816,839,865,859,847,841,826,832,848,847,862,897,935,959,942,949,941,890,904,903,852,893,926,949,928,894,893,882,903,913,901,897,879,902,923,898,894,869,845,812,809,832,862,834,815,809,786,784,812,869,917,913,927,894,911,893,907,927,939,903,905,961,1000,1048,1054,1063,1078,1091,1065,1070,1053,1072,1113,1207,1274,1305,1356,1361,1363,1283,1185,1127,1034,946,839,746,700,680,705,725,757,783,783,787,762,723,695,689,680,695,730,743,752,718,718,703,695,678,724,755,795,819,847,887,901,942,1027,1062,1152,1227,1309,1405,1433,1496,1497,1496,1497,1537,1556,1548,1587,1611,1662,1739,1865,2036,2231,2430,
1,2,3,4,8,8,11,15,28,44,63,88,99,116,148,201,244,282,353,436,509,587,701,841,972,1204,1487,1672,1889,2087,2282,2428,2559,2561,2573,2489,2404,2363,2271,2124,1918,1689,1462,1271,1088,937,833,731,700,657,686,726,723,728,743,722,748,759,776,799,807,816,839,865,859,847,841,826,832,848,847,862,897,935,959,942,949,941,890,904,903,852,893,926,949,928,894,893,882,903,913,901,897,879,902,923,898,894,869,845,812,809,832,862,834,815,809,786,784,812,869,917,913,927,894,911,893,907,927,939,903,905,961,1000,1048,1054,1063,1078,1091,1065,1070,1053,1072,1113,1207,1274,1305,1356,1361,1363,1283,1185,1127,1034,946,839,746,700,680,705,725,757,783,783,787,762,723,695,689,680,695,730,743,752,718,718,703,695,678,724,755,795,819,847,887,901,942,1027,1062,1152,1227,1309,1405,1433,1496,1497,1496,1497,1537,1556,1548,1587,1611,1662,1739,1865,2036,2231,2430,
1,4,5,5,6,7,11,17,26,31,42,59,82,103,142,170,232,291,366,448,524,618,754,900,1064,1276,1464,1686,1844,2009,2132,2154,2206,2267,2301,2261,2266,2266,2227,2152,1954,1728,1582,1410,1302,1229,1136,1050,965,894,880,858,839,895,914,944,955,994,970,903,904,889,859,843,839,816,821,789,749,745,736,722,733,707,691,695,722,741,733,746,750,753,766,806,856,858,867,860,876,930,1032,1041,1016,1016,1050,1040,1011,981,964,954,966,961,969,954,912,906,925,976,1036,1072,1102,1116,1076,1094,1118,1123,1097,1190,1232,1286,1310,1322,1366,1374,1408,1446,1437,1441,1378,1366,1308,1226,1233,1209,1208,1223,1280,1239,1185,1168,1137,1170,1135,1102,1094,1078,1096,1091,1068,1076,1066,1001,912,884,846,834,788,757,773,827,811,799,842,864,914,953,998,994,1022,1005,1003,1040,1059,1098,1074,1044,1007,1003,1023,1068,1114,1187,1224,1319,1437,1565,1672,1885,2128,2386,2587,2765,3004,3120,3043,2877,2784,2668,2448,
1,4,5,6,7,9,13,18,28,30,34,45,60,84,111,143,193,246,328,431,544,644,741,893,1069,1272,1532,1902,2250,2579,2820,2960,3094,3139,3145,3207,3227,3081,2954,2829,2752,2566,2344,2096,1771,1531,1399,1242,1168,1185,1119,1098,1032,971,968,953,898,845,785,724,711,679,664,662,656,649,619,599,595,609,607,646,674,678,683,698,712,739,786,833,846,882,881,880,919,962,934,911,881,856,828,848,866,842,818,784,751,740,733,761,740,779,808,836,828,824,895,958,1015,1060,1078,1073,1056,998,1012,1045,1097,1160,1186,1281,1318,1311,1348,1476,1538,1646,1694,1842,1898,1848,1808,1777,1694,1601,1538,1458,1348,1220,1205,1192,1167,1181,1159,1127,1038,976,913,890,859,830,804,755,699,707,712,737,764,776,781,860,952,919,929,908,899,881,896,960,1002,1021,1074,1110,1135,1189,1205,1294,1324,1405,1437,1506,1618,1692,1862,2000,2164,2269,2387,2461,2528,2630,2718,2817,2707,2760,2683,2502,2367,2154,2016,
1,3,4,3,5,6,11,17,28,37,44,55,70,97,136,189,256,335,401,499,578,659,763,866,1000,1158,1377,1608,1691,1684,1731,1860,1909,2043,2076,2170,2243,2332,2365,2399,2453,2262,2004,1728,1524,1419,1288,1217,1051,948,815,704,646,656,660,652,637,656,676,681,679,684,693,669,679,686,743,779,778,801,789,789,773,780,809,862,846,878,918,889,907,896,885,882,873,873,903,872,896,901,899,943,1009,1044,1102,1158,1225,1285,1252,1230,1182,1144,1060,1026,1016,975,982,1004,981,1048,1110,1104,1101,1121,1090,1161,1197,1200,1140,1055,1030,1016,979,886,839,848,864,850,837,843,864,864,868,903,881,917,930,983,1002,999,991,975,995,939,875,808,753,753,740,765,777,816,846,876,881,885,910,940,999,1007,1034,1059,1111,1104,1074,1053,1054,1108,1142,1205,1247,1306,1309,1305,1277,1246,1215,1235,1220,1240,1255,1265,1250,1276,1288,1252,1269,1281,1354,1399,1465,1506,1610,1651,1821,2031,2197,2368,2579,
1,3,4,3,5,6,11,17,28,37,44,55,70,97,136,189,256,335,401,499,578,659,763,866,1000,1158,1377,1608,1691,1684,1731,1860,1909,2043,2076,2170,2243,2332,2365,2399,2453,2262,2004,1728,1524,1419,1288,1217,1051,948,815,704,646,656,660,652,637,656,676,681,679,684,693,669,679,686,743,779,778,801,789,789,773,780,809,862,846,878,918,889,907,896,885,882,873,873,903,872,896,901,899,943,1009,1044,1102,1158,1225,1285,1252,1230,1182,1144,1060,1026,1016,975,982,1004,981,1048,1110,1104,1101,1121,1090,1161,1197,1200,1140,1055,1030,1016,979,886,839,848,864,850,837,843,864,864,868,903,881,917,930,983,1002,999,991,975,995,939,875,808,753,753,740,765,777,816,846,876,881,885,910,940,999,1007,1034,1059,1111,1104,1074,1053,1054,1108,1142,1205,1247,1306,1309,1305,1277,1246,1215,1235,1220,1240,1255,1265,1250,1276,1288,1252,1269,1281,1354,1399,1465,1506,1610,1651,1821,2031,2197,2368,2579,
1,3,4,3,5,6,11,17,28,37,44,55,70,97,136,189,256,335,401,499,578,659,763,866,1000,1158,1377,1608,1691,1684,1731,1860,1909,2043,2076,2170,2243,2332,2365,2399,2453,2262,2004,1728,1524,1419,1288,1217,1051,948,815,704,646,656,660,652,637,656,676,681,679,684,693,669,679,686,743,779,778,801,789,789,773,780,809,862,846,878,918,889,907,896,885,882,873,873,903,872,896,901,899,943,1009,1044,1102,1158,1225,1285,1252,1230,1182,1144,1060,1026,1016,975,982,1004,981,1048,1110,1104,1101,1121,1090,1161,1197,1200,1140,1055,1030,1016,979,886,839,848,864,850,837,843,864,864,868,903,881,917,930,983,1002,999,991,975,995,939,875,808,753,753,740,765,777,816,846,876,881,885,910,940,999,1007,1034,1059,1111,1104,1074,1053,1054,1108,1142,1205,1247,1306,1309,1305,1277,1246,1215,1235,1220,1240,1255,1265,1250,1276,1288,1252,1269,1281,1354,1399,1465,1506,1610,1651,1821,2031,2197,2368,2579,
1,3,5,5,9,11,15,19,29,32,39,55,69,82,112,136,177,203,257,332,409,532,706,941,1150,1342,1572,1846,2123,2366,2560,2683,2918,3146,3319,3483,3598,3731,3715,3514,3335,3181,2834,2524,2146,1879,1759,1666,1554,1447,1328,1262,1196,1178,1147,1134,1162,1251,1271,1328,1347,1348,1382,1373,1377,1376,1312,1221,1155,1108,1107,1116,1087,1051,1066,1005,955,931,900,935,975,1011,1006,979,913,891,836,812,774,793,827,882,886,913,881,833,790,728,677,655,629,556,512,471,454,472,472,530,560,622,649,687,756,801,887,959,1046,1111,1122,1212,1307,1436,1494,1581,1628,1653,1633,1699,1702,1646,1578,1552,1470,1393,1237,1189,1131,1087,1080,1088,1075,1039,1014,953,928,900,821,759,714,684,679,689,722,742,770,750,797,820,824,823,895,905,928,936,935,937,885,846,790,757,725,704,666,640,643,623,611,601,640,662,707,747,846,939,1048,1206,1395,1572,1674,1737,1843,1859,1825,1714,1719,1649,1556,1430,1291,
1,5,6,9,7,13,20,26,38,40,51,67,85,97,112,134,187,247,291,368,471,506,608,682,747,864,997,1142,1332,1599,1815,2050,2313,2557,2654,2767,2892,2973,2911,2913,2846,2627,2506,2358,2150,1910,1750,1599,1407,1315,1152,1002,904,823,768,747,684,648,670,665,644,655,647,668,705,715,699,681,684,689,708,720,745,777,774,761,761,826,844,861,871,874,873,892,850,862,869,838,818,825,855,886,897,868,825,821,802,764,760,776,768,772,797,807,887,879,952,1011,1063,1115,1083,1062,1070,1087,1082,1077,1057,1036,1074,1085,1088,1101,1140,1139,1165,1255,1314,1404,1382,1393,1425,1450,1400,1316,1263,1276,1200,1171,1143,1100,1091,1105,1171,1245,1203,1206,1226,1258,1174,1124,1128,1042,994,975,945,1030,1028,1039,1063,1124,1179,1238,1343,1350,1344,1337,1285,1255,1226,1248,1272,1310,1306,1333,1295,1262,1242,1240,1241,1238,1266,1330,1430,1434,1539,1590,1658,1656,1711,1794,1919,2043,2089,2234,2404,2550,2623,2661,2736,
1,4,4,5,6,9,15,23,37,49,60,71,85,97,129,162,205,248,310,403,485,607,732,955,1165,1407,1690,2041,2397,2770,3043,3232,3209,3146,3018,2859,2777,2668,2546,2501,2426,2209,1932,1666,1439,1299,1173,1056,928,857,776,752,739,745,748,780,817,820,846,894,895,924,895,876,857,842,808,794,814,788,772,793,749,773,745,742,775,776,762,760,758,725,693,649,622,610,623,628,635,663,701,694,700,685,709,717,736,784,787,787,755,758,748,761,764,824,913,999,1058,1122,1121,1180,1156,1196,1196,1202,1220,1247,1297,1312,1347,1307,1283,1182,1147,1128,1172,1146,1085,1056,1048,1030,1020,1077,1123,1180,1197,1254,1196,1209,1176,1105,1060,1062,1000,970,947,919,897,877,838,784,711,654,624,625,632,659,676,712,770,810,883,959,1047,1127,1157,1189,1249,1220,1223,1261,1305,1306,1309,1313,1328,1379,1419,1409,1420,1407,1388,1319,1350,1404,1476,1528,1619,1704,1767,1753,1760,1678,1578,1507,1473,1420,1412,
1,4,4,5,6,9,15,23,37,49,60,71,85,97,129,162,205,248,310,403,485,607,732,955,1165,1407,1690,2041,2397,2770,3043,3232,3209,3146,3018,2859,2777,2668,2546,2501,2426,2209,1932,1666,1439,1299,1173,1056,928,857,776,752,739,745,748,780,817,820,846,894,895,924,895,876,857,842,808,794,814,788,772,793,749,773,745,742,775,776,762,760,758,725,693,649,622,610,623,628,635,663,701,694,700,685,709,717,736,784,787,787,755,758,748,761,764,824,913,999,1058,1122,1121,1180,1156,1196,1196,1202,1220,1247,1297,1312,1347,1307,1283,1182,1147,1128,1172,1146,1085,1056,1048,1030,1020,1077,1123,1180,1197,1254,1196,1209,1176,1105,1060,1062,1000,970,947,919,897,877,838,784,711,654,624,625,632,659,676,712,770,810,883,959,1047,1127,1157,1189,1249,1220,1223,1261,1305,1306,1309,1313,1328,1379,1419,1409,1420,1407,1388,1319,1350,1404,1476,1528,1619,1704,1767,1753,1760,1678,1578,1507,1473,1420,1412,
1,4,4,5,6,9,15,23,37,49,60,71,85,97,129,162,205,248,310,403,485,607,732,955,1165,1407,1690,2041,2397,2770,3043,3232,3209,3146,3018,2859,2777,2668,2546,2501,2426,2209,1932,1666,1439,1299,1173,1056,928,857,776,752,739,745,748,780,817,820,846,894,895,924,895,876,857,842,808,794,814,788,772,793,749,773,745,742,775,776,762,760,758,725,693,649,622,610,623,628,635,663,701,694,700,685,709,717,736,784,787,787,755,758,748,761,764,824,913,999,1058,1122,1121,1180,1156,1196,1196,1202,1220,1247,1297,1312,1347,1307,1283,1182,1147,1128,1172,1146,1085,1056,1048,1030,1020,1077,1123,1180,1197,1254,1196,1209,1176,1105,1060,1062,1000,970,947,919,897,877,838,784,711,654,624,625,632,659,676,712,770,810,883,959,1047,1127,1157,1189,1249,1220,1223,1261,1305,1306,1309,1313,1328,1379,1419,1409,1420,1407,1388,1319,1350,1404,1476,1528,1619,1704,1767,1753,1760,1678,1578,1507,1473,1420,1412,
1,4,4,5,6,9,15,23,37,49,60,71,85,97,129,162,205,248,310,403,485,607,732,955,1165,1407,1690,2041,2397,2770,3043,3232,3209,3146,3018,2859,2777,2668,2546,2501,2426,2209,1932,1666,1439,1299,1173,1056,928,857,776,752,739,745,748,780,817,820,846,894,895,924,895,876,857,842,808,794,814,788,772,793,749,773,745,742,775,776,762,760,758,725,693,649,622,610,623,628,635,663,701,694,700,685,709,717,736,784,787,787,755,758,748,761,764,824,913,999,1058,1122,1121,1180,1156,1196,1196,1202,1220,1247,1297,1312,1347,1307,1283,1182,1147,1128,1172,1146,1085,1056,1048,1030,1020,1077,1123,1180,1197,1254,1196,1209,1176,1105,1060,1062,1000,970,947,919,897,877,838,784,711,654,624,625,632,659,676,712,770,810,883,959,1047,1127,1157,1189,1249,1220,1223,1261,1305,1306,1309,1313,1328,1379,1419,1409,1420,1407,1388,1319,1350,1404,1476,1528,1619,1704,1767,1753,1760,1678,1578,1507,1473,1420,1412,
1,4,4,5,6,9,15,23,37,49,60,71,85,97,129,162,205,248,310,403,485,607,732,955,1165,1407,1690,2041,2397,2770,3043,3232,3209,3146,3018,2859,2777,2668,2546,2501,2426,2209,1932,1666,1439,1299,1173,1056,928,857,776,752,739,745,748,780,817,820,846,894,895,924,895,876,857,842,808,794,814,788,772,793,749,773,745,742,775,776,762,760,758,725,693,649,622,610,623,628,635,663,701,694,700,685,709,717,736,784,787,787,755,758,748,761,764,824,913,999,1058,1122,1121,1180,1156,1196,1196,1202,1220,1247,1297,1312,1347,1307,1283,1182,1147,1128,1172,1146,1085,1056,1048,1030,1020,1077,1123,1180,1197,1254,1196,1209,1176,1105,1060,1062,1000,970,947,919,897,877,838,784,711,654,624,625,632,659,676,712,770,810,883,959,1047,1127,1157,1189,1249,1220,1223,1261,1305,1306,1309,1313,1328,1379,1419,1409,1420,1407,1388,1319,1350,1404,1476,1528,1619,1704,1767,1753,1760,1678,1578,1507,1473,1420,1412,
1,4,4,5,6,9,15,23,37,49,60,71,85,97,129,162,205,248,310,403,485,607,732,955,1165,1407,1690,2041,2397,2770,3043,3232,3209,3146,3018,2859,2777,2668,2546,2501,2426,2209,1932,1666,1439,1299,1173,1056,928,857,776,752,739,745,748,780,817,820,846,894,895,924,895,876,857,842,808,794,814,788,772,793,749,773,745,742,775,776,762,760,758,725,693,649,622,610,623,628,635,663,701,694,700,685,709,717,736,784,787,787,755,758,748,761,764,824,913,999,1058,1122,1121,1180,1156,1196,1196,1202,1220,1247,1297,1312,1347,1307,1283,1182,1147,1128,1172,1146,1085,1056,1048,1030,1020,1077,1123,1180,1197,1254,1196,1209,1176,1105,1060,1062,1000,970,947,919,897,877,838,784,711,654,624,625,632,659,676,712,770,810,883,959,1047,1127,1157,1189,1249,1220,1223,1261,1305,1306,1309,1313,1328,1379,1419,1409,1420,1407,1388,1319,1350,1404,1476,1528,1619,1704,1767,1753,1760,1678,1578,1507,1473,1420,1412,
1,4,4,5,6,9,15,23,37,49,60,71,85,97,129,162,205,248,310,403,485,607,732,955,1165,1407,1690,2041,2397,2770,3043,3232,3209,3146,3018,2859,2777,2668,2546,2501,2426,2209,1932,1666,1439,1299,1173,1056,928,857,776,752,739,745,748,780,817,820,846,894,895,924,895,876,857,842,808,794,814,788,772,793,749,773,745,742,775,776,762,760,758,725,693,649,622,610,623,628,635,663,701,694,700,685,709,717,736,784,787,787,755,758,748,761,764,824,913,999,1058,1122,1121,1180,1156,1196,1196,1202,1220,1247,1297,1312,1347,1307,1283,1182,1147,1128,1172,1146,1085,1056,1048,1030,1020,1077,1123,1180,1197,1254,1196,1209,1176,1105,1060,1062,1000,970,947,919,897,877,838,784,711,654,624,625,632,659,676,712,770,810,883,959,1047,1127,1157,1189,1249,1220,1223,1261,1305,1306,1309,1313,1328,1379,1419,1409,1420,1407,1388,1319,1350,1404,1476,1528,1619,1704,1767,1753,1760,1678,1578,1507,1473,1420,1412,
1,4,4,5,6,9,15,23,37,49,60,71,85,97,129,162,205,248,310,403,485,607,732,955,1165,1407,1690,2041,2397,2770,3043,3232,3209,3146,3018,2859,2777,2668,2546,2501,2426,2209,1932,1666,1439,1299,1173,1056,928,857,776,752,739,745,748,780,817,820,846,894,895,924,895,876,857,842,808,794,814,788,772,793,749,773,745,742,775,776,762,760,758,725,693,649,622,610,623,628,635,663,701,694,700,685,709,717,736,784,787,787,755,758,748,761,764,824,913,999,1058,1122,1121,1180,1156,1196,1196,1202,1220,1247,1297,1312,1347,1307,1283,1182,1147,1128,1172,1146,1085,1056,1048,1030,1020,1077,1123,1180,1197,1254,1196,1209,1176,1105,1060,1062,1000,970,947,919,897,877,838,784,711,654,624,625,632,659,676,712,770,810,883,959,1047,1127,1157,1189,1249,1220,1223,1261,1305,1306,1309,1313,1328,1379,1419,1409,1420,1407,1388,1319,1350,1404,1476,1528,1619,1704,1767,1753,1760,1678,1578,1507,1473,1420,1412,
1,4,4,5,6,9,15,23,37,49,60,71,85,97,129,162,205,248,310,403,485,607,732,955,1165,1407,1690,2041,2397,2770,3043,3232,3209,3146,3018,2859,2777,2668,2546,2501,2426,2209,1932,1666,1439,1299,1173,1056,928,857,776,752,739,745,748,780,817,820,846,894,895,924,895,876,857,842,808,794,814,788,772,793,749,773,745,742,775,776,762,760,758,725,693,649,622,610,623,628,635,663,701,694,700,685,709,717,736,784,787,787,755,758,748,761,764,824,913,999,1058,1122,1121,1180,1156,1196,1196,1202,1220,1247,1297,1312,1347,1307,1283,1182,1147,1128,1172,1146,1085,1056,1048,1030,1020,1077,1123,1180,1197,1254,1196,1209,1176,1105,1060,1062,1000,970,947,919,897,877,838,784,711,654,624,625,632,659,676,712,770,810,883,959,1047,1127,1157,1189,1249,1220,1223,1261,1305,1306,1309,1313,1328,1379,1419,1409,1420,1407,1388,1319,1350,1404,1476,1528,1619,1704,1767,1753,1760,1678,1578,1507,1473,1420,1412,
1,4,4,5,6,9,15,23,37,49,60,71,85,97,129,162,205,248,310,403,485,607,732,955,1165,1407,1690,2041,2397,2770,3043,3232,3209,3146,3018,2859,2777,2668,2546,2501,2426,2209,1932,1666,1439,1299,1173,1056,928,857,776,752,739,745,748,780,817,820,846,894,895,924,895,876,857,842,808,794,814,788,772,793,749,773,745,742,775,776,762,760,758,725,693,649,622,610,623,628,635,663,701,694,700,685,709,717,736,784,787,787,755,758,748,761,764,824,913,999,1058,1122,1121,1180,1156,1196,1196,1202,1220,1247,1297,1312,1347,1307,1283,1182,1147,1128,1172,1146,1085,1056,1048,1030,1020,1077,1123,1180,1197,1254,1196,1209,1176,1105,1060,1062,1000,970,947,919,897,877,838,784,711,654,624,625,632,659,676,712,770,810,883,959,1047,1127,1157,1189,1249,1220,1223,1261,1305,1306,1309,1313,1328,1379,1419,1409,1420,1407,1388,1319,1350,1404,1476,1528,1619,1704,1767,1753,1760,1678,1578,1507,1473,1420,1412,
1,4,4,5,6,9,15,23,37,49,60,71,85,97,129,162,205,248,310,403,485,607,732,955,1165,1407,1690,2041,2397,2770,3043,3232,3209,3146,3018,2859,2777,2668,2546,2501,2426,2209,1932,1666,1439,1299,1173,1056,928,857,776,752,739,745,748,780,817,820,846,894,895,924,895,876,857,842,808,794,814,788,772,793,749,773,745,742,775,776,762,760,758,725,693,649,622,610,623,628,635,663,701,694,700,685,709,717,736,784,787,787,755,758,748,761,764,824,913,999,1058,1122,1121,1180,1156,1196,1196,1202,1220,1247,1297,1312,1347,1307,1283,1182,1147,1128,1172,1146,1085,1056,1048,1030,1020,1077,1123,1180,1197,1254,1196,1209,1176,1105,1060,1062,1000,970,947,919,897,877,838,784,711,654,624,625,632,659,676,712,770,810,883,959,1047,1127,1157,1189,1249,1220,1223,1261,1305,1306,1309,1313,1328,1379,1419,1409,1420,1407,1388,1319,1350,1404,1476,1528,1619,1704,1767,1753,1760,1678,1578,1507,1473,1420,1412,
1,4,4,5,6,9,15,23,37,49,60,71,85,97,129,162,205,248,310,403,485,607,732,955,1165,1407,1690,2041,2397,2770,3043,3232,3209,3146,3018,2859,2777,2668,2546,2501,2426,2209,1932,1666,1439,1299,1173,1056,928,857,776,752,739,745,748,780,817,820,846,894,895,924,895,876,857,842,808,794,814,788,772,793,749,773,745,742,775,776,762,760,758,725,693,649,622,610,623,628,635,663,701,694,700,685,709,717,736,784,787,787,755,758,748,761,764,824,913,999,1058,1122,1121,1180,1156,1196,1196,1202,1220,1247,1297,1312,1347,1307,1283,1182,1147,1128,1172,1146,1085,1056,1048,1030,1020,1077,1123,1180,1197,1254,1196,1209,1176,1105,1060,1062,1000,970,947,919,897,877,838,784,711,654,624,625,632,659,676,712,770,810,883,959,1047,1127,1157,1189,1249,1220,1223,1261,1305,1306,1309,1313,1328,1379,1419,1409,1420,1407,1388,1319,1350,1404,1476,1528,1619,1704,1767,1753,1760,1678,1578,1507,1473,1420,1412,
1,4,4,5,6,9,15,23,37,49,60,71,85,97,129,162,205,248,310,403,485,607,732,955,1165,1407,1690,2041,2397,2770,3043,3232,3209,3146,3018,2859,2777,2668,2546,2501,2426,2209,1932,1666,1439,1299,1173,1056,928,857,776,752,739,745,748,780,817,820,846,894,895,924,895,876,857,842,808,794,814,788,772,793,749,773,745,742,775,776,762,760,758,725,693,649,622,610,623,628,635,663,701,694,700,685,709,717,736,784,787,787,755,758,748,761,764,824,913,999,1058,1122,1121,1180,1156,1196,1196,1202,1220,1247,1297,1312,1347,1307,1283,1182,1147,1128,1172,1146,1085,1056,1048,1030,1020,1077,1123,1180,1197,1254,1196,1209,1176,1105,1060,1062,1000,970,947,919,897,877,838,784,711,654,624,625,632,659,676,712,770,810,883,959,1047,1127,1157,1189,1249,1220,1223,1261,1305,1306,1309,1313,1328,1379,1419,1409,1420,1407,1388,1319,1350,1404,1476,1528,1619,1704,1767,1753,1760,1678,1578,1507,1473,1420,1412,
1,4,4,5,6,9,15,23,37,49,60,71,85,97,129,162,205,248,310,403,485,607,732,955,1165,1407,1690,2041,2397,2770,3043,3232,3209,3146,3018,2859,2777,2668,2546,2501,2426,2209,1932,1666,1439,1299,1173,1056,928,857,776,752,739,745,748,780,817,820,846,894,895,924,895,876,857,842,808,794,814,788,772,793,749,773,745,742,775,776,762,760,758,725,693,649,622,610,623,628,635,663,701,694,700,685,709,717,736,784,787,787,755,758,748,761,764,824,913,999,1058,1122,1121,1180,1156,1196,1196,1202,1220,1247,1297,1312,1347,1307,1283,1182,1147,1128,1172,1146,1085,1056,1048,1030,1020,1077,1123,1180,1197,1254,1196,1209,1176,1105,1060,1062,1000,970,947,919,897,877,838,784,711,654,624,625,632,659,676,712,770,810,883,959,1047,1127,1157,1189,1249,1220,1223,1261,1305,1306,1309,1313,1328,1379,1419,1409,1420,1407,1388,1319,1350,1404,1476,1528,1619,1704,1767,1753,1760,1678,1578,1507,1473,1420,1412,
1,4,4,5,6,9,15,23,37,49,60,71,85,97,129,162,205,248,310,403,485,607,732,955,1165,1407,1690,2041,2397,2770,3043,3232,3209,3146,3018,2859,2777,2668,2546,2501,2426,2209,1932,1666,1439,1299,1173,1056,928,857,776,752,739,745,748,780,817,820,846,894,895,924,895,876,857,842,808,794,814,788,772,793,749,773,745,742,775,776,762,760,758,725,693,649,622,610,623,628,635,663,701,694,700,685,709,717,736,784,787,787,755,758,748,761,764,824,913,999,1058,1122,1121,1180,1156,1196,1196,1202,1220,1247,1297,1312,1347,1307,1283,1182,1147,1128,1172,1146,1085,1056,1048,1030,1020,1077,1123,1180,1197,1254,1196,1209,1176,1105,1060,1062,1000,970,947,919,897,877,838,784,711,654,624,625,632,659,676,712,770,810,883,959,1047,1127,1157,1189,1249,1220,1223,1261,1305,1306,1309,1313,1328,1379,1419,1409,1420,1407,1388,1319,1350,1404,1476,1528,1619,1704,1767,1753,1760,1678,1578,1507,1473,1420,1412,
1,4,4,5,6,9,15,23,37,49,60,71,85,97,129,162,205,248,310,403,485,607,732,955,1165,1407,1690,2041,2397,2770,3043,3232,3209,3146,3018,2859,2777,2668,2546,2501,2426,2209,1932,1666,1439,1299,1173,1056,928,857,776,752,739,745,748,780,817,820,846,894,895,924,895,876,857,842,808,794,814,788,772,793,749,773,745,742,775,776,762,760,758,725,693,649,622,610,623,628,635,663,701,694,700,685,709,717,736,784,787,787,755,758,748,761,764,824,913,999,1058,1122,1121,1180,1156,1196,1196,1202,1220,1247,1297,1312,1347,1307,1283,1182,1147,1128,1172,1146,1085,1056,1048,1030,1020,1077,1123,1180,1197,1254,1196,1209,1176,1105,1060,1062,1000,970,947,919,897,877,838,784,711,654,624,625,632,659,676,712,770,810,883,959,1047,1127,1157,1189,1249,1220,1223,1261,1305,1306,1309,1313,1328,1379,1419,1409,1420,1407,1388,1319,1350,1404,1476,1528,1619,1704,1767,1753,1760,1678,1578,1507,1473,1420,1412,
1,3,4,6,9,12,16,22,37,49,54,63,75,81,101,135,174,223,282,351,434,536,676,854,1037,1230,1439,1647,1817,2011,2227,2446,2558,2570,2559,2529,2466,2385,2325,2216,2120,1938,1829,1719,1575,1500,1442,1316,1184,1168,1109,1050,984,941,867,853,856,854,798,752,697,649,604,581,544,556,605,642,659,661,711,770,796,799,802,795,793,826,803,789,781,784,793,812,807,812,799,796,804,808,828,835,846,909,933,1010,983,1005,1044,1063,1020,944,891,875,826,834,819,821,789,807,794,812,854,893,947,1068,1071,1022,968,919,870,820,794,826,843,933,981,1049,1104,1203,1303,1333,1394,1444,1481,1447,1440,1386,1371,1366,1303,1276,1286,1311,1275,1295,1196,1161,1117,1050,1039,974,942,868,820,775,766,759,809,814,841,859,890,942,973,1021,1031,1035,1017,973,966,999,1049,1036,994,945,928,934,962,954,986,1016,1049,1048,1041,1028,1054,1128,1181,1223,1227,1221,1275,1365,1473,1647,1810,1956,2182,
1,3,4,6,9,12,16,22,37,49,54,63,75,81,101,135,174,223,282,351,434,536,676,854,1037,1230,1439,1647,1817,2011,2227,2446,2558,2570,2559,2529,2466,2385,2325,2216,2120,1938,1829,1719,1575,1500,1442,1316,1184,1168,1109,1050,984,941,867,853,856,854,798,752,697,649,604,581,544,556,605,642,659,661,711,770,796,799,802,795,793,826,803,789,781,784,793,812,807,812,799,796,804,808,828,835,846,909,933,1010,983,1005,1044,1063,1020,944,891,875,826,834,819,821,789,807,794,812,854,893,947,1068,1071,1022,968,919,870,820,794,826,843,933,981,1049,1104,1203,1303,1333,1394,1444,1481,1447,1440,1386,1371,1366,1303,1276,1286,1311,1275,1295,1196,1161,1117,1050,1039,974,942,868,820,775,766,759,809,814,841,859,890,942,973,1021,1031,1035,1017,973,966,999,1049,1036,994,945,928,934,962,954,986,1016,1049,1048,1041,1028,1054,1128,1181,1223,1227,1221,1275,1365,1473,1647,1810,1956,2182,
1,3,4,6,9,12,16,22,37,49,54,63,75,81,101,135,174,223,282,351,434,536,676,854,1037,1230,1439,1647,1817,2011,2227,2446,2558,2570,2559,2529,2466,2385,2325,2216,2120,1938,1829,1719,1575,1500,1442,1316,1184,1168,1109,1050,984,941,867,853,856,854,798,752,697,649,604,581,544,556,605,642,659,661,711,770,796,799,802,795,793,826,803,789,781,784,793,812,807,812,799,796,804,808,828,835,846,909,933,1010,983,1005,1044,1063,1020,944,891,875,826,834,819,821,789,807,794,812,854,893,947,1068,1071,1022,968,919,870,820,794,826,843,933,981,1049,1104,1203,1303,1333,1394,1444,1481,1447,1440,1386,1371,1366,1303,1276,1286,1311,1275,1295,1196,1161,1117,1050,1039,974,942,868,820,775,766,759,809,814,841,859,890,942,973,1021,1031,1035,1017,973,966,999,1049,1036,994,945,928,934,962,954,986,1016,1049,1048,1041,1028,1054,1128,1181,1223,1227,1221,1275,1365,1473,1647,1810,1956,2182,
1,3,6,5,8,10,11,17,30,36,43,57,63,83,118,142,182,229,277,338,428,546,711,910,1089,1276,1486,1729,1931,2113,2306,2509,2707,2858,3092,3171,3241,3278,3325,3404,3303,3053,2774,2461,2223,1936,1664,1450,1298,1184,1042,958,918,887,866,822,828,789,748,752,740,753,805,797,788,810,810,789,751,732,707,681,685,670,632,638,652,663,670,670,684,703,718,736,793,866,890,987,1067,1138,1172,1239,1250,1218,1197,1144,1097,1033,1019,974,955,939,935,957,968,968,993,965,908,914,920,957,982,976,999,1058,1104,1109,1091,1164,1185,1146,1163,1238,1273,1338,1360,1367,1364,1373,1395,1396,1402,1461,1482,1575,1582,1577,1616,1674,1704,1687,1629,1527,1393,1340,1276,1266,1223,1224,1212,1218,1172,1123,1066,1028,949,883,857,836,847,873,912,963,1002,1019,984,955,963,948,941,893,871,883,863,896,948,972,1087,1187,1266,1358,1476,1527,1589,1639,1691,1773,1821,1909,1925,1961,2124,2174,2325,2570,2820,3187,3702,
1,3,6,5,8,10,11,17,30,36,43,57,63,83,118,142,182,229,277,338,428,546,711,910,1089,1276,1486,1729,1931,2113,2306,2509,2707,2858,3092,3171,3241,3278,3325,3404,3303,3053,2774,2461,2223,1936,1664,1450,1298,1184,1042,958,918,887,866,822,828,789,748,752,740,753,805,797,788,810,810,789,751,732,707,681,685,670,632,638,652,663,670,670,684,703,718,736,793,866,890,987,1067,1138,1172,1239,1250,1218,1197,1144,1097,1033,1019,974,955,939,935,957,968,968,993,965,908,914,920,957,982,976,999,1058,1104,1109,1091,1164,1185,1146,1163,1238,1273,1338,1360,1367,1364,1373,1395,1396,1402,1461,1482,1575,1582,1577,1616,1674,1704,1687,1629,1527,1393,1340,1276,1266,1223,1224,1212,1218,1172,1123,1066,1028,949,883,857,836,847,873,912,963,1002,1019,984,955,963,948,941,893,871,883,863,896,948,972,1087,1187,1266,1358,1476,1527,1589,1639,1691,1773,1821,1909,1925,1961,2124,2174,2325,2570,2820,3187,3702,
1,3,4,4,6,10,21,31,44,48,57,73,89,118,161,196,249,274,348,446,544,643,769,991,1197,1376,1551,1715,1769,1862,1968,2115,2290,2458,2535,2552,2514,2354,2256,2059,1896,1745,1604,1462,1308,1169,1134,1058,1004,1013,1030,1033,1059,1088,1108,1139,1129,1137,1176,1164,1179,1222,1213,1107,994,929,883,823,774,741,726,702,677,643,644,629,611,606,632,687,721,774,756,747,735,722,733,687,689,687,694,682,669,693,770,846,911,972,1013,1056,1054,1097,1070,1063,1108,1146,1152,1136,1119,1137,1149,1189,1194,1196,1208,1244,1296,1222,1221,1179,1182,1180,1252,1267,1278,1302,1354,1361,1356,1309,1362,1487,1538,1526,1567,1535,1470,1454,1407,1364,1329,1263,1176,1109,1070,1054,985,921,876,866,853,873,891,902,901,910,944,940,909,933,938,902,888,886,921,929,930,925,884,901,925,987,965,1003,1040,1068,1099,1142,1129,1103,1196,1251,1348,1468,1604,1769,1908,2057,2203,2295,2423,2459,2463,2514,2537,2587,2517,2443,2432,
1,4,3,3,5,6,12,22,33,44,52,67,82,100,136,165,213,246,293,359,450,544,664,824,993,1194,1408,1657,1868,2140,2306,2520,2613,2707,2791,2712,2566,2471,2377,2139,2034,1948,1799,1670,1566,1353,1169,975,832,719,659,595,571,550,547,543,591,601,614,613,635,649,631,616,636,657,681,692,677,700,711,747,779,776,793,822,840,830,865,890,834,826,822,861,870,854,857,836,798,814,795,789,754,739,703,676,687,674,688,655,639,627,634,652,681,740,799,862,942,982,1077,1119,1178,1209,1226,1235,1266,1290,1286,1262,1213,1200,1185,1241,1272,1260,1234,1193,1139,1160,1113,1076,1096,1097,1108,1125,1129,1191,1177,1155,1136,1100,1036,976,896,846,810,736,729,716,684,670,690,684,684,699,686,683,699,734,787,833,880,919,940,1005,1047,1073,1085,1045,1058,1122,1106,1085,1064,1084,1081,1071,1097,1067,1112,1148,1183,1205,1247,1356,1465,1519,1600,1736,1864,1947,1988,2053,2068,2052,2034,2047,2001,
1,4,3,3,5,6,12,22,33,44,52,67,82,100,136,165,213,246,293,359,450,544,664,824,993,1194,1408,1657,1868,2140,2306,2520,2613,2707,2791,2712,2566,2471,2377,2139,2034,1948,1799,1670,1566,1353,1169,975,832,719,659,595,571,550,547,543,591,601,614,613,635,649,631,616,636,657,681,692,677,700,711,747,779,776,793,822,840,830,865,890,834,826,822,861,870,854,857,836,798,814,795,789,754,739,703,676,687,674,688,655,639,627,634,652,681,740,799,862,942,982,1077,1119,1178,1209,1226,1235,1266,1290,1286,1262,1213,1200,1185,1241,1272,1260,1234,1193,1139,1160,1113,1076,1096,1097,1108,1125,1129,1191,1177,1155,1136,1100,1036,976,896,846,810,736,729,716,684,670,690,684,684,699,686,683,699,734,787,833,880,919,940,1005,1047,1073,1085,1045,1058,1122,1106,1085,1064,1084,1081,1071,1097,1067,1112,1148,1183,1205,1247,1356,1465,1519,1600,1736,1864,1947,1988,2053,2068,2052,2034,2047,2001,
1,4,3,3,5,6,12,22,33,44,52,67,82,100,136,165,213,246,293,359,450,544,664,824,993,1194,1408,1657,1868,2140,2306,2520,2613,2707,2791,2712,2566,2471,2377,2139,2034,1948,1799,1670,1566,1353,1169,975,832,719,659,595,571,550,547,543,591,601,614,613,635,649,631,616,636,657,681,692,677,700,711,747,779,776,793,822,840,830,865,890,834,826,822,861,870,854,857,836,798,814,795,789,754,739,703,676,687,674,688,655,639,627,634,652,681,740,799,862,942,982,1077,1119,1178,1209,1226,1235,1266,1290,1286,1262,1213,1200,1185,1241,1272,1260,1234,1193,1139,1160,1113,1076,1096,1097,1108,1125,1129,1191,1177,1155,1136,1100,1036,976,896,846,810,736,729,716,684,670,690,684,684,699,686,683,699,734,787,833,880,919,940,1005,1047,1073,1085,1045,1058,1122,1106,1085,1064,1084,1081,1071,1097,1067,1112,1148,1183,1205,1247,1356,1465,1519,1600,1736,1864,1947,1988,2053,2068,2052,2034,2047,2001,
1,4,3,3,5,6,12,22,33,44,52,67,82,100,136,165,213,246,293,359,450,544,664,824,993,1194,1408,1657,1868,2140,2306,2520,2613,2707,2791,2712,2566,2471,2377,2139,2034,1948,1799,1670,1566,1353,1169,975,832,719,659,595,571,550,547,543,591,601,614,613,635,649,631,616,636,657,681,692,677,700,711,747,779,776,793,822,840,830,865,890,834,826,822,861,870,854,857,836,798,814,795,789,754,739,703,676,687,674,688,655,639,627,634,652,681,740,799,862,942,982,1077,1119,1178,1209,1226,1235,1266,1290,1286,1262,1213,1200,1185,1241,1272,1260,1234,1193,1139,1160,1113,1076,1096,1097,1108,1125,1129,1191,1177,1155,1136,1100,1036,976,896,846,810,736,729,716,684,670,690,684,684,699,686,683,699,734,787,833,880,919,940,1005,1047,1073,1085,1045,1058,1122,1106,1085,1064,1084,1081,1071,1097,1067,1112,1148,1183,1205,1247,1356,1465,1519,1600,1736,1864,1947,1988,2053,2068,2052,2034,2047,2001,
1,4,3,3,5,6,12,22,33,44,52,67,82,100,136,165,213,246,293,359,450,544,664,824,993,1194,1408,1657,1868,2140,2306,2520,2613,2707,2791,2712,2566,2471,2377,2139,2034,1948,1799,1670,1566,1353,1169,975,832,719,659,595,571,550,547,543,591,601,614,613,635,649,631,616,636,657,681,692,677,700,711,747,779,776,793,822,840,830,865,890,834,826,822,861,870,854,857,836,798,814,795,789,754,739,703,676,687,674,688,655,639,627,634,652,681,740,799,862,942,982,1077,1119,1178,1209,1226,1235,1266,1290,1286,1262,1213,1200,1185,1241,1272,1260,1234,1193,1139,1160,1113,1076,1096,1097,1108,1125,1129,1191,1177,1155,1136,1100,1036,976,896,846,810,736,729,716,684,670,690,684,684,699,686,683,699,734,787,833,880,919,940,1005,1047,1073,1085,1045,1058,1122,1106,1085,1064,1084,1081,1071,1097,1067,1112,1148,1183,1205,1247,1356,1465,1519,1600,1736,1864,1947,1988,2053,2068,2052,2034,2047,2001,
1,4,3,3,5,6,12,22,33,44,52,67,82,100,136,165,213,246,293,359,450,544,664,824,993,1194,1408,1657,1868,2140,2306,2520,2613,2707,2791,2712,2566,2471,2377,2139,2034,1948,1799,1670,1566,1353,1169,975,832,719,659,595,571,550,547,543,591,601,614,613,635,649,631,616,636,657,681,692,677,700,711,747,779,776,793,822,840,830,865,890,834,826,822,861,870,854,857,836,798,814,795,789,754,739,703,676,687,674,688,655,639,627,634,652,681,740,799,862,942,982,1077,1119,1178,1209,1226,1235,1266,1290,1286,1262,1213,1200,1185,1241,1272,1260,1234,1193,1139,1160,1113,1076,1096,1097,1108,1125,1129,1191,1177,1155,1136,1100,1036,976,896,846,810,736,729,716,684,670,690,684,684,699,686,683,699,734,787,833,880,919,940,1005,1047,1073,1085,1045,1058,1122,1106,1085,1064,1084,1081,1071,1097,1067,1112,1148,1183,1205,1247,1356,1465,1519,1600,1736,1864,1947,1988,2053,2068,2052,2034,2047,2001,
1,3,6,5,6,9,11,17,29,34,40,45,60,81,113,161,212,297,386,528,691,835,1037,1233,1500,1749,2019,2235,2537,2799,2869,2981,3067,3257,3327,3260,3126,2887,2587,2297,2115,1898,1757,1613,1474,1364,1244,1115,1011,961,927,909,885,829,799,759,773,770,730,698,668,689,677,666,714,735,765,781,796,826,826,834,861,906,958,944,999,1072,1061,1072,1092,1041,992,956,950,960,901,864,831,793,783,807,820,802,782,765,759,768,750,780,787,777,803,803,826,889,904,919,930,897,870,868,866,907,894,880,921,980,1091,1215,1304,1433,1565,1661,1719,1792,1927,1970,1947,2038,2135,2200,2299,2369,2431,2441,2408,2288,2164,1996,1901,1825,1745,1648,1561,1484,1386,1323,1304,1251,1146,1068,1017,1006,1015,1010,1050,1041,1056,1043,1103,1206,1309,1383,1457,1534,1480,1457,1433,1402,1385,1391,1397,1395,1351,1286,1268,1229,1190,1138,1145,1210,1228,1328,1405,1497,1622,1665,1745,1743,1805,1822,1812,1784,1806,1884,2064,2220,2419,
1,3,6,5,6,9,11,17,29,34,40,45,60,81,113,161,212,297,386,528,691,835,1037,1233,1500,1749,2019,2235,2537,2799,2869,2981,3067,3257,3327,3260,3126,2887,2587,2297,2115,1898,1757,1613,1474,1364,1244,1115,1011,961,927,909,885,829,799,759,773,770,730,698,668,689,677,666,714,735,765,781,796,826,826,834,861,906,958,944,999,1072,1061,1072,1092,1041,992,956,950,960,901,864,831,793,783,807,820,802,782,765,759,768,750,780,787,777,803,803,826,889,904,919,930,897,870,868,866,907,894,880,921,980,1091,1215,1304,1433,1565,1661,1719,1792,1927,1970,1947,2038,2135,2200,2299,2369,2431,2441,2408,2288,2164,1996,1901,1825,1745,1648,1561,1484,1386,1323,1304,1251,1146,1068,1017,1006,1015,1010,1050,1041,1056,1043,1103,1206,1309,1383,1457,1534,1480,1457,1433,1402,1385,1391,1397,1395,1351,1286,1268,1229,1190,1138,1145,1210,1228,1328,1405,1497,1622,1665,1745,1743,1805,1822,1812,1784,1806,1884,2064,2220,2419,
1,3,6,5,6,9,11,17,29,34,40,45,60,81,113,161,212,297,386,528,691,835,1037,1233,1500,1749,2019,2235,2537,2799,2869,2981,3067,3257,3327,3260,3126,2887,2587,2297,2115,1898,1757,1613,1474,1364,1244,1115,1011,961,927,909,885,829,799,759,773,770,730,698,668,689,677,666,714,735,765,781,796,826,826,834,861,906,958,944,999,1072,1061,1072,1092,1041,992,956,950,960,901,864,831,793,783,807,820,802,782,765,759,768,750,780,787,777,803,803,826,889,904,919,930,897,870,868,866,907,894,880,921,980,1091,1215,1304,1433,1565,1661,1719,1792,1927,1970,1947,2038,2135,2200,2299,2369,2431,2441,2408,2288,2164,1996,1901,1825,1745,1648,1561,1484,1386,1323,1304,1251,1146,1068,1017,1006,1015,1010,1050,1041,1056,1043,1103,1206,1309,1383,1457,1534,1480,1457,1433,1402,1385,1391,1397,1395,1351,1286,1268,1229,1190,1138,1145,1210,1228,1328,1405,1497,1622,1665,1745,1743,1805,1822,1812,1784,1806,1884,2064,2220,2419,
1,3,6,5,6,9,11,17,29,34,40,45,60,81,113,161,212,297,386,528,691,835,1037,1233,1500,1749,2019,2235,2537,2799,2869,2981,3067,3257,3327,3260,3126,2887,2587,2297,2115,1898,1757,1613,1474,1364,1244,1115,1011,961,927,909,885,829,799,759,773,770,730,698,668,689,677,666,714,735,765,781,796,826,826,834,861,906,958,944,999,1072,1061,1072,1092,1041,992,956,950,960,901,864,831,793,783,807,820,802,782,765,759,768,750,780,787,777,803,803,826,889,904,919,930,897,870,868,866,907,894,880,921,980,1091,1215,1304,1433,1565,1661,1719,1792,1927,1970,1947,2038,2135,2200,2299,2369,2431,2441,2408,2288,2164,1996,1901,1825,1745,1648,1561,1484,1386,1323,1304,1251,1146,1068,1017,1006,1015,1010,1050,1041,1056,1043,1103,1206,1309,1383,1457,1534,1480,1457,1433,1402,1385,1391,1397,1395,1351,1286,1268,1229,1190,1138,1145,1210,1228,1328,1405,1497,1622,1665,1745,1743,1805,1822,1812,1784,1806,1884,2064,2220,2419,
1,3,6,5,6,9,11,17,29,34,40,45,60,81,113,161,212,297,386,528,691,835,1037,1233,1500,1749,2019,2235,2537,2799,2869,2981,3067,3257,3327,3260,3126,2887,2587,2297,2115,1898,1757,1613,1474,1364,1244,1115,1011,961,927,909,885,829,799,759,773,770,730,698,668,689,677,666,714,735,765,781,796,826,826,834,861,906,958,944,999,1072,1061,1072,1092,1041,992,956,950,960,901,864,831,793,783,807,820,802,782,765,759,768,750,780,787,777,803,803,826,889,904,919,930,897,870,868,866,907,894,880,921,980,1091,1215,1304,1433,1565,1661,1719,1792,1927,1970,1947,2038,2135,2200,2299,2369,2431,2441,2408,2288,2164,1996,1901,1825,1745,1648,1561,1484,1386,1323,1304,1251,1146,1068,1017,1006,1015,1010,1050,1041,1056,1043,1103,1206,1309,1383,1457,1534,1480,1457,1433,1402,1385,1391,1397,1395,1351,1286,1268,1229,1190,1138,1145,1210,1228,1328,1405,1497,1622,1665,1745,1743,1805,1822,1812,1784,1806,1884,2064,2220,2419,
1,3,6,5,6,9,11,17,29,34,40,45,60,81,113,161,212,297,386,528,691,835,1037,1233,1500,1749,2019,2235,2537,2799,2869,2981,3067,3257,3327,3260,3126,2887,2587,2297,2115,1898,1757,1613,1474,1364,1244,1115,1011,961,927,909,885,829,799,759,773,770,730,698,668,689,677,666,714,735,765,781,796,826,826,834,861,906,958,944,999,1072,1061,1072,1092,1041,992,956,950,960,901,864,831,793,783,807,820,802,782,765,759,768,750,780,787,777,803,803,826,889,904,919,930,897,870,868,866,907,894,880,921,980,1091,1215,1304,1433,1565,1661,1719,1792,1927,1970,1947,2038,2135,2200,2299,2369,2431,2441,2408,2288,2164,1996,1901,1825,1745,1648,1561,1484,1386,1323,1304,1251,1146,1068,1017,1006,1015,1010,1050,1041,1056,1043,1103,1206,1309,1383,1457,1534,1480,1457,1433,1402,1385,1391,1397,1395,1351,1286,1268,1229,1190,1138,1145,1210,1228,1328,1405,1497,1622,1665,1745,1743,1805,1822,1812,1784,1806,1884,2064,2220,2419,
1,3,6,5,6,9,11,17,29,34,40,45,60,81,113,161,212,297,386,528,691,835,1037,1233,1500,1749,2019,2235,2537,2799,2869,2981,3067,3257,3327,3260,3126,2887,2587,2297,2115,1898,1757,1613,1474,1364,1244,1115,1011,961,927,909,885,829,799,759,773,770,730,698,668,689,677,666,714,735,765,781,796,826,826,834,861,906,958,944,999,1072,1061,1072,1092,1041,992,956,950,960,901,864,831,793,783,807,820,802,782,765,759,768,750,780,787,777,803,803,826,889,904,919,930,897,870,868,866,907,894,880,921,980,1091,1215,1304,1433,1565,1661,1719,1792,1927,1970,1947,2038,2135,2200,2299,2369,2431,2441,2408,2288,2164,1996,1901,1825,1745,1648,1561,1484,1386,1323,1304,1251,1146,1068,1017,1006,1015,1010,1050,1041,1056,1043,1103,1206,1309,1383,1457,1534,1480,1457,1433,1402,1385,1391,1397,1395,1351,1286,1268,1229,1190,1138,1145,1210,1228,1328,1405,1497,1622,1665,1745,1743,1805,1822,1812,1784,1806,1884,2064,2220,2419,
1,3,6,5,6,9,11,17,29,34,40,45,60,81,113,161,212,297,386,528,691,835,1037,1233,1500,1749,2019,2235,2537,2799,2869,2981,3067,3257,3327,3260,3126,2887,2587,2297,2115,1898,1757,1613,1474,1364,1244,1115,1011,961,927,909,885,829,799,759,773,770,730,698,668,689,677,666,714,735,765,781,796,826,826,834,861,906,958,944,999,1072,1061,1072,1092,1041,992,956,950,960,901,864,831,793,783,807,820,802,782,765,759,768,750,780,787,777,803,803,826,889,904,919,930,897,870,868,866,907,894,880,921,980,1091,1215,1304,1433,1565,1661,1719,1792,1927,1970,1947,2038,2135,2200,2299,2369,2431,2441,2408,2288,2164,1996,1901,1825,1745,1648,1561,1484,1386,1323,1304,1251,1146,1068,1017,1006,1015,1010,1050,1041,1056,1043,1103,1206,1309,1383,1457,1534,1480,1457,1433,1402,1385,1391,1397,1395,1351,1286,1268,1229,1190,1138,1145,1210,1228,1328,1405,1497,1622,1665,1745,1743,1805,1822,1812,1784,1806,1884,2064,2220,2419,
1,4,7,9,6,9,13,19,32,33,40,53,70,74,101,141,182,234,287,362,445,539,680,841,1082,1352,1618,1864,2188,2497,2981,3278,3536,3686,3800,3754,3642,3422,3231,3032,2777,2499,2171,1850,1610,1422,1259,1117,996,962,871,815,738,678,671,653,656,628,616,599,589,578,600,596,605,603,627,625,604,582,566,543,536,545,535,566,610,614,642,679,709,686,677,685,745,792,882,901,951,978,1007,1019,1040,1038,1019,1024,977,957,909,850,796,762,754,792,852,884,949,947,951,990,990,984,965,950,955,957,953,964,966,974,926,914,924,903,857,850,884,920,959,965,1040,1072,1067,1041,1000,971,917,947,970,949,938,914,907,865,806,767,733,719,688,674,650,636,624,595,590,589,600,586,620,678,702,722,740,765,798,841,849,883,915,1001,1132,1180,1265,1312,1346,1354,1366,1365,1382,1377,1404,1445,1539,1616,1568,1607,1647,1688,1799,1942,2099,2149,2109,2142,2183,2246,2338,2439,2506,
1,4,5,5,9,13,17,28,40,46,47,51,70,78,101,147,192,279,358,449,528,617,736,875,1064,1251,1430,1601,1913,2172,2359,2575,2680,2885,3036,3054,2971,2746,2541,2287,2010,1805,1656,1436,1287,1148,1069,1018,975,962,978,1018,996,960,878,806,771,748,766,804,821,827,817,835,840,780,748,739,732,700,712,714,745,768,769,759,732,726,733,723,711,687,662,668,652,652,639,629,640,634,652,675,661,651,652,677,677,685,683,687,667,649,670,678,682,724,731,777,802,875,876,910,930,944,1013,1034,1044,1085,1108,1128,1086,1105,1137,1141,1171,1277,1365,1400,1390,1355,1366,1307,1289,1149,1085,1042,977,904,852,827,820,822,814,806,787,770,745,725,705,705,703,727,701,652,627,605,598,582,605,686,752,835,935,1016,1056,1182,1261,1322,1334,1356,1313,1276,1264,1238,1213,1188,1207,1194,1181,1160,1141,1144,1159,1217,1247,1298,1363,1388,1398,1418,1378,1374,1412,1343,1245,1186,1201,1217,1223,
1,4,5,5,9,13,17,28,40,46,47,51,70,78,101,147,192,279,358,449,528,617,736,875,1064,1251,1430,1601,1913,2172,2359,2575,2680,2885,3036,3054,2971,2746,2541,2287,2010,1805,1656,1436,1287,1148,1069,1018,975,962,978,1018,996,960,878,806,771,748,766,804,821,827,817,835,840,780,748,739,732,700,712,714,745,768,769,759,732,726,733,723,711,687,662,668,652,652,639,629,640,634,652,675,661,651,652,677,677,685,683,687,667,649,670,678,682,724,731,777,802,875,876,910,930,944,1013,1034,1044,1085,1108,1128,1086,1105,1137,1141,1171,1277,1365,1400,1390,1355,1366,1307,1289,1149,1085,1042,977,904,852,827,820,822,814,806,787,770,745,725,705,705,703,727,701,652,627,605,598,582,605,686,752,835,935,1016,1056,1182,1261,1322,1334,1356,1313,1276,1264,1238,1213,1188,1207,1194,1181,1160,1141,1144,1159,1217,1247,1298,1363,1388,1398,1418,1378,1374,1412,1343,1245,1186,1201,1217,1223,
1,4,5,5,9,13,17,28,40,46,47,51,70,78,101,147,192,279,358,449,528,617,736,875,1064,1251,1430,1601,1913,2172,2359,2575,2680,2885,3036,3054,2971,2746,2541,2287,2010,1805,1656,1436,1287,1148,1069,1018,975,962,978,1018,996,960,878,806,771,748,766,804,821,827,817,835,840,780,748,739,732,700,712,714,745,768,769,759,732,726,733,723,711,687,662,668,652,652,639,629,640,634,652,675,661,651,652,677,677,685,683,687,667,649,670,678,682,724,731,777,802,875,876,910,930,944,1013,1034,1044,1085,1108,1128,1086,1105,1137,1141,1171,1277,1365,1400,1390,1355,1366,1307,1289,1149,1085,1042,977,904,852,827,820,822,814,806,787,770,745,725,705,705,703,727,701,652,627,605,598,582,605,686,752,835,935,1016,1056,1182,1261,1322,1334,1356,1313,1276,1264,1238,1213,1188,1207,1194,1181,1160,1141,1144,1159,1217,1247,1298,1363,1388,1398,1418,1378,1374,1412,1343,1245,1186,1201,1217,1223,
1,3,5,6,8,6,11,22,37,46,61,71,73,85,114,138,182,238,313,405,499,592,704,844,979,1111,1190,1287,1460,1553,1789,1989,2115,2115,2018,1943,1887,1835,1688,1495,1360,1304,1263,1177,1093,1002,931,902,835,830,816,797,808,779,732,698,648,625,597,565,573,584,612,622,612,605,577,555,559,574,605,605,666,683,699,685,686,705,750,837,857,855,853,853,863,866,854,823,853,847,871,894,901,920,957,1003,952,938,883,840,831,839,830,808,796,737,718,728,785,799,800,805,860,927,970,1011,1065,1020,1031,1019,1016,962,936,968,968,988,974,969,1030,1080,1102,1111,1125,1124,1163,1193,1223,1263,1311,1342,1401,1419,1464,1457,1472,1422,1328,1240,1206,1152,1079,1052,1006,927,837,789,761,763,776,826,928,979,956,893,891,901,889,905,889,894,905,943,940,955,1036,1104,1203,1267,1329,1451,1547,1667,1705,1901,2079,2133,2198,2194,2242,2270,2332,2396,2451,2507,2440,2375,2141,2041,1959,
1,3,5,6,8,6,11,22,37,46,61,71,73,85,114,138,182,238,313,405,499,592,704,844,979,1111,1190,1287,1460,1553,1789,1989,2115,2115,2018,1943,1887,1835,1688,1495,1360,1304,1263,1177,1093,1002,931,902,835,830,816,797,808,779,732,698,648,625,597,565,573,584,612,622,612,605,577,555,559,574,605,605,666,683,699,685,686,705,750,837,857,855,853,853,863,866,854,823,853,847,871,894,901,920,957,1003,952,938,883,840,831,839,830,808,796,737,718,728,785,799,800,805,860,927,970,1011,1065,1020,1031,1019,1016,962,936,968,968,988,974,969,1030,1080,1102,1111,1125,1124,1163,1193,1223,1263,1311,1342,1401,1419,1464,1457,1472,1422,1328,1240,1206,1152,1079,1052,1006,927,837,789,761,763,776,826,928,979,956,893,891,901,889,905,889,894,905,943,940,955,1036,1104,1203,1267,1329,1451,1547,1667,1705,1901,2079,2133,2198,2194,2242,2270,2332,2396,2451,2507,2440,2375,2141,2041,1959,
1,3,5,6,8,6,11,22,37,46,61,71,73,85,114,138,182,238,313,405,499,592,704,844,979,1111,1190,1287,1460,1553,1789,1989,2115,2115,2018,1943,1887,1835,1688,1495,1360,1304,1263,1177,1093,1002,931,902,835,830,816,797,808,779,732,698,648,625,597,565,573,584,612,622,612,605,577,555,559,574,605,605,666,683,699,685,686,705,750,837,857,855,853,853,863,866,854,823,853,847,871,894,901,920,957,1003,952,938,883,840,831,839,830,808,796,737,718,728,785,799,800,805,860,927,970,1011,1065,1020,1031,1019,1016,962,936,968,968,988,974,969,1030,1080,1102,1111,1125,1124,1163,1193,1223,1263,1311,1342,1401,1419,1464,1457,1472,1422,1328,1240,1206,1152,1079,1052,1006,927,837,789,761,763,776,826,928,979,956,893,891,901,889,905,889,894,905,943,940,955,1036,1104,1203,1267,1329,1451,1547,1667,1705,1901,2079,2133,2198,2194,2242,2270,2332,2396,2451,2507,2440,2375,2141,2041,1959,
1,3,5,6,8,6,11,22,37,46,61,71,73,85,114,138,182,238,313,405,499,592,704,844,979,1111,1190,1287,1460,1553,1789,1989,2115,2115,2018,1943,1887,1835,1688,1495,1360,1304,1263,1177,1093,1002,931,902,835,830,816,797,808,779,732,698,648,625,597,565,573,584,612,622,612,605,577,555,559,574,605,605,666,683,699,685,686,705,750,837,857,855,853,853,863,866,854,823,853,847,871,894,901,920,957,1003,952,938,883,840,831,839,830,808,796,737,718,728,785,799,800,805,860,927,970,1011,1065,1020,1031,1019,1016,962,936,968,968,988,974,969,1030,1080,1102,1111,1125,1124,1163,1193,1223,1263,1311,1342,1401,1419,1464,1457,1472,1422,1328,1240,1206,1152,1079,1052,1006,927,837,789,761,763,776,826,928,979,956,893,891,901,889,905,889,894,905,943,940,955,1036,1104,1203,1267,1329,1451,1547,1667,1705,1901,2079,2133,2198,2194,2242,2270,2332,2396,2451,2507,2440,2375,2141,2041,1959,
1,3,5,6,8,6,11,22,37,46,61,71,73,85,114,138,182,238,313,405,499,592,704,844,979,1111,1190,1287,1460,1553,1789,1989,2115,2115,2018,1943,1887,1835,1688,1495,1360,1304,1263,1177,1093,1002,931,902,835,830,816,797,808,779,732,698,648,625,597,565,573,584,612,622,612,605,577,555,559,574,605,605,666,683,699,685,686,705,750,837,857,855,853,853,863,866,854,823,853,847,871,894,901,920,957,1003,952,938,883,840,831,839,830,808,796,737,718,728,785,799,800,805,860,927,970,1011,1065,1020,1031,1019,1016,962,936,968,968,988,974,969,1030,1080,1102,1111,1125,1124,1163,1193,1223,1263,1311,1342,1401,1419,1464,1457,1472,1422,1328,1240,1206,1152,1079,1052,1006,927,837,789,761,763,776,826,928,979,956,893,891,901,889,905,889,894,905,943,940,955,1036,1104,1203,1267,1329,1451,1547,1667,1705,1901,2079,2133,2198,2194,2242,2270,2332,2396,2451,2507,2440,2375,2141,2041,1959,
1,3,5,6,8,6,11,22,37,46,61,71,73,85,114,138,182,238,313,405,499,592,704,844,979,1111,1190,1287,1460,1553,1789,1989,2115,2115,2018,1943,1887,1835,1688,1495,1360,1304,1263,1177,1093,1002,931,902,835,830,816,797,808,779,732,698,648,625,597,565,573,584,612,622,612,605,577,555,559,574,605,605,666,683,699,685,686,705,750,837,857,855,853,853,863,866,854,823,853,847,871,894,901,920,957,1003,952,938,883,840,831,839,830,808,796,737,718,728,785,799,800,805,860,927,970,1011,1065,1020,1031,1019,1016,962,936,968,968,988,974,969,1030,1080,1102,1111,1125,1124,1163,1193,1223,1263,1311,1342,1401,1419,1464,1457,1472,1422,1328,1240,1206,1152,1079,1052,1006,927,837,789,761,763,776,826,928,979,956,893,891,901,889,905,889,894,905,943,940,955,1036,1104,1203,1267,1329,1451,1547,1667,1705,1901,2079,2133,2198,2194,2242,2270,2332,2396,2451,2507,2440,2375,2141,2041,1959,
1,3,5,6,8,6,11,22,37,46,61,71,73,85,114,138,182,238,313,405,499,592,704,844,979,1111,1190,1287,1460,1553,1789,1989,2115,2115,2018,1943,1887,1835,1688,1495,1360,1304,1263,1177,1093,1002,931,902,835,830,816,797,808,779,732,698,648,625,597,565,573,584,612,622,612,605,577,555,559,574,605,605,666,683,699,685,686,705,750,837,857,855,853,853,863,866,854,823,853,847,871,894,901,920,957,1003,952,938,883,840,831,839,830,808,796,737,718,728,785,799,800,805,860,927,970,1011,1065,1020,1031,1019,1016,962,936,968,968,988,974,969,1030,1080,1102,1111,1125,1124,1163,1193,1223,1263,1311,1342,1401,1419,1464,1457,1472,1422,1328,1240,1206,1152,1079,1052,1006,927,837,789,761,763,776,826,928,979,956,893,891,901,889,905,889,894,905,943,940,955,1036,1104,1203,1267,1329,1451,1547,1667,1705,1901,2079,2133,2198,2194,2242,2270,2332,2396,2451,2507,2440,2375,2141,2041,1959,
1,3,5,6,8,6,11,22,37,46,61,71,73,85,114,138,182,238,313,405,499,592,704,844,979,1111,1190,1287,1460,1553,1789,1989,2115,2115,2018,1943,1887,1835,1688,1495,1360,1304,1263,1177,1093,1002,931,902,835,830,816,797,808,779,732,698,648,625,597,565,573,584,612,622,612,605,577,555,559,574,605,605,666,683,699,685,686,705,750,837,857,855,853,853,863,866,854,823,853,847,871,894,901,920,957,1003,952,938,883,840,831,839,830,808,796,737,718,728,785,799,800,805,860,927,970,1011,1065,1020,1031,1019,1016,962,936,968,968,988,974,969,1030,1080,1102,1111,1125,1124,1163,1193,1223,1263,1311,1342,1401,1419,1464,1457,1472,1422,1328,1240,1206,1152,1079,1052,1006,927,837,789,761,763,776,826,928,979,956,893,891,901,889,905,889,894,905,943,940,955,1036,1104,1203,1267,1329,1451,1547,1667,1705,1901,2079,2133,2198,2194,2242,2270,2332,2396,2451,2507,2440,2375,2141,2041,1959,
1,3,5,6,8,6,11,22,37,46,61,71,73,85,114,138,182,238,313,405,499,592,704,844,979,1111,1190,1287,1460,1553,1789,1989,2115,2115,2018,1943,1887,1835,1688,1495,1360,1304,1263,1177,1093,1002,931,902,835,830,816,797,808,779,732,698,648,625,597,565,573,584,612,622,612,605,577,555,559,574,605,605,666,683,699,685,686,705,750,837,857,855,853,853,863,866,854,823,853,847,871,894,901,920,957,1003,952,938,883,840,831,839,830,808,796,737,718,728,785,799,800,805,860,927,970,1011,1065,1020,1031,1019,1016,962,936,968,968,988,974,969,1030,1080,1102,1111,1125,1124,1163,1193,1223,1263,1311,1342,1401,1419,1464,1457,1472,1422,1328,1240,1206,1152,1079,1052,1006,927,837,789,761,763,776,826,928,979,956,893,891,901,889,905,889,894,905,943,940,955,1036,1104,1203,1267,1329,1451,1547,1667,1705,1901,2079,2133,2198,2194,2242,2270,2332,2396,2451,2507,2440,2375,2141,2041,1959,
1,3,5,6,8,6,11,22,37,46,61,71,73,85,114,138,182,238,313,405,499,592,704,844,979,1111,1190,1287,1460,1553,1789,1989,2115,2115,2018,1943,1887,1835,1688,1495,1360,1304,1263,1177,1093,1002,931,902,835,830,816,797,808,779,732,698,648,625,597,565,573,584,612,622,612,605,577,555,559,574,605,605,666,683,699,685,686,705,750,837,857,855,853,853,863,866,854,823,853,847,871,894,901,920,957,1003,952,938,883,840,831,839,830,808,796,737,718,728,785,799,800,805,860,927,970,1011,1065,1020,1031,1019,1016,962,936,968,968,988,974,969,1030,1080,1102,1111,1125,1124,1163,1193,1223,1263,1311,1342,1401,1419,1464,1457,1472,1422,1328,1240,1206,1152,1079,1052,1006,927,837,789,761,763,776,826,928,979,956,893,891,901,889,905,889,894,905,943,940,955,1036,1104,1203,1267,1329,1451,1547,1667,1705,1901,2079,2133,2198,2194,2242,2270,2332,2396,2451,2507,2440,2375,2141,2041,1959,
1,3,5,6,8,6,11,22,37,46,61,71,73,85,114,138,182,238,313,405,499,592,704,844,979,1111,1190,1287,1460,1553,1789,1989,2115,2115,2018,1943,1887,1835,1688,1495,1360,1304,1263,1177,1093,1002,931,902,835,830,816,797,808,779,732,698,648,625,597,565,573,584,612,622,612,605,577,555,559,574,605,605,666,683,699,685,686,705,750,837,857,855,853,853,863,866,854,823,853,847,871,894,901,920,957,1003,952,938,883,840,831,839,830,808,796,737,718,728,785,799,800,805,860,927,970,1011,1065,1020,1031,1019,1016,962,936,968,968,988,974,969,1030,1080,1102,1111,1125,1124,1163,1193,1223,1263,1311,1342,1401,1419,1464,1457,1472,1422,1328,1240,1206,1152,1079,1052,1006,927,837,789,761,763,776,826,928,979,956,893,891,901,889,905,889,894,905,943,940,955,1036,1104,1203,1267,1329,1451,1547,1667,1705,1901,2079,2133,2198,2194,2242,2270,2332,2396,2451,2507,2440,2375,2141,2041,1959,
1,3,5,6,8,6,11,22,37,46,61,71,73,85,114,138,182,238,313,405,499,592,704,844,979,1111,1190,1287,1460,1553,1789,1989,2115,2115,2018,1943,1887,1835,1688,1495,1360,1304,1263,1177,1093,1002,931,902,835,830,816,797,808,779,732,698,648,625,597,565,573,584,612,622,612,605,577,555,559,574,605,605,666,683,699,685,686,705,750,837,857,855,853,853,863,866,854,823,853,847,871,894,901,920,957,1003,952,938,883,840,831,839,830,808,796,737,718,728,785,799,800,805,860,927,970,1011,1065,1020,1031,1019,1016,962,936,968,968,988,974,969,1030,1080,1102,1111,1125,1124,1163,1193,1223,1263,1311,1342,1401,1419,1464,1457,1472,1422,1328,1240,1206,1152,1079,1052,1006,927,837,789,761,763,776,826,928,979,956,893,891,901,889,905,889,894,905,943,940,955,1036,1104,1203,1267,1329,1451,1547,1667,1705,1901,2079,2133,2198,2194,2242,2270,2332,2396,2451,2507,2440,2375,2141,2041,1959,
1,3,5,6,8,6,11,22,37,46,61,71,73,85,114,138,182,238,313,405,499,592,704,844,979,1111,1190,1287,1460,1553,1789,1989,2115,2115,2018,1943,1887,1835,1688,1495,1360,1304,1263,1177,1093,1002,931,902,835,830,816,797,808,779,732,698,648,625,597,565,573,584,612,622,612,605,577,555,559,574,605,605,666,683,699,685,686,705,750,837,857,855,853,853,863,866,854,823,853,847,871,894,901,920,957,1003,952,938,883,840,831,839,830,808,796,737,718,728,785,799,800,805,860,927,970,1011,1065,1020,1031,1019,1016,962,936,968,968,988,974,969,1030,1080,1102,1111,1125,1124,1163,1193,1223,1263,1311,1342,1401,1419,1464,1457,1472,1422,1328,1240,1206,1152,1079,1052,1006,927,837,789,761,763,776,826,928,979,956,893,891,901,889,905,889,894,905,943,940,955,1036,1104,1203,1267,1329,1451,1547,1667,1705,1901,2079,2133,2198,2194,2242,2270,2332,2396,2451,2507,2440,2375,2141,2041,1959,
1,3,5,6,8,6,11,22,37,46,61,71,73,85,114,138,182,238,313,405,499,592,704,844,979,1111,1190,1287,1460,1553,1789,1989,2115,2115,2018,1943,1887,1835,1688,1495,1360,1304,1263,1177,1093,1002,931,902,835,830,816,797,808,779,732,698,648,625,597,565,573,584,612,622,612,605,577,555,559,574,605,605,666,683,699,685,686,705,750,837,857,855,853,853,863,866,854,823,853,847,871,894,901,920,957,1003,952,938,883,840,831,839,830,808,796,737,718,728,785,799,800,805,860,927,970,1011,1065,1020,1031,1019,1016,962,936,968,968,988,974,969,1030,1080,1102,1111,1125,1124,1163,1193,1223,1263,1311,1342,1401,1419,1464,1457,1472,1422,1328,1240,1206,1152,1079,1052,1006,927,837,789,761,763,776,826,928,979,956,893,891,901,889,905,889,894,905,943,940,955,1036,1104,1203,1267,1329,1451,1547,1667,1705,1901,2079,2133,2198,2194,2242,2270,2332,2396,2451,2507,2440,2375,2141,2041,1959,
1,5,7,6,8,10,15,22,28,38,47,65,75,83,120,161,195,242,311,400,490,582,690,820,1000,1149,1325,1494,1660,1794,2022,2172,2205,2245,2220,2168,1985,1872,1815,1750,1741,1745,1694,1527,1384,1237,1193,1051,959,880,820,780,770,725,703,683,643,638,613,615,600,590,573,557,544,535,560,570,579,586,596,609,651,688,717,771,855,913,949,1003,1089,1162,1182,1202,1204,1225,1194,1202,1166,1196,1202,1133,1093,1070,1046,1055,1095,1083,1078,997,931,871,808,813,815,820,837,830,786,769,744,757,743,751,748,760,751,737,792,868,948,1030,1145,1195,1274,1361,1414,1453,1538,1641,1734,1751,1781,1728,1727,1780,1759,1756,1667,1586,1531,1519,1524,1404,1346,1233,1170,1097,1011,918,866,811,771,745,707,676,647,628,583,594,584,591,599,626,634,655,667,666,672,651,639,661,669,717,725,778,777,827,844,962,985,1076,1153,1278,1374,1442,1502,1545,1619,1705,1746,1819,1848,1881,1946,2050,2193,2317,2539,
1,5,7,6,8,10,15,22,28,38,47,65,75,83,120,161,195,242,311,400,490,582,690,820,1000,1149,1325,1494,1660,1794,2022,2172,2205,2245,2220,2168,1985,1872,1815,1750,1741,1745,1694,1527,1384,1237,1193,1051,959,880,820,780,770,725,703,683,643,638,613,615,600,590,573,557,544,535,560,570,579,586,596,609,651,688,717,771,855,913,949,1003,1089,1162,1182,1202,1204,1225,1194,1202,1166,1196,1202,1133,1093,1070,1046,1055,1095,1083,1078,997,931,871,808,813,815,820,837,830,786,769,744,757,743,751,748,760,751,737,792,868,948,1030,1145,1195,1274,1361,1414,1453,1538,1641,1734,1751,1781,1728,1727,1780,1759,1756,1667,1586,1531,1519,1524,1404,1346,1233,1170,1097,1011,918,866,811,771,745,707,676,647,628,583,594,584,591,599,626,634,655,667,666,672,651,639,661,669,717,725,778,777,827,844,962,985,1076,1153,1278,1374,1442,1502,1545,1619,1705,1746,1819,1848,1881,1946,2050,2193,2317,2539,
1,5,7,6,8,10,15,22,28,38,47,65,75,83,120,161,195,242,311,400,490,582,690,820,1000,1149,1325,1494,1660,1794,2022,2172,2205,2245,2220,2168,1985,1872,1815,1750,1741,1745,1694,1527,1384,1237,1193,1051,959,880,820,780,770,725,703,683,643,638,613,615,600,590,573,557,544,535,560,570,579,586,596,609,651,688,717,771,855,913,949,1003,1089,1162,1182,1202,1204,1225,1194,1202,1166,1196,1202,1133,1093,1070,1046,1055,1095,1083,1078,997,931,871,808,813,815,820,837,830,786,769,744,757,743,751,748,760,751,737,792,868,948,1030,1145,1195,1274,1361,1414,1453,1538,1641,1734,1751,1781,1728,1727,1780,1759,1756,1667,1586,1531,1519,1524,1404,1346,1233,1170,1097,1011,918,866,811,771,745,707,676,647,628,583,594,584,591,599,626,634,655,667,666,672,651,639,661,669,717,725,778,777,827,844,962,985,1076,1153,1278,1374,1442,1502,1545,1619,1705,1746,1819,1848,1881,1946,2050,2193,2317,2539,
1,5,7,6,8,10,15,22,28,38,47,65,75,83,120,161,195,242,311,400,490,582,690,820,1000,1149,1325,1494,1660,1794,2022,2172,2205,2245,2220,2168,1985,1872,1815,1750,1741,1745,1694,1527,1384,1237,1193,1051,959,880,820,780,770,725,703,683,643,638,613,615,600,590,573,557,544,535,560,570,579,586,596,609,651,688,717,771,855,913,949,1003,1089,1162,1182,1202,1204,1225,1194,1202,1166,1196,1202,1133,1093,1070,1046,1055,1095,1083,1078,997,931,871,808,813,815,820,837,830,786,769,744,757,743,751,748,760,751,737,792,868,948,1030,1145,1195,1274,1361,1414,1453,1538,1641,1734,1751,1781,1728,1727,1780,1759,1756,1667,1586,1531,1519,1524,1404,1346,1233,1170,1097,1011,918,866,811,771,745,707,676,647,628,583,594,584,591,599,626,634,655,667,666,672,651,639,661,669,717,725,778,777,827,844,962,985,1076,1153,1278,1374,1442,1502,1545,1619,1705,1746,1819,1848,1881,1946,2050,2193,2317,2539,
1,5,7,6,8,10,15,22,28,38,47,65,75,83,120,161,195,242,311,400,490,582,690,820,1000,1149,1325,1494,1660,1794,2022,2172,2205,2245,2220,2168,1985,1872,1815,1750,1741,1745,1694,1527,1384,1237,1193,1051,959,880,820,780,770,725,703,683,643,638,613,615,600,590,573,557,544,535,560,570,579,586,596,609,651,688,717,771,855,913,949,1003,1089,1162,1182,1202,1204,1225,1194,1202,1166,1196,1202,1133,1093,1070,1046,1055,1095,1083,1078,997,931,871,808,813,815,820,837,830,786,769,744,757,743,751,748,760,751,737,792,868,948,1030,1145,1195,1274,1361,1414,1453,1538,1641,1734,1751,1781,1728,1727,1780,1759,1756,1667,1586,1531,1519,1524,1404,1346,1233,1170,1097,1011,918,866,811,771,745,707,676,647,628,583,594,584,591,599,626,634,655,667,666,672,651,639,661,669,717,725,778,777,827,844,962,985,1076,1153,1278,1374,1442,1502,1545,1619,1705,1746,1819,1848,1881,1946,2050,2193,2317,2539,
1,5,7,6,8,10,15,22,28,38,47,65,75,83,120,161,195,242,311,400,490,582,690,820,1000,1149,1325,1494,1660,1794,2022,2172,2205,2245,2220,2168,1985,1872,1815,1750,1741,1745,1694,1527,1384,1237,1193,1051,959,880,820,780,770,725,703,683,643,638,613,615,600,590,573,557,544,535,560,570,579,586,596,609,651,688,717,771,855,913,949,1003,1089,1162,1182,1202,1204,1225,1194,1202,1166,1196,1202,1133,1093,1070,1046,1055,1095,1083,1078,997,931,871,808,813,815,820,837,830,786,769,744,757,743,751,748,760,751,737,792,868,948,1030,1145,1195,1274,1361,1414,1453,1538,1641,1734,1751,1781,1728,1727,1780,1759,1756,1667,1586,1531,1519,1524,1404,1346,1233,1170,1097,1011,918,866,811,771,745,707,676,647,628,583,594,584,591,599,626,634,655,667,666,672,651,639,661,669,717,725,778,777,827,844,962,985,1076,1153,1278,1374,1442,1502,1545,1619,1705,1746,1819,1848,1881,1946,2050,2193,2317,2539,
1,3,4,4,5,6,12,19,33,38,41,54,68,80,99,126,185,252,322,441,558,671,838,1089,1376,1707,2065,2354,2618,2902,3115,3451,3639,3777,3761,3601,3315,3160,2947,2745,2418,2221,1996,1838,1678,1484,1260,1095,995,940,903,870,821,798,795,853,873,882,863,820,807,790,759,769,775,767,777,763,744,741,727,731,779,769,756,704,653,659,715,779,881,935,1017,1021,1011,1037,996,1015,977,958,925,936,907,871,905,907,879,850,774,809,816,887,932,976,1004,975,980,1003,980,1000,1029,1069,1065,1045,1077,1169,1208,1277,1286,1261,1272,1223,1182,1155,1229,1280,1314,1397,1388,1351,1336,1308,1201,1189,1165,1175,1168,1143,1156,1201,1210,1212,1178,1192,1205,1152,1107,1086,1051,1090,1094,1094,1100,1101,1092,1070,1042,1026,1018,995,916,872,869,848,906,942,1003,1050,1073,1097,1180,1225,1339,1385,1374,1311,1246,1229,1242,1265,1240,1244,1287,1299,1329,1393,1465,1541,1643,1682,1839,1947,2160,2285,2420,2563,2707,2952,3013,
1,3,6,9,10,11,15,21,30,37,49,63,66,90,112,133,186,218,278,374,470,589,715,934,1139,1259,1436,1578,1755,1908,2030,2053,2054,2113,2082,2128,2155,2190,2169,2264,2269,2205,2110,1943,1683,1459,1225,1067,932,856,802,692,621,567,539,502,530,503,499,529,513,566,614,684,741,809,841,884,873,859,867,864,835,871,907,894,854,811,752,727,706,673,636,646,675,707,744,804,855,943,1055,1137,1220,1235,1232,1222,1169,1148,1133,1085,1071,1016,985,917,851,830,806,786,787,763,722,719,769,783,850,959,1112,1209,1306,1402,1481,1531,1523,1477,1367,1275,1198,1092,1050,990,915,904,913,969,1003,1080,1075,1040,1046,1082,1129,1143,1061,1008,1000,991,1048,1035,1003,1014,985,957,895,850,823,792,741,732,710,721,717,709,744,800,838,880,867,861,905,899,926,933,965,971,950,975,969,1005,1070,1068,1086,1123,1254,1417,1485,1687,1829,2004,2109,2281,2362,2403,2484,2598,2570,2622,2560,2508,2493,
1,3,6,9,10,11,15,21,30,37,49,63,66,90,112,133,186,218,278,374,470,589,715,934,1139,1259,1436,1578,1755,1908,2030,2053,2054,2113,2082,2128,2155,2190,2169,2264,2269,2205,2110,1943,1683,1459,1225,1067,932,856,802,692,621,567,539,502,530,503,499,529,513,566,614,684,741,809,841,884,873,859,867,864,835,871,907,894,854,811,752,727,706,673,636,646,675,707,744,804,855,943,1055,1137,1220,1235,1232,1222,1169,1148,1133,1085,1071,1016,985,917,851,830,806,786,787,763,722,719,769,783,850,959,1112,1209,1306,1402,1481,1531,1523,1477,1367,1275,1198,1092,1050,990,915,904,913,969,1003,1080,1075,1040,1046,1082,1129,1143,1061,1008,1000,991,1048,1035,1003,1014,985,957,895,850,823,792,741,732,710,721,717,709,744,800,838,880,867,861,905,899,926,933,965,971,950,975,969,1005,1070,1068,1086,1123,1254,1417,1485,1687,1829,2004,2109,2281,2362,2403,2484,2598,2570,2622,2560,2508,2493,
1,3,4,4,7,10,15,23,28,34,39,53,71,85,122,145,196,272,380,504,632,759,970,1195,1357,1587,1777,1971,2130,2315,2483,2524,2531,2439,2315,2120,2082,1983,1874,1792,1749,1696,1577,1462,1377,1279,1148,1040,1033,1056,1035,995,973,940,886,838,776,702,676,683,672,672,707,731,730,727,704,668,631,603,579,599,646,709,687,727,750,783,806,846,911,973,1032,1064,1108,1161,1231,1246,1194,1148,1098,1017,1002,943,897,941,956,961,973,965,984,910,912,904,867,873,910,1002,1031,1128,1213,1234,1301,1308,1234,1235,1206,1233,1289,1311,1334,1315,1342,1366,1401,1377,1378,1284,1204,1116,1049,1060,1027,1064,1060,1074,1099,1107,1141,1111,1117,1086,1089,1080,1110,1138,1169,1202,1175,1131,1063,1008,982,957,919,911,962,972,996,1077,1117,1232,1326,1419,1430,1447,1440,1482,1412,1384,1336,1297,1240,1236,1266,1326,1295,1324,1331,1382,1446,1552,1613,1619,1661,1672,1775,1927,2111,2306,2412,2501,2604,2713,2810,2864,2916,2957,2881,
1,3,4,4,7,10,15,23,28,34,39,53,71,85,122,145,196,272,380,504,632,759,970,1195,1357,1587,1777,1971,2130,2315,2483,2524,2531,2439,2315,2120,2082,1983,1874,1792,1749,1696,1577,1462,1377,1279,1148,1040,1033,1056,1035,995,973,940,886,838,776,702,676,683,672,672,707,731,730,727,704,668,631,603,579,599,646,709,687,727,750,783,806,846,911,973,1032,1064,1108,1161,1231,1246,1194,1148,1098,1017,1002,943,897,941,956,961,973,965,984,910,912,904,867,873,910,1002,1031,1128,1213,1234,1301,1308,1234,1235,1206,1233,1289,1311,1334,1315,1342,1366,1401,1377,1378,1284,1204,1116,1049,1060,1027,1064,1060,1074,1099,1107,1141,1111,1117,1086,1089,1080,1110,1138,1169,1202,1175,1131,1063,1008,982,957,919,911,962,972,996,1077,1117,1232,1326,1419,1430,1447,1440,1482,1412,1384,1336,1297,1240,1236,1266,1326,1295,1324,1331,1382,1446,1552,1613,1619,1661,1672,1775,1927,2111,2306,2412,2501,2604,2713,2810,2864,2916,2957,2881,
1,3,4,4,7,8,15,22,32,43,53,65,87,100,130,147,199,243,310,369,393,462,543,665,789,932,1063,1284,1517,1614,1814,2007,2190,2334,2471,2601,2568,2638,2721,2652,2558,2443,2316,2168,2105,1987,1780,1650,1458,1323,1117,949,875,843,813,743,720,702,686,671,660,670,717,717,691,674,752,786,823,853,916,911,891,868,860,862,808,767,739,761,792,785,804,800,777,757,758,769,775,839,861,882,901,934,991,1017,1031,1005,965,949,963,954,965,920,872,843,881,919,933,970,991,1016,1081,1108,1187,1306,1338,1422,1448,1400,1367,1352,1275,1195,1155,1154,1154,1190,1221,1227,1180,1113,1097,1119,1113,1099,1078,1078,1035,965,858,798,765,810,860,850,856,892,888,872,843,804,809,775,761,778,803,850,827,820,807,817,811,799,780,741,688,695,665,644,641,643,673,734,742,822,868,920,972,1020,1048,1113,1206,1266,1340,1333,1276,1244,1218,1255,1294,1311,1398,1517,1639,1756,1848,1955,2116,
1,5,6,9,14,15,17,27,40,43,53,55,74,87,106,150,180,234,284,341,404,474,578,728,899,1189,1491,1782,1979,2144,2238,2314,2254,2146,2057,2023,1965,2040,2070,2029,1943,1821,1697,1652,1640,1547,1393,1266,1152,1080,1008,876,803,760,706,676,673,703,723,733,715,730,767,752,702,711,755,741,675,635,645,637,633,622,614,581,604,616,643,674,708,735,774,790,803,801,817,816,779,796,773,790,798,818,815,818,854,880,859,813,823,833,862,902,926,964,1038,1052,1028,1044,1012,1036,1010,1027,1024,1004,965,956,982,1070,1100,1186,1230,1258,1294,1287,1360,1411,1459,1471,1463,1474,1458,1420,1416,1354,1324,1352,1364,1350,1363,1375,1333,1313,1251,1176,1085,1009,926,898,864,797,788,772,718,689,626,606,584,585,567,563,573,583,593,630,660,681,705,728,719,704,735,769,745,752,780,804,812,826,902,937,1004,1117,1155,1206,1275,1341,1419,1444,1557,1669,1819,1971,2065,2231,2304,2440,2470,
1,5,6,9,14,15,17,27,40,43,53,55,74,87,106,150,180,234,284,341,404,474,578,728,899,1189,1491,1782,1979,2144,2238,2314,2254,2146,2057,2023,1965,2040,2070,2029,1943,1821,1697,1652,1640,1547,1393,1266,1152,1080,1008,876,803,760,706,676,673,703,723,733,715,730,767,752,702,711,755,741,675,635,645,637,633,622,614,581,604,616,643,674,708,735,774,790,803,801,817,816,779,796,773,790,798,818,815,818,854,880,859,813,823,833,862,902,926,964,1038,1052,1028,1044,1012,1036,1010,1027,1024,1004,965,956,982,1070,1100,1186,1230,1258,1294,1287,1360,1411,1459,1471,1463,1474,1458,1420,1416,1354,1324,1352,1364,1350,1363,1375,1333,1313,1251,1176,1085,1009,926,898,864,797,788,772,718,689,626,606,584,585,567,563,573,583,593,630,660,681,705,728,719,704,735,769,745,752,780,804,812,826,902,937,1004,1117,1155,1206,1275,1341,1419,1444,1557,1669,1819,1971,2065,2231,2304,2440,2470,
1,5,6,9,14,15,17,27,40,43,53,55,74,87,106,150,180,234,284,341,404,474,578,728,899,1189,1491,1782,1979,2144,2238,2314,2254,2146,2057,2023,1965,2040,2070,2029,1943,1821,1697,1652,1640,1547,1393,1266,1152,1080,1008,876,803,760,706,676,673,703,723,733,715,730,767,752,702,711,755,741,675,635,645,637,633,622,614,581,604,616,643,674,708,735,774,790,803,801,817,816,779,796,773,790,798,818,815,818,854,880,859,813,823,833,862,902,926,964,1038,1052,1028,1044,1012,1036,1010,1027,1024,1004,965,956,982,1070,1100,1186,1230,1258,1294,1287,1360,1411,1459,1471,1463,1474,1458,1420,1416,1354,1324,1352,1364,1350,1363,1375,1333,1313,1251,1176,1085,1009,926,898,864,797,788,772,718,689,626,606,584,585,567,563,573,583,593,630,660,681,705,728,719,704,735,769,745,752,780,804,812,826,902,937,1004,1117,1155,1206,1275,1341,1419,1444,1557,1669,1819,1971,2065,2231,2304,2440,2470,
1,3,3,4,6,7,12,21,28,35,40,50,75,105,123,138,188,254,330,396,461,530,632,772,922,1072,1198,1345,1421,1563,1661,1732,1885,2020,2222,2326,2432,2451,2487,2449,2404,2225,2055,1970,1880,1682,1455,1211,1111,1015,962,905,876,883,898,946,1044,1150,1138,1171,1187,1227,1243,1202,1153,1062,1009,982,981,1009,969,953,967,968,1006,1045,1085,1165,1179,1173,1160,1158,1143,1070,987,1053,1055,1026,1014,1044,1073,1041,1040,1045,1007,983,945,891,856,782,704,686,695,696,706,699,692,709,727,763,761,756,801,839,861,906,928,937,906,923,998,1060,1111,1205,1229,1244,1261,1242,1250,1175,1143,1077,1073,1037,1081,1143,1179,1200,1176,1160,1202,1250,1311,1355,1354,1302,1263,1302,1260,1238,1218,1137,1068,1053,1062,1049,1074,1147,1176,1164,1174,1248,1287,1316,1321,1378,1423,1438,1423,1363,1373,1234,1136,1069,984,969,1008,1045,1113,1141,1176,1179,1172,1210,1347,1451,1531,1553,1589,1698,1752,1824,1971,2077,2050,1932,1919,1979,1932,
1,4,6,5,8,9,16,21,31,37,44,52,59,76,106,126,163,215,284,362,469,635,858,1152,1486,1788,2123,2406,2671,2869,2912,3001,2960,2846,2619,2489,2387,2268,2186,2078,2055,1948,1883,1803,1761,1590,1386,1233,1135,1063,950,814,752,667,653,671,660,712,740,782,767,772,789,772,737,737,708,712,679,691,705,704,741,757,770,772,784,780,787,787,780,773,773,818,835,855,874,841,797,799,800,824,879,883,888,845,799,797,770,726,676,682,669,664,710,757,803,883,980,1045,1134,1135,1113,1133,1084,1089,1060,1027,1033,1058,1129,1212,1297,1329,1377,1384,1422,1392,1355,1353,1324,1282,1223,1200,1189,1145,1156,1153,1114,1057,1014,992,959,914,874,888,839,842,849,831,832,798,781,833,882,908,931,957,998,1014,1017,1065,1133,1174,1257,1362,1451,1519,1550,1580,1546,1453,1364,1285,1224,1173,1098,1034,1059,1142,1282,1453,1602,1749,1876,1920,1945,1913,1905,1928,1862,1773,1839,1953,1962,1972,1939,1966,1985,
1,2,4,6,6,8,11,17,29,45,55,57,76,83,114,144,192,235,307,407,499,636,754,852,1024,1201,1371,1608,1897,2233,2498,2539,2651,2767,2676,2527,2360,2209,2124,1901,1766,1738,1730,1716,1570,1469,1316,1215,1132,1086,1037,964,878,847,842,767,765,754,724,723,679,641,607,570,577,609,671,696,718,728,720,726,761,782,855,940,1007,1082,1089,1089,1084,1040,1051,1013,982,976,977,997,1000,1009,1021,1013,988,1016,1024,1042,1052,1016,1029,1050,1095,1097,1099,1056,1048,1004,974,936,909,855,853,837,902,944,979,1015,1047,1090,1028,1010,980,961,942,889,924,960,1000,1051,1071,1094,1105,1089,1126,1164,1223,1277,1285,1295,1331,1384,1427,1405,1366,1280,1178,1123,1113,1124,1162,1166,1167,1185,1165,1141,1092,1052,1041,1040,1055,1092,1140,1200,1181,1181,1214,1252,1252,1209,1225,1290,1326,1332,1305,1318,1352,1404,1449,1499,1602,1672,1779,1778,1888,1980,2094,2102,2129,2026,1958,1889,1977,2046,2060,1899,1818,1677,1470,1309,1177,
1,2,4,6,6,8,11,17,29,45,55,57,76,83,114,144,192,235,307,407,499,636,754,852,1024,1201,1371,1608,1897,2233,2498,2539,2651,2767,2676,2527,2360,2209,2124,1901,1766,1738,1730,1716,1570,1469,1316,1215,1132,1086,1037,964,878,847,842,767,765,754,724,723,679,641,607,570,577,609,671,696,718,728,720,726,761,782,855,940,1007,1082,1089,1089,1084,1040,1051,1013,982,976,977,997,1000,1009,1021,1013,988,1016,1024,1042,1052,1016,1029,1050,1095,1097,1099,1056,1048,1004,974,936,909,855,853,837,902,944,979,1015,1047,1090,1028,1010,980,961,942,889,924,960,1000,1051,1071,1094,1105,1089,1126,1164,1223,1277,1285,1295,1331,1384,1427,1405,1366,1280,1178,1123,1113,1124,1162,1166,1167,1185,1165,1141,1092,1052,1041,1040,1055,1092,1140,1200,1181,1181,1214,1252,1252,1209,1225,1290,1326,1332,1305,1318,1352,1404,1449,1499,1602,1672,1779,1778,1888,1980,2094,2102,2129,2026,1958,1889,1977,2046,2060,1899,1818,1677,1470,1309,1177,
1,2,4,6,6,8,11,17,29,45,55,57,76,83,114,144,192,235,307,407,499,636,754,852,1024,1201,1371,1608,1897,2233,2498,2539,2651,2767,2676,2527,2360,2209,2124,1901,1766,1738,1730,1716,1570,1469,1316,1215,1132,1086,1037,964,878,847,842,767,765,754,724,723,679,641,607,570,577,609,671,696,718,728,720,726,761,782,855,940,1007,1082,1089,1089,1084,1040,1051,1013,982,976,977,997,1000,1009,1021,1013,988,1016,1024,1042,1052,1016,1029,1050,1095,1097,1099,1056,1048,1004,974,936,909,855,853,837,902,944,979,1015,1047,1090,1028,1010,980,961,942,889,924,960,1000,1051,1071,1094,1105,1089,1126,1164,1223,1277,1285,1295,1331,1384,1427,1405,1366,1280,1178,1123,1113,1124,1162,1166,1167,1185,1165,1141,1092,1052,1041,1040,1055,1092,1140,1200,1181,1181,1214,1252,1252,1209,1225,1290,1326,1332,1305,1318,1352,1404,1449,1499,1602,1672,1779,1778,1888,1980,2094,2102,2129,2026,1958,1889,1977,2046,2060,1899,1818,1677,1470,1309,1177,
1,2,4,6,6,8,11,17,29,45,55,57,76,83,114,144,192,235,307,407,499,636,754,852,1024,1201,1371,1608,1897,2233,2498,2539,2651,2767,2676,2527,2360,2209,2124,1901,1766,1738,1730,1716,1570,1469,1316,1215,1132,1086,1037,964,878,847,842,767,765,754,724,723,679,641,607,570,577,609,671,696,718,728,720,726,761,782,855,940,1007,1082,1089,1089,1084,1040,1051,1013,982,976,977,997,1000,1009,1021,1013,988,1016,1024,1042,1052,1016,1029,1050,1095,1097,1099,1056,1048,1004,974,936,909,855,853,837,902,944,979,1015,1047,1090,1028,1010,980,961,942,889,924,960,1000,1051,1071,1094,1105,1089,1126,1164,1223,1277,1285,1295,1331,1384,1427,1405,1366,1280,1178,1123,1113,1124,1162,1166,1167,1185,1165,1141,1092,1052,1041,1040,1055,1092,1140,1200,1181,1181,1214,1252,1252,1209,1225,1290,1326,1332,1305,1318,1352,1404,1449,1499,1602,1672,1779,1778,1888,1980,2094,2102,2129,2026,1958,1889,1977,2046,2060,1899,1818,1677,1470,1309,1177,
1,3,4,4,7,12,14,21,34,41,46,55,68,81,116,139,190,269,351,463,575,684,853,1000,1144,1281,1407,1605,1836,2027,2229,2455,2614,2769,2758,2547,2476,2424,2307,2277,2232,2140,2033,1979,1790,1607,1439,1300,1220,1177,1043,931,836,783,746,718,686,654,631,622,623,600,596,580,586,584,591,630,670,696,702,693,717,788,830,856,874,941,964,946,938,927,943,984,1025,1015,1078,1083,1046,1037,1089,1124,1171,1209,1248,1268,1221,1182,1095,1062,1027,986,909,922,916,863,791,763,768,794,846,911,960,1033,1069,1131,1192,1240,1251,1256,1245,1206,1236,1257,1255,1231,1292,1358,1411,1449,1425,1396,1377,1384,1327,1290,1303,1381,1458,1459,1326,1215,1078,982,898,772,640,540,522,496,515,508,502,502,519,521,538,589,624,647,681,784,862,914,948,990,1002,996,970,933,878,818,799,780,788,769,811,863,888,950,997,1060,1144,1201,1278,1340,1432,1490,1509,1602,1617,1737,1879,1942,2038,2178,2288,2319,2281,
1,3,4,4,7,12,14,21,34,41,46,55,68,81,116,139,190,269,351,463,575,684,853,1000,1144,1281,1407,1605,1836,2027,2229,2455,2614,2769,2758,2547,2476,2424,2307,2277,2232,2140,2033,1979,1790,1607,1439,1300,1220,1177,1043,931,836,783,746,718,686,654,631,622,623,600,596,580,586,584,591,630,670,696,702,693,717,788,830,856,874,941,964,946,938,927,943,984,1025,1015,1078,1083,1046,1037,1089,1124,1171,1209,1248,1268,1221,1182,1095,1062,1027,986,909,922,916,863,791,763,768,794,846,911,960,1033,1069,1131,1192,1240,1251,1256,1245,1206,1236,1257,1255,1231,1292,1358,1411,1449,1425,1396,1377,1384,1327,1290,1303,1381,1458,1459,1326,1215,1078,982,898,772,640,540,522,496,515,508,502,502,519,521,538,589,624,647,681,784,862,914,948,990,1002,996,970,933,878,818,799,780,788,769,811,863,888,950,997,1060,1144,1201,1278,1340,1432,1490,1509,1602,1617,1737,1879,1942,2038,2178,2288,2319,2281,
1,2,4,4,6,11,14,23,35,37,40,59,75,108,146,172,236,313,418,513,616,739,917,1116,1437,1735,1984,2258,2473,2636,2801,2815,2857,2731,2609,2515,2386,2253,2100,2037,1859,1642,1338,1135,927,772,656,599,590,595,618,658,714,780,746,743,746,755,732,738,728,743,736,745,756,716,697,678,649,637,624,620,613,623,615,642,662,677,687,710,721,720,755,760,800,801,765,729,744,753,756,781,803,815,847,853,873,841,861,849,862,889,876,879,874,845,846,859,874,876,906,896,909,950,978,938,868,792,789,816,854,891,949,980,1046,1115,1135,1169,1151,1125,1087,1048,1036,1012,989,962,900,866,851,832,791,746,730,735,746,769,804,816,836,835,878,897,862,831,841,858,842,872,855,888,919,895,922,944,922,929,986,1037,1083,1104,1080,1043,1081,1086,1073,1054,1021,989,1008,1047,1101,1158,1246,1375,1500,1625,1750,1906,2005,2186,2261,2301,2331,2347,2267,2189,2101,2002,1959,
1,2,4,4,6,11,14,23,35,37,40,59,75,108,146,172,236,313,418,513,616,739,917,1116,1437,1735,1984,2258,2473,2636,2801,2815,2857,2731,2609,2515,2386,2253,2100,2037,1859,1642,1338,1135,927,772,656,599,590,595,618,658,714,780,746,743,746,755,732,738,728,743,736,745,756,716,697,678,649,637,624,620,613,623,615,642,662,677,687,710,721,720,755,760,800,801,765,729,744,753,756,781,803,815,847,853,873,841,861,849,862,889,876,879,874,845,846,859,874,876,906,896,909,950,978,938,868,792,789,816,854,891,949,980,1046,1115,1135,1169,1151,1125,1087,1048,1036,1012,989,962,900,866,851,832,791,746,730,735,746,769,804,816,836,835,878,897,862,831,841,858,842,872,855,888,919,895,922,944,922,929,986,1037,1083,1104,1080,1043,1081,1086,1073,1054,1021,989,1008,1047,1101,1158,1246,1375,1500,1625,1750,1906,2005,2186,2261,2301,2331,2347,2267,2189,2101,2002,1959,
1,2,4,4,6,11,14,23,35,37,40,59,75,108,146,172,236,313,418,513,616,739,917,1116,1437,1735,1984,2258,2473,2636,2801,2815,2857,2731,2609,2515,2386,2253,2100,2037,1859,1642,1338,1135,927,772,656,599,590,595,618,658,714,780,746,743,746,755,732,738,728,743,736,745,756,716,697,678,649,637,624,620,613,623,615,642,662,677,687,710,721,720,755,760,800,801,765,729,744,753,756,781,803,815,847,853,873,841,861,849,862,889,876,879,874,845,846,859,874,876,906,896,909,950,978,938,868,792,789,816,854,891,949,980,1046,1115,1135,1169,1151,1125,1087,1048,1036,1012,989,962,900,866,851,832,791,746,730,735,746,769,804,816,836,835,878,897,862,831,841,858,842,872,855,888,919,895,922,944,922,929,986,1037,1083,1104,1080,1043,1081,1086,1073,1054,1021,989,1008,1047,1101,1158,1246,1375,1500,1625,1750,1906,2005,2186,2261,2301,2331,2347,2267,2189,2101,2002,1959,
1,2,4,4,6,11,14,23,35,37,40,59,75,108,146,172,236,313,418,513,616,739,917,1116,1437,1735,1984,2258,2473,2636,2801,2815,2857,2731,2609,2515,2386,2253,2100,2037,1859,1642,1338,1135,927,772,656,599,590,595,618,658,714,780,746,743,746,755,732,738,728,743,736,745,756,716,697,678,649,637,624,620,613,623,615,642,662,677,687,710,721,720,755,760,800,801,765,729,744,753,756,781,803,815,847,853,873,841,861,849,862,889,876,879,874,845,846,859,874,876,906,896,909,950,978,938,868,792,789,816,854,891,949,980,1046,1115,1135,1169,1151,1125,1087,1048,1036,1012,989,962,900,866,851,832,791,746,730,735,746,769,804,816,836,835,878,897,862,831,841,858,842,872,855,888,919,895,922,944,922,929,986,1037,1083,1104,1080,1043,1081,1086,1073,1054,1021,989,1008,1047,1101,1158,1246,1375,1500,1625,1750,1906,2005,2186,2261,2301,2331,2347,2267,2189,2101,2002,1959,
1,2,4,4,6,11,14,23,35,37,40,59,75,108,146,172,236,313,418,513,616,739,917,1116,1437,1735,1984,2258,2473,2636,2801,2815,2857,2731,2609,2515,2386,2253,2100,2037,1859,1642,1338,1135,927,772,656,599,590,595,618,658,714,780,746,743,746,755,732,738,728,743,736,745,756,716,697,678,649,637,624,620,613,623,615,642,662,677,687,710,721,720,755,760,800,801,765,729,744,753,756,781,803,815,847,853,873,841,861,849,862,889,876,879,874,845,846,859,874,876,906,896,909,950,978,938,868,792,789,816,854,891,949,980,1046,1115,1135,1169,1151,1125,1087,1048,1036,1012,989,962,900,866,851,832,791,746,730,735,746,769,804,816,836,835,878,897,862,831,841,858,842,872,855,888,919,895,922,944,922,929,986,1037,1083,1104,1080,1043,1081,1086,1073,1054,1021,989,1008,1047,1101,1158,1246,1375,1500,1625,1750,1906,2005,2186,2261,2301,2331,2347,2267,2189,2101,2002,1959,
1,4,5,8,12,14,19,26,38,45,44,58,68,75,107,146,199,264,324,394,469,589,679,840,1000,1224,1421,1728,2102,2336,2476,2589,2655,2713,2756,2692,2475,2328,2282,2212,2068,1834,1594,1329,1151,1011,875,761,706,671,636,612,624,670,735,800,851,887,940,920,923,936,962,892,875,857,852,829,804,790,814,824,823,787,820,797,780,760,789,809,806,832,834,823,756,729,727,748,781,803,891,897,943,944,999,992,963,939,962,958,1009,1032,1037,1069,1080,1131,1215,1269,1306,1334,1333,1278,1181,1117,1033,1028,985,933,934,948,920,881,852,802,820,897,971,1049,1031,1050,1064,1081,1089,1082,1093,1172,1204,1193,1214,1207,1240,1294,1277,1284,1232,1202,1144,1048,972,999,963,878,877,851,821,818,799,780,816,881,924,963,991,913,876,840,834,833,839,875,924,944,971,1022,1072,1065,1008,949,936,969,994,1038,1097,1153,1173,1157,1195,1241,1277,1290,1341,1362,1479,1630,1717,1833,1989,2179,2406,
1,3,6,7,11,13,19,30,35,46,49,62,80,91,132,172,240,317,401,539,673,771,897,1057,1281,1440,1615,1844,2031,2208,2368,2641,2893,3129,3191,3157,3130,2933,2670,2505,2287,2114,1901,1730,1553,1498,1429,1422,1367,1294,1228,1177,1082,1006,885,789,784,769,772,802,791,813,795,728,718,724,715,756,781,822,844,845,859,890,944,946,1022,1113,1121,1163,1225,1250,1269,1211,1151,1054,922,826,798,813,844,882,883,869,872,918,952,1004,986,1019,1047,1076,1108,1068,1063,1056,1036,1003,1022,1042,1122,1126,1202,1214,1266,1301,1339,1361,1326,1381,1439,1478,1543,1518,1529,1551,1584,1612,1634,1671,1643,1646,1569,1486,1470,1448,1398,1392,1260,1138,1081,1093,1093,1112,1099,1065,1021,966,924,855,800,791,764,762,762,758,745,798,856,913,962,1000,1016,1020,1051,999,958,961,980,967,950,929,914,918,944,1005,1053,1069,1135,1218,1397,1516,1587,1647,1717,1799,1980,2189,2296,2308,2246,2141,2127,2117,2053,2004,1899,1851,1741,
1,3,6,7,11,13,19,30,35,46,49,62,80,91,132,172,240,317,401,539,673,771,897,1057,1281,1440,1615,1844,2031,2208,2368,2641,2893,3129,3191,3157,3130,2933,2670,2505,2287,2114,1901,1730,1553,1498,1429,1422,1367,1294,1228,1177,1082,1006,885,789,784,769,772,802,791,813,795,728,718,724,715,756,781,822,844,845,859,890,944,946,1022,1113,1121,1163,1225,1250,1269,1211,1151,1054,922,826,798,813,844,882,883,869,872,918,952,1004,986,1019,1047,1076,1108,1068,1063,1056,1036,1003,1022,1042,1122,1126,1202,1214,1266,1301,1339,1361,1326,1381,1439,1478,1543,1518,1529,1551,1584,1612,1634,1671,1643,1646,1569,1486,1470,1448,1398,1392,1260,1138,1081,1093,1093,1112,1099,1065,1021,966,924,855,800,791,764,762,762,758,745,798,856,913,962,1000,1016,1020,1051,999,958,961,980,967,950,929,914,918,944,1005,1053,1069,1135,1218,1397,1516,1587,1647,1717,1799,1980,2189,2296,2308,2246,2141,2127,2117,2053,2004,1899,1851,1741,
1,3,6,7,11,13,19,30,35,46,49,62,80,91,132,172,240,317,401,539,673,771,897,1057,1281,1440,1615,1844,2031,2208,2368,2641,2893,3129,3191,3157,3130,2933,2670,2505,2287,2114,1901,1730,1553,1498,1429,1422,1367,1294,1228,1177,1082,1006,885,789,784,769,772,802,791,813,795,728,718,724,715,756,781,822,844,845,859,890,944,946,1022,1113,1121,1163,1225,1250,1269,1211,1151,1054,922,826,798,813,844,882,883,869,872,918,952,1004,986,1019,1047,1076,1108,1068,1063,1056,1036,1003,1022,1042,1122,1126,1202,1214,1266,1301,1339,1361,1326,1381,1439,1478,1543,1518,1529,1551,1584,1612,1634,1671,1643,1646,1569,1486,1470,1448,1398,1392,1260,1138,1081,1093,1093,1112,1099,1065,1021,966,924,855,800,791,764,762,762,758,745,798,856,913,962,1000,1016,1020,1051,999,958,961,980,967,950,929,914,918,944,1005,1053,1069,1135,1218,1397,1516,1587,1647,1717,1799,1980,2189,2296,2308,2246,2141,2127,2117,2053,2004,1899,1851,1741,
1,3,3,3,5,8,17,26,39,56,68,74,89,119,168,230,268,358,445,535,647,781,884,1064,1357,1659,1999,2239,2518,2845,3005,3178,3282,3419,3422,3252,3029,2744,2379,2157,1891,1660,1400,1273,1154,1091,1057,1032,1080,1129,1150,1121,1078,1068,1091,1032,984,946,876,824,755,671,628,611,615,613,613,608,605,592,578,573,569,582,586,575,608,643,668,748,802,886,960,1014,1045,1087,1053,1048,1045,1005,980,949,888,842,859,868,902,930,925,908,868,865,853,838,873,888,905,934,947,954,939,880,858,845,837,867,916,943,991,1063,1108,1216,1238,1290,1271,1378,1472,1660,1758,1832,1897,2003,2099,2173,2173,2288,2307,2271,2168,1972,1866,1704,1658,1580,1496,1358,1200,1141,1077,1014,973,907,917,905,903,880,881,852,850,853,837,861,889,905,919,973,945,1017,1041,1075,1034,971,938,879,836,840,844,858,870,881,862,888,999,1105,1249,1391,1577,1884,2111,2305,2387,2588,2646,2698,2746,2698,2575,2458,2480,
1,3,3,3,5,8,17,26,39,56,68,74,89,119,168,230,268,358,445,535,647,781,884,1064,1357,1659,1999,2239,2518,2845,3005,3178,3282,3419,3422,3252,3029,2744,2379,2157,1891,1660,1400,1273,1154,1091,1057,1032,1080,1129,1150,1121,1078,1068,1091,1032,984,946,876,824,755,671,628,611,615,613,613,608,605,592,578,573,569,582,586,575,608,643,668,748,802,886,960,1014,1045,1087,1053,1048,1045,1005,980,949,888,842,859,868,902,930,925,908,868,865,853,838,873,888,905,934,947,954,939,880,858,845,837,867,916,943,991,1063,1108,1216,1238,1290,1271,1378,1472,1660,1758,1832,1897,2003,2099,2173,2173,2288,2307,2271,2168,1972,1866,1704,1658,1580,1496,1358,1200,1141,1077,1014,973,907,917,905,903,880,881,852,850,853,837,861,889,905,919,973,945,1017,1041,1075,1034,971,938,879,836,840,844,858,870,881,862,888,999,1105,1249,1391,1577,1884,2111,2305,2387,2588,2646,2698,2746,2698,2575,2458,2480,
1,4,5,4,7,12,18,24,37,48,55,66,84,97,127,153,214,288,380,468,564,681,820,1012,1159,1324,1506,1711,2010,2313,2558,2735,2885,3004,3051,3121,3181,3228,3282,3128,2922,2701,2466,2137,1865,1724,1612,1462,1432,1366,1283,1081,923,819,713,668,640,584,585,596,602,590,588,601,674,759,791,797,799,841,830,842,905,971,1032,1069,1098,1079,1034,1012,969,968,932,919,910,873,872,829,840,848,876,836,775,769,750,776,778,803,794,814,784,796,778,763,762,790,782,788,791,858,914,945,1026,1115,1128,1140,1122,1119,1147,1187,1186,1209,1242,1253,1299,1349,1358,1431,1419,1431,1452,1387,1353,1385,1451,1508,1520,1589,1622,1581,1461,1397,1376,1295,1195,1111,1065,1050,1036,1037,1081,1070,1043,1012,952,896,867,850,878,896,910,894,931,924,938,995,999,993,1030,1034,1014,952,913,894,856,841,845,850,856,856,880,930,1004,1078,1184,1279,1359,1448,1552,1657,1761,1938,2173,2312,2471,2690,2895,3094,3328,
1,4,5,4,7,12,18,24,37,48,55,66,84,97,127,153,214,288,380,468,564,681,820,1012,1159,1324,1506,1711,2010,2313,2558,2735,2885,3004,3051,3121,3181,3228,3282,3128,2922,2701,2466,2137,1865,1724,1612,1462,1432,1366,1283,1081,923,819,713,668,640,584,585,596,602,590,588,601,674,759,791,797,799,841,830,842,905,971,1032,1069,1098,1079,1034,1012,969,968,932,919,910,873,872,829,840,848,876,836,775,769,750,776,778,803,794,814,784,796,778,763,762,790,782,788,791,858,914,945,1026,1115,1128,1140,1122,1119,1147,1187,1186,1209,1242,1253,1299,1349,1358,1431,1419,1431,1452,1387,1353,1385,1451,1508,1520,1589,1622,1581,1461,1397,1376,1295,1195,1111,1065,1050,1036,1037,1081,1070,1043,1012,952,896,867,850,878,896,910,894,931,924,938,995,999,993,1030,1034,1014,952,913,894,856,841,845,850,856,856,880,930,1004,1078,1184,1279,1359,1448,1552,1657,1761,1938,2173,2312,2471,2690,2895,3094,3328,
1,3,3,4,5,7,12,18,32,36,44,55,76,103,138,181,240,295,362,438,514,643,772,920,1083,1315,1461,1552,1678,1770,1921,2048,2199,2332,2455,2455,2494,2470,2291,2048,1893,1884,1826,1786,1677,1544,1398,1342,1230,1124,1039,906,821,835,785,775,772,739,783,837,841,831,842,860,890,948,958,949,964,973,982,1027,1022,972,960,907,858,879,867,889,891,882,894,907,873,857,822,766,758,753,762,782,860,907,952,988,970,956,916,931,922,924,940,917,899,899,908,917,967,1001,1005,1047,1083,1057,1060,1061,1027,1035,1089,1117,1176,1206,1209,1151,1131,1118,1121,1075,1038,1088,1117,1106,1128,1076,1033,1048,1050,1051,1054,1035,957,961,987,928,873,820,756,747,734,691,640,619,601,654,698,717,746,812,823,830,953,1028,1074,1099,1130,1188,1228,1245,1240,1237,1229,1201,1125,1034,1051,1017,1051,1014,978,1015,1026,1054,1055,1098,1122,1160,1261,1354,1469,1631,1739,1903,2057,2156,2281,2321,2467,2677,3034,
1,3,3,4,5,7,12,18,32,36,44,55,76,103,138,181,240,295,362,438,514,643,772,920,1083,1315,1461,1552,1678,1770,1921,2048,2199,2332,2455,2455,2494,2470,2291,2048,1893,1884,1826,1786,1677,1544,1398,1342,1230,1124,1039,906,821,835,785,775,772,739,783,837,841,831,842,860,890,948,958,949,964,973,982,1027,1022,972,960,907,858,879,867,889,891,882,894,907,873,857,822,766,758,753,762,782,860,907,952,988,970,956,916,931,922,924,940,917,899,899,908,917,967,1001,1005,1047,1083,1057,1060,1061,1027,1035,1089,1117,1176,1206,1209,1151,1131,1118,1121,1075,1038,1088,1117,1106,1128,1076,1033,1048,1050,1051,1054,1035,957,961,987,928,873,820,756,747,734,691,640,619,601,654,698,717,746,812,823,830,953,1028,1074,1099,1130,1188,1228,1245,1240,1237,1229,1201,1125,1034,1051,1017,1051,1014,978,1015,1026,1054,1055,1098,1122,1160,1261,1354,1469,1631,1739,1903,2057,2156,2281,2321,2467,2677,3034,
1,3,3,4,5,7,12,18,32,36,44,55,76,103,138,181,240,295,362,438,514,643,772,920,1083,1315,1461,1552,1678,1770,1921,2048,2199,2332,2455,2455,2494,2470,2291,2048,1893,1884,1826,1786,1677,1544,1398,1342,1230,1124,1039,906,821,835,785,775,772,739,783,837,841,831,842,860,890,948,958,949,964,973,982,1027,1022,972,960,907,858,879,867,889,891,882,894,907,873,857,822,766,758,753,762,782,860,907,952,988,970,956,916,931,922,924,940,917,899,899,908,917,967,1001,1005,1047,1083,1057,1060,1061,1027,1035,1089,1117,1176,1206,1209,1151,1131,1118,1121,1075,1038,1088,1117,1106,1128,1076,1033,1048,1050,1051,1054,1035,957,961,987,928,873,820,756,747,734,691,640,619,601,654,698,717,746,812,823,830,953,1028,1074,1099,1130,1188,1228,1245,1240,1237,1229,1201,1125,1034,1051,1017,1051,1014,978,1015,1026,1054,1055,1098,1122,1160,1261,1354,1469,1631,1739,1903,2057,2156,2281,2321,2467,2677,3034,
1,3,3,4,5,7,12,18,32,36,44,55,76,103,138,181,240,295,362,438,514,643,772,920,1083,1315,1461,1552,1678,1770,1921,2048,2199,2332,2455,2455,2494,2470,2291,2048,1893,1884,1826,1786,1677,1544,1398,1342,1230,1124,1039,906,821,835,785,775,772,739,783,837,841,831,842,860,890,948,958,949,964,973,982,1027,1022,972,960,907,858,879,867,889,891,882,894,907,873,857,822,766,758,753,762,782,860,907,952,988,970,956,916,931,922,924,940,917,899,899,908,917,967,1001,1005,1047,1083,1057,1060,1061,1027,1035,1089,1117,1176,1206,1209,1151,1131,1118,1121,1075,1038,1088,1117,1106,1128,1076,1033,1048,1050,1051,1054,1035,957,961,987,928,873,820,756,747,734,691,640,619,601,654,698,717,746,812,823,830,953,1028,1074,1099,1130,1188,1228,1245,1240,1237,1229,1201,1125,1034,1051,1017,1051,1014,978,1015,1026,1054,1055,1098,1122,1160,1261,1354,1469,1631,1739,1903,2057,2156,2281,2321,2467,2677,3034,
1,3,5,5,8,12,18,27,36,39,45,50,77,93,130,150,202,268,339,487,568,718,931,1137,1387,1653,1811,1953,2079,2158,2314,2337,2408,2411,2384,2342,2351,2331,2350,2322,2311,2263,2202,2134,2010,1877,1750,1636,1555,1422,1294,1288,1154,1139,1075,969,897,817,746,729,709,716,748,727,723,749,738,757,810,825,851,866,894,906,961,969,1024,1050,1110,1146,1211,1210,1218,1258,1244,1194,1175,1166,1188,1245,1273,1320,1401,1381,1337,1322,1218,1213,1170,1118,1094,1155,1196,1235,1255,1364,1387,1390,1354,1397,1425,1528,1517,1521,1576,1598,1583,1497,1412,1293,1208,1144,1173,1102,1087,1156,1262,1317,1369,1417,1423,1431,1473,1449,1472,1514,1445,1468,1469,1468,1396,1377,1367,1376,1321,1271,1218,1220,1189,1122,1045,918,829,766,655,615,610,631,612,645,663,716,765,814,859,922,1068,1144,1204,1250,1310,1399,1471,1538,1558,1581,1637,1656,1665,1617,1672,1739,1770,1793,1793,1801,1836,1886,1825,1810,1874,1856,1871,1941,2048,2102,2135,2234,2307,
1,3,5,5,8,12,18,27,36,39,45,50,77,93,130,150,202,268,339,487,568,718,931,1137,1387,1653,1811,1953,2079,2158,2314,2337,2408,2411,2384,2342,2351,2331,2350,2322,2311,2263,2202,2134,2010,1877,1750,1636,1555,1422,1294,1288,1154,1139,1075,969,897,817,746,729,709,716,748,727,723,749,738,757,810,825,851,866,894,906,961,969,1024,1050,1110,1146,1211,1210,1218,1258,1244,1194,1175,1166,1188,1245,1273,1320,1401,1381,1337,1322,1218,1213,1170,1118,1094,1155,1196,1235,1255,1364,1387,1390,1354,1397,1425,1528,1517,1521,1576,1598,1583,1497,1412,1293,1208,1144,1173,1102,1087,1156,1262,1317,1369,1417,1423,1431,1473,1449,1472,1514,1445,1468,1469,1468,1396,1377,1367,1376,1321,1271,1218,1220,1189,1122,1045,918,829,766,655,615,610,631,612,645,663,716,765,814,859,922,1068,1144,1204,1250,1310,1399,1471,1538,1558,1581,1637,1656,1665,1617,1672,1739,1770,1793,1793,1801,1836,1886,1825,1810,1874,1856,1871,1941,2048,2102,2135,2234,2307,
1,3,5,5,8,12,18,27,36,39,45,50,77,93,130,150,202,268,339,487,568,718,931,1137,1387,1653,1811,1953,2079,2158,2314,2337,2408,2411,2384,2342,2351,2331,2350,2322,2311,2263,2202,2134,2010,1877,1750,1636,1555,1422,1294,1288,1154,1139,1075,969,897,817,746,729,709,716,748,727,723,749,738,757,810,825,851,866,894,906,961,969,1024,1050,1110,1146,1211,1210,1218,1258,1244,1194,1175,1166,1188,1245,1273,1320,1401,1381,1337,1322,1218,1213,1170,1118,1094,1155,1196,1235,1255,1364,1387,1390,1354,1397,1425,1528,1517,1521,1576,1598,1583,1497,1412,1293,1208,1144,1173,1102,1087,1156,1262,1317,1369,1417,1423,1431,1473,1449,1472,1514,1445,1468,1469,1468,1396,1377,1367,1376,1321,1271,1218,1220,1189,1122,1045,918,829,766,655,615,610,631,612,645,663,716,765,814,859,922,1068,1144,1204,1250,1310,1399,1471,1538,1558,1581,1637,1656,1665,1617,1672,1739,1770,1793,1793,1801,1836,1886,1825,1810,1874,1856,1871,1941,2048,2102,2135,2234,2307,
1,4,7,7,9,12,15,18,28,38,52,67,77,100,131,169,199,256,322,393,493,620,783,1002,1270,1589,1988,2288,2646,3126,3348,3514,3557,3499,3340,3143,2849,2519,2262,2026,1787,1623,1407,1219,1090,945,819,762,686,639,611,617,585,570,542,527,521,512,537,547,575,634,659,675,702,711,720,734,740,734,715,707,691,697,702,719,757,797,842,899,938,983,999,1023,1004,1041,1041,1048,1060,1063,1083,1088,1106,1098,1094,1103,1092,1092,1035,958,948,934,971,990,1040,1079,1062,1090,1127,1198,1229,1260,1293,1305,1353,1397,1429,1454,1421,1425,1373,1324,1316,1292,1308,1261,1261,1274,1234,1206,1159,1079,1033,1004,1038,1106,1180,1242,1207,1263,1266,1246,1199,1172,1066,948,831,765,727,679,650,633,637,609,625,645,660,701,755,790,773,760,728,733,742,741,746,750,755,712,712,697,676,663,654,674,686,693,729,775,855,913,989,1052,1183,1320,1497,1623,1804,2009,2170,2254,2483,2587,2662,2596,2565,2535,2497,
1,4,7,7,9,12,15,18,28,38,52,67,77,100,131,169,199,256,322,393,493,620,783,1002,1270,1589,1988,2288,2646,3126,3348,3514,3557,3499,3340,3143,2849,2519,2262,2026,1787,1623,1407,1219,1090,945,819,762,686,639,611,617,585,570,542,527,521,512,537,547,575,634,659,675,702,711,720,734,740,734,715,707,691,697,702,719,757,797,842,899,938,983,999,1023,1004,1041,1041,1048,1060,1063,1083,1088,1106,1098,1094,1103,1092,1092,1035,958,948,934,971,990,1040,1079,1062,1090,1127,1198,1229,1260,1293,1305,1353,1397,1429,1454,1421,1425,1373,1324,1316,1292,1308,1261,1261,1274,1234,1206,1159,1079,1033,1004,1038,1106,1180,1242,1207,1263,1266,1246,1199,1172,1066,948,831,765,727,679,650,633,637,609,625,645,660,701,755,790,773,760,728,733,742,741,746,750,755,712,712,697,676,663,654,674,686,693,729,775,855,913,989,1052,1183,1320,1497,1623,1804,2009,2170,2254,2483,2587,2662,2596,2565,2535,2497,
1,4,7,7,9,12,15,18,28,38,52,67,77,100,131,169,199,256,322,393,493,620,783,1002,1270,1589,1988,2288,2646,3126,3348,3514,3557,3499,3340,3143,2849,2519,2262,2026,1787,1623,1407,1219,1090,945,819,762,686,639,611,617,585,570,542,527,521,512,537,547,575,634,659,675,702,711,720,734,740,734,715,707,691,697,702,719,757,797,842,899,938,983,999,1023,1004,1041,1041,1048,1060,1063,1083,1088,1106,1098,1094,1103,1092,1092,1035,958,948,934,971,990,1040,1079,1062,1090,1127,1198,1229,1260,1293,1305,1353,1397,1429,1454,1421,1425,1373,1324,1316,1292,1308,1261,1261,1274,1234,1206,1159,1079,1033,1004,1038,1106,1180,1242,1207,1263,1266,1246,1199,1172,1066,948,831,765,727,679,650,633,637,609,625,645,660,701,755,790,773,760,728,733,742,741,746,750,755,712,712,697,676,663,654,674,686,693,729,775,855,913,989,1052,1183,1320,1497,1623,1804,2009,2170,2254,2483,2587,2662,2596,2565,2535,2497,
1,4,7,9,8,9,12,16,26,33,40,49,64,80,112,156,195,246,318,383,449,568,786,1037,1322,1590,1823,2079,2315,2501,2688,2852,3064,3105,3062,2995,3002,2949,2843,2745,2582,2380,2288,2155,1972,1761,1631,1408,1259,1202,1154,1079,1048,1015,1011,975,952,973,951,887,877,876,871,859,896,898,874,837,796,783,785,710,668,588,551,508,536,570,602,641,666,699,719,742,791,805,810,865,898,958,992,993,971,987,987,1011,974,924,890,835,816,807,777,759,794,850,934,968,966,970,972,973,979,946,952,997,1009,1056,1095,1151,1210,1224,1267,1253,1276,1253,1259,1282,1348,1452,1545,1593,1644,1675,1750,1805,1813,1812,1798,1837,1725,1606,1490,1334,1219,1091,1022,935,873,774,766,771,775,784,777,796,777,767,805,831,875,946,975,1013,1027,1045,1044,1045,1055,1054,1051,1017,1037,1086,1099,1102,1126,1164,1227,1293,1320,1288,1312,1357,1361,1455,1464,1518,1598,1673,1815,1955,2133,2174,2204,2156,2118,2032,1968,
1,3,4,5,6,7,11,18,30,37,44,57,73,89,117,149,185,214,271,355,426,552,692,814,953,1163,1417,1686,1973,2337,2551,2797,3010,3129,3085,2985,2824,2670,2447,2259,2029,1808,1598,1347,1128,986,853,732,641,571,534,502,495,492,475,471,490,496,523,558,573,586,622,623,648,693,707,708,732,746,755,785,811,796,797,800,827,859,881,917,984,981,1008,964,925,942,931,896,900,904,904,905,935,968,1013,964,945,935,958,968,959,947,908,965,978,1005,971,918,919,934,935,909,913,952,930,941,938,958,944,984,1018,1053,1093,1109,1107,1098,1087,1090,1071,1062,1060,1092,1118,1134,1165,1185,1220,1207,1222,1233,1241,1278,1222,1192,1162,1112,1092,1048,1013,1030,1051,1095,1052,1032,984,929,930,909,857,810,747,741,736,700,694,695,701,756,793,836,891,935,999,1064,1047,1135,1192,1346,1495,1628,1777,1834,1950,2074,2218,2307,2405,2523,2540,2638,2584,2611,2484,2394,2336,2337,2339,2484,2554,
1,3,5,5,6,8,10,16,26,37,48,61,81,100,132,155,221,286,332,440,546,696,867,1043,1228,1452,1691,1948,2225,2508,2780,3077,3429,3664,3809,3940,3841,3781,3452,3154,2850,2629,2391,2230,1971,1762,1620,1443,1327,1211,1088,1006,936,874,858,794,780,756,787,781,739,680,633,604,606,589,569,537,539,560,542,560,573,582,632,686,682,675,687,726,796,841,878,884,943,999,1061,1046,1050,1066,1051,1047,999,996,952,898,853,849,821,819,795,778,733,700,683,694,770,842,885,955,1010,1055,1108,1140,1140,1133,1111,1075,1075,1033,980,940,889,906,919,949,1043,1134,1217,1307,1318,1302,1192,1150,1139,1205,1178,1198,1203,1194,1174,1160,1095,1030,951,937,935,912,913,924,933,946,945,911,865,815,775,719,704,732,735,782,832,817,833,799,805,826,858,863,902,943,991,1074,1153,1219,1278,1274,1312,1387,1407,1481,1530,1566,1588,1529,1485,1406,1282,1161,1100,1058,1043,1015,971,877,846,775,737,
1,4,6,8,9,9,13,20,31,43,55,68,74,95,128,157,206,263,342,402,441,521,638,771,953,1177,1430,1737,1952,2063,2182,2250,2303,2328,2396,2339,2325,2367,2407,2283,2135,1896,1737,1564,1387,1256,1146,1057,989,967,920,874,830,817,789,774,764,774,828,828,805,755,752,748,748,745,733,697,673,664,643,615,617,607,581,576,592,624,632,667,711,765,782,772,733,719,711,707,752,789,810,869,903,929,943,910,883,849,823,764,739,685,669,680,731,791,857,912,996,1042,1078,1127,1217,1363,1431,1460,1355,1243,1117,1020,980,965,947,979,1040,1158,1263,1222,1249,1237,1260,1233,1200,1145,1125,1099,1121,1148,1150,1139,1127,1184,1172,1119,1030,929,869,773,698,673,627,583,553,537,528,523,537,540,579,637,699,725,754,813,859,873,927,954,970,950,938,899,917,949,957,937,985,1071,1203,1335,1453,1526,1590,1642,1681,1724,1739,1706,1747,1843,1902,1945,2052,2215,2427,2620,2826,3141,3339,
1,4,6,8,9,9,13,20,31,43,55,68,74,95,128,157,206,263,342,402,441,521,638,771,953,1177,1430,1737,1952,2063,2182,2250,2303,2328,2396,2339,2325,2367,2407,2283,2135,1896,1737,1564,1387,1256,1146,1057,989,967,920,874,830,817,789,774,764,774,828,828,805,755,752,748,748,745,733,697,673,664,643,615,617,607,581,576,592,624,632,667,711,765,782,772,733,719,711,707,752,789,810,869,903,929,943,910,883,849,823,764,739,685,669,680,731,791,857,912,996,1042,1078,1127,1217,1363,1431,1460,1355,1243,1117,1020,980,965,947,979,1040,1158,1263,1222,1249,1237,1260,1233,1200,1145,1125,1099,1121,1148,1150,1139,1127,1184,1172,1119,1030,929,869,773,698,673,627,583,553,537,528,523,537,540,579,637,699,725,754,813,859,873,927,954,970,950,938,899,917,949,957,937,985,1071,1203,1335,1453,1526,1590,1642,1681,1724,1739,1706,1747,1843,1902,1945,2052,2215,2427,2620,2826,3141,3339,
1,4,6,8,9,9,13,20,31,43,55,68,74,95,128,157,206,263,342,402,441,521,638,771,953,1177,1430,1737,1952,2063,2182,2250,2303,2328,2396,2339,2325,2367,2407,2283,2135,1896,1737,1564,1387,1256,1146,1057,989,967,920,874,830,817,789,774,764,774,828,828,805,755,752,748,748,745,733,697,673,664,643,615,617,607,581,576,592,624,632,667,711,765,782,772,733,719,711,707,752,789,810,869,903,929,943,910,883,849,823,764,739,685,669,680,731,791,857,912,996,1042,1078,1127,1217,1363,1431,1460,1355,1243,1117,1020,980,965,947,979,1040,1158,1263,1222,1249,1237,1260,1233,1200,1145,1125,1099,1121,1148,1150,1139,1127,1184,1172,1119,1030,929,869,773,698,673,627,583,553,537,528,523,537,540,579,637,699,725,754,813,859,873,927,954,970,950,938,899,917,949,957,937,985,1071,1203,1335,1453,1526,1590,1642,1681,1724,1739,1706,1747,1843,1902,1945,2052,2215,2427,2620,2826,3141,3339,
1,4,6,8,9,9,13,20,31,43,55,68,74,95,128,157,206,263,342,402,441,521,638,771,953,1177,1430,1737,1952,2063,2182,2250,2303,2328,2396,2339,2325,2367,2407,2283,2135,1896,1737,1564,1387,1256,1146,1057,989,967,920,874,830,817,789,774,764,774,828,828,805,755,752,748,748,745,733,697,673,664,643,615,617,607,581,576,592,624,632,667,711,765,782,772,733,719,711,707,752,789,810,869,903,929,943,910,883,849,823,764,739,685,669,680,731,791,857,912,996,1042,1078,1127,1217,1363,1431,1460,1355,1243,1117,1020,980,965,947,979,1040,1158,1263,1222,1249,1237,1260,1233,1200,1145,1125,1099,1121,1148,1150,1139,1127,1184,1172,1119,1030,929,869,773,698,673,627,583,553,537,528,523,537,540,579,637,699,725,754,813,859,873,927,954,970,950,938,899,917,949,957,937,985,1071,1203,1335,1453,1526,1590,1642,1681,1724,1739,1706,1747,1843,1902,1945,2052,2215,2427,2620,2826,3141,3339,
1,4,6,8,9,9,13,20,31,43,55,68,74,95,128,157,206,263,342,402,441,521,638,771,953,1177,1430,1737,1952,2063,2182,2250,2303,2328,2396,2339,2325,2367,2407,2283,2135,1896,1737,1564,1387,1256,1146,1057,989,967,920,874,830,817,789,774,764,774,828,828,805,755,752,748,748,745,733,697,673,664,643,615,617,607,581,576,592,624,632,667,711,765,782,772,733,719,711,707,752,789,810,869,903,929,943,910,883,849,823,764,739,685,669,680,731,791,857,912,996,1042,1078,1127,1217,1363,1431,1460,1355,1243,1117,1020,980,965,947,979,1040,1158,1263,1222,1249,1237,1260,1233,1200,1145,1125,1099,1121,1148,1150,1139,1127,1184,1172,1119,1030,929,869,773,698,673,627,583,553,537,528,523,537,540,579,637,699,725,754,813,859,873,927,954,970,950,938,899,917,949,957,937,985,1071,1203,1335,1453,1526,1590,1642,1681,1724,1739,1706,1747,1843,1902,1945,2052,2215,2427,2620,2826,3141,3339,
1,4,6,8,9,9,13,20,31,43,55,68,74,95,128,157,206,263,342,402,441,521,638,771,953,1177,1430,1737,1952,2063,2182,2250,2303,2328,2396,2339,2325,2367,2407,2283,2135,1896,1737,1564,1387,1256,1146,1057,989,967,920,874,830,817,789,774,764,774,828,828,805,755,752,748,748,745,733,697,673,664,643,615,617,607,581,576,592,624,632,667,711,765,782,772,733,719,711,707,752,789,810,869,903,929,943,910,883,849,823,764,739,685,669,680,731,791,857,912,996,1042,1078,1127,1217,1363,1431,1460,1355,1243,1117,1020,980,965,947,979,1040,1158,1263,1222,1249,1237,1260,1233,1200,1145,1125,1099,1121,1148,1150,1139,1127,1184,1172,1119,1030,929,869,773,698,673,627,583,553,537,528,523,537,540,579,637,699,725,754,813,859,873,927,954,970,950,938,899,917,949,957,937,985,1071,1203,1335,1453,1526,1590,1642,1681,1724,1739,1706,1747,1843,1902,1945,2052,2215,2427,2620,2826,3141,3339,
1,4,6,8,9,9,13,20,31,43,55,68,74,95,128,157,206,263,342,402,441,521,638,771,953,1177,1430,1737,1952,2063,2182,2250,2303,2328,2396,2339,2325,2367,2407,2283,2135,1896,1737,1564,1387,1256,1146,1057,989,967,920,874,830,817,789,774,764,774,828,828,805,755,752,748,748,745,733,697,673,664,643,615,617,607,581,576,592,624,632,667,711,765,782,772,733,719,711,707,752,789,810,869,903,929,943,910,883,849,823,764,739,685,669,680,731,791,857,912,996,1042,1078,1127,1217,1363,1431,1460,1355,1243,1117,1020,980,965,947,979,1040,1158,1263,1222,1249,1237,1260,1233,1200,1145,1125,1099,1121,1148,1150,1139,1127,1184,1172,1119,1030,929,869,773,698,673,627,583,553,537,528,523,537,540,579,637,699,725,754,813,859,873,927,954,970,950,938,899,917,949,957,937,985,1071,1203,1335,1453,1526,1590,1642,1681,1724,1739,1706,1747,1843,1902,1945,2052,2215,2427,2620,2826,3141,3339,
1,4,6,8,9,9,13,20,31,43,55,68,74,95,128,157,206,263,342,402,441,521,638,771,953,1177,1430,1737,1952,2063,2182,2250,2303,2328,2396,2339,2325,2367,2407,2283,2135,1896,1737,1564,1387,1256,1146,1057,989,967,920,874,830,817,789,774,764,774,828,828,805,755,752,748,748,745,733,697,673,664,643,615,617,607,581,576,592,624,632,667,711,765,782,772,733,719,711,707,752,789,810,869,903,929,943,910,883,849,823,764,739,685,669,680,731,791,857,912,996,1042,1078,1127,1217,1363,1431,1460,1355,1243,1117,1020,980,965,947,979,1040,1158,1263,1222,1249,1237,1260,1233,1200,1145,1125,1099,1121,1148,1150,1139,1127,1184,1172,1119,1030,929,869,773,698,673,627,583,553,537,528,523,537,540,579,637,699,725,754,813,859,873,927,954,970,950,938,899,917,949,957,937,985,1071,1203,1335,1453,1526,1590,1642,1681,1724,1739,1706,1747,1843,1902,1945,2052,2215,2427,2620,2826,3141,3339,
1,4,6,8,9,9,13,20,31,43,55,68,74,95,128,157,206,263,342,402,441,521,638,771,953,1177,1430,1737,1952,2063,2182,2250,2303,2328,2396,2339,2325,2367,2407,2283,2135,1896,1737,1564,1387,1256,1146,1057,989,967,920,874,830,817,789,774,764,774,828,828,805,755,752,748,748,745,733,697,673,664,643,615,617,607,581,576,592,624,632,667,711,765,782,772,733,719,711,707,752,789,810,869,903,929,943,910,883,849,823,764,739,685,669,680,731,791,857,912,996,1042,1078,1127,1217,1363,1431,1460,1355,1243,1117,1020,980,965,947,979,1040,1158,1263,1222,1249,1237,1260,1233,1200,1145,1125,1099,1121,1148,1150,1139,1127,1184,1172,1119,1030,929,869,773,698,673,627,583,553,537,528,523,537,540,579,637,699,725,754,813,859,873,927,954,970,950,938,899,917,949,957,937,985,1071,1203,1335,1453,1526,1590,1642,1681,1724,1739,1706,1747,1843,1902,1945,2052,2215,2427,2620,2826,3141,3339,
1,4,6,8,9,9,13,20,31,43,55,68,74,95,128,157,206,263,342,402,441,521,638,771,953,1177,1430,1737,1952,2063,2182,2250,2303,2328,2396,2339,2325,2367,2407,2283,2135,1896,1737,1564,1387,1256,1146,1057,989,967,920,874,830,817,789,774,764,774,828,828,805,755,752,748,748,745,733,697,673,664,643,615,617,607,581,576,592,624,632,667,711,765,782,772,733,719,711,707,752,789,810,869,903,929,943,910,883,849,823,764,739,685,669,680,731,791,857,912,996,1042,1078,1127,1217,1363,1431,1460,1355,1243,1117,1020,980,965,947,979,1040,1158,1263,1222,1249,1237,1260,1233,1200,1145,1125,1099,1121,1148,1150,1139,1127,1184,1172,1119,1030,929,869,773,698,673,627,583,553,537,528,523,537,540,579,637,699,725,754,813,859,873,927,954,970,950,938,899,917,949,957,937,985,1071,1203,1335,1453,1526,1590,1642,1681,1724,1739,1706,1747,1843,1902,1945,2052,2215,2427,2620,2826,3141,3339,
1,4,6,8,9,9,13,20,31,43,55,68,74,95,128,157,206,263,342,402,441,521,638,771,953,1177,1430,1737,1952,2063,2182,2250,2303,2328,2396,2339,2325,2367,2407,2283,2135,1896,1737,1564,1387,1256,1146,1057,989,967,920,874,830,817,789,774,764,774,828,828,805,755,752,748,748,745,733,697,673,664,643,615,617,607,581,576,592,624,632,667,711,765,782,772,733,719,711,707,752,789,810,869,903,929,943,910,883,849,823,764,739,685,669,680,731,791,857,912,996,1042,1078,1127,1217,1363,1431,1460,1355,1243,1117,1020,980,965,947,979,1040,1158,1263,1222,1249,1237,1260,1233,1200,1145,1125,1099,1121,1148,1150,1139,1127,1184,1172,1119,1030,929,869,773,698,673,627,583,553,537,528,523,537,540,579,637,699,725,754,813,859,873,927,954,970,950,938,899,917,949,957,937,985,1071,1203,1335,1453,1526,1590,1642,1681,1724,1739,1706,1747,1843,1902,1945,2052,2215,2427,2620,2826,3141,3339,
1,4,6,8,9,9,13,20,31,43,55,68,74,95,128,157,206,263,342,402,441,521,638,771,953,1177,1430,1737,1952,2063,2182,2250,2303,2328,2396,2339,2325,2367,2407,2283,2135,1896,1737,1564,1387,1256,1146,1057,989,967,920,874,830,817,789,774,764,774,828,828,805,755,752,748,748,745,733,697,673,664,643,615,617,607,581,576,592,624,632,667,711,765,782,772,733,719,711,707,752,789,810,869,903,929,943,910,883,849,823,764,739,685,669,680,731,791,857,912,996,1042,1078,1127,1217,1363,1431,1460,1355,1243,1117,1020,980,965,947,979,1040,1158,1263,1222,1249,1237,1260,1233,1200,1145,1125,1099,1121,1148,1150,1139,1127,1184,1172,1119,1030,929,869,773,698,673,627,583,553,537,528,523,537,540,579,637,699,725,754,813,859,873,927,954,970,950,938,899,917,949,957,937,985,1071,1203,1335,1453,1526,1590,1642,1681,1724,1739,1706,1747,1843,1902,1945,2052,2215,2427,2620,2826,3141,3339,
1,4,6,8,9,9,13,20,31,43,55,68,74,95,128,157,206,263,342,402,441,521,638,771,953,1177,1430,1737,1952,2063,2182,2250,2303,2328,2396,2339,2325,2367,2407,2283,2135,1896,1737,1564,1387,1256,1146,1057,989,967,920,874,830,817,789,774,764,774,828,828,805,755,752,748,748,745,733,697,673,664,643,615,617,607,581,576,592,624,632,667,711,765,782,772,733,719,711,707,752,789,810,869,903,929,943,910,883,849,823,764,739,685,669,680,731,791,857,912,996,1042,1078,1127,1217,1363,1431,1460,1355,1243,1117,1020,980,965,947,979,1040,1158,1263,1222,1249,1237,1260,1233,1200,1145,1125,1099,1121,1148,1150,1139,1127,1184,1172,1119,1030,929,869,773,698,673,627,583,553,537,528,523,537,540,579,637,699,725,754,813,859,873,927,954,970,950,938,899,917,949,957,937,985,1071,1203,1335,1453,1526,1590,1642,1681,1724,1739,1706,1747,1843,1902,1945,2052,2215,2427,2620,2826,3141,3339,
1,4,6,8,9,9,13,20,31,43,55,68,74,95,128,157,206,263,342,402,441,521,638,771,953,1177,1430,1737,1952,2063,2182,2250,2303,2328,2396,2339,2325,2367,2407,2283,2135,1896,1737,1564,1387,1256,1146,1057,989,967,920,874,830,817,789,774,764,774,828,828,805,755,752,748,748,745,733,697,673,664,643,615,617,607,581,576,592,624,632,667,711,765,782,772,733,719,711,707,752,789,810,869,903,929,943,910,883,849,823,764,739,685,669,680,731,791,857,912,996,1042,1078,1127,1217,1363,1431,1460,1355,1243,1117,1020,980,965,947,979,1040,1158,1263,1222,1249,1237,1260,1233,1200,1145,1125,1099,1121,1148,1150,1139,1127,1184,1172,1119,1030,929,869,773,698,673,627,583,553,537,528,523,537,540,579,637,699,725,754,813,859,873,927,954,970,950,938,899,917,949,957,937,985,1071,1203,1335,1453,1526,1590,1642,1681,1724,1739,1706,1747,1843,1902,1945,2052,2215,2427,2620,2826,3141,3339,
1,4,6,8,9,9,13,20,31,43,55,68,74,95,128,157,206,263,342,402,441,521,638,771,953,1177,1430,1737,1952,2063,2182,2250,2303,2328,2396,2339,2325,2367,2407,2283,2135,1896,1737,1564,1387,1256,1146,1057,989,967,920,874,830,817,789,774,764,774,828,828,805,755,752,748,748,745,733,697,673,664,643,615,617,607,581,576,592,624,632,667,711,765,782,772,733,719,711,707,752,789,810,869,903,929,943,910,883,849,823,764,739,685,669,680,731,791,857,912,996,1042,1078,1127,1217,1363,1431,1460,1355,1243,1117,1020,980,965,947,979,1040,1158,1263,1222,1249,1237,1260,1233,1200,1145,1125,1099,1121,1148,1150,1139,1127,1184,1172,1119,1030,929,869,773,698,673,627,583,553,537,528,523,537,540,579,637,699,725,754,813,859,873,927,954,970,950,938,899,917,949,957,937,985,1071,1203,1335,1453,1526,1590,1642,1681,1724,1739,1706,1747,1843,1902,1945,2052,2215,2427,2620,2826,3141,3339,
1,4,6,8,9,9,13,20,31,43,55,68,74,95,128,157,206,263,342,402,441,521,638,771,953,1177,1430,1737,1952,2063,2182,2250,2303,2328,2396,2339,2325,2367,2407,2283,2135,1896,1737,1564,1387,1256,1146,1057,989,967,920,874,830,817,789,774,764,774,828,828,805,755,752,748,748,745,733,697,673,664,643,615,617,607,581,576,592,624,632,667,711,765,782,772,733,719,711,707,752,789,810,869,903,929,943,910,883,849,823,764,739,685,669,680,731,791,857,912,996,1042,1078,1127,1217,1363,1431,1460,1355,1243,1117,1020,980,965,947,979,1040,1158,1263,1222,1249,1237,1260,1233,1200,1145,1125,1099,1121,1148,1150,1139,1127,1184,1172,1119,1030,929,869,773,698,673,627,583,553,537,528,523,537,540,579,637,699,725,754,813,859,873,927,954,970,950,938,899,917,949,957,937,985,1071,1203,1335,1453,1526,1590,1642,1681,1724,1739,1706,1747,1843,1902,1945,2052,2215,2427,2620,2826,3141,3339,
1,4,6,8,9,9,13,20,31,43,55,68,74,95,128,157,206,263,342,402,441,521,638,771,953,1177,1430,1737,1952,2063,2182,2250,2303,2328,2396,2339,2325,2367,2407,2283,2135,1896,1737,1564,1387,1256,1146,1057,989,967,920,874,830,817,789,774,764,774,828,828,805,755,752,748,748,745,733,697,673,664,643,615,617,607,581,576,592,624,632,667,711,765,782,772,733,719,711,707,752,789,810,869,903,929,943,910,883,849,823,764,739,685,669,680,731,791,857,912,996,1042,1078,1127,1217,1363,1431,1460,1355,1243,1117,1020,980,965,947,979,1040,1158,1263,1222,1249,1237,1260,1233,1200,1145,1125,1099,1121,1148,1150,1139,1127,1184,1172,1119,1030,929,869,773,698,673,627,583,553,537,528,523,537,540,579,637,699,725,754,813,859,873,927,954,970,950,938,899,917,949,957,937,985,1071,1203,1335,1453,1526,1590,1642,1681,1724,1739,1706,1747,1843,1902,1945,2052,2215,2427,2620,2826,3141,3339,
1,4,6,8,9,9,13,20,31,43,55,68,74,95,128,157,206,263,342,402,441,521,638,771,953,1177,1430,1737,1952,2063,2182,2250,2303,2328,2396,2339,2325,2367,2407,2283,2135,1896,1737,1564,1387,1256,1146,1057,989,967,920,874,830,817,789,774,764,774,828,828,805,755,752,748,748,745,733,697,673,664,643,615,617,607,581,576,592,624,632,667,711,765,782,772,733,719,711,707,752,789,810,869,903,929,943,910,883,849,823,764,739,685,669,680,731,791,857,912,996,1042,1078,1127,1217,1363,1431,1460,1355,1243,1117,1020,980,965,947,979,1040,1158,1263,1222,1249,1237,1260,1233,1200,1145,1125,1099,1121,1148,1150,1139,1127,1184,1172,1119,1030,929,869,773,698,673,627,583,553,537,528,523,537,540,579,637,699,725,754,813,859,873,927,954,970,950,938,899,917,949,957,937,985,1071,1203,1335,1453,1526,1590,1642,1681,1724,1739,1706,1747,1843,1902,1945,2052,2215,2427,2620,2826,3141,3339,
1,4,6,8,9,9,13,20,31,43,55,68,74,95,128,157,206,263,342,402,441,521,638,771,953,1177,1430,1737,1952,2063,2182,2250,2303,2328,2396,2339,2325,2367,2407,2283,2135,1896,1737,1564,1387,1256,1146,1057,989,967,920,874,830,817,789,774,764,774,828,828,805,755,752,748,748,745,733,697,673,664,643,615,617,607,581,576,592,624,632,667,711,765,782,772,733,719,711,707,752,789,810,869,903,929,943,910,883,849,823,764,739,685,669,680,731,791,857,912,996,1042,1078,1127,1217,1363,1431,1460,1355,1243,1117,1020,980,965,947,979,1040,1158,1263,1222,1249,1237,1260,1233,1200,1145,1125,1099,1121,1148,1150,1139,1127,1184,1172,1119,1030,929,869,773,698,673,627,583,553,537,528,523,537,540,579,637,699,725,754,813,859,873,927,954,970,950,938,899,917,949,957,937,985,1071,1203,1335,1453,1526,1590,1642,1681,1724,1739,1706,1747,1843,1902,1945,2052,2215,2427,2620,2826,3141,3339,
1,4,6,8,9,9,13,20,31,43,55,68,74,95,128,157,206,263,342,402,441,521,638,771,953,1177,1430,1737,1952,2063,2182,2250,2303,2328,2396,2339,2325,2367,2407,2283,2135,1896,1737,1564,1387,1256,1146,1057,989,967,920,874,830,817,789,774,764,774,828,828,805,755,752,748,748,745,733,697,673,664,643,615,617,607,581,576,592,624,632,667,711,765,782,772,733,719,711,707,752,789,810,869,903,929,943,910,883,849,823,764,739,685,669,680,731,791,857,912,996,1042,1078,1127,1217,1363,1431,1460,1355,1243,1117,1020,980,965,947,979,1040,1158,1263,1222,1249,1237,1260,1233,1200,1145,1125,1099,1121,1148,1150,1139,1127,1184,1172,1119,1030,929,869,773,698,673,627,583,553,537,528,523,537,540,579,637,699,725,754,813,859,873,927,954,970,950,938,899,917,949,957,937,985,1071,1203,1335,1453,1526,1590,1642,1681,1724,1739,1706,1747,1843,1902,1945,2052,2215,2427,2620,2826,3141,3339,
1,4,6,8,9,9,13,20,31,43,55,68,74,95,128,157,206,263,342,402,441,521,638,771,953,1177,1430,1737,1952,2063,2182,2250,2303,2328,2396,2339,2325,2367,2407,2283,2135,1896,1737,1564,1387,1256,1146,1057,989,967,920,874,830,817,789,774,764,774,828,828,805,755,752,748,748,745,733,697,673,664,643,615,617,607,581,576,592,624,632,667,711,765,782,772,733,719,711,707,752,789,810,869,903,929,943,910,883,849,823,764,739,685,669,680,731,791,857,912,996,1042,1078,1127,1217,1363,1431,1460,1355,1243,1117,1020,980,965,947,979,1040,1158,1263,1222,1249,1237,1260,1233,1200,1145,1125,1099,1121,1148,1150,1139,1127,1184,1172,1119,1030,929,869,773,698,673,627,583,553,537,528,523,537,540,579,637,699,725,754,813,859,873,927,954,970,950,938,899,917,949,957,937,985,1071,1203,1335,1453,1526,1590,1642,1681,1724,1739,1706,1747,1843,1902,1945,2052,2215,2427,2620,2826,3141,3339,
1,4,6,8,9,9,13,20,31,43,55,68,74,95,128,157,206,263,342,402,441,521,638,771,953,1177,1430,1737,1952,2063,2182,2250,2303,2328,2396,2339,2325,2367,2407,2283,2135,1896,1737,1564,1387,1256,1146,1057,989,967,920,874,830,817,789,774,764,774,828,828,805,755,752,748,748,745,733,697,673,664,643,615,617,607,581,576,592,624,632,667,711,765,782,772,733,719,711,707,752,789,810,869,903,929,943,910,883,849,823,764,739,685,669,680,731,791,857,912,996,1042,1078,1127,1217,1363,1431,1460,1355,1243,1117,1020,980,965,947,979,1040,1158,1263,1222,1249,1237,1260,1233,1200,1145,1125,1099,1121,1148,1150,1139,1127,1184,1172,1119,1030,929,869,773,698,673,627,583,553,537,528,523,537,540,579,637,699,725,754,813,859,873,927,954,970,950,938,899,917,949,957,937,985,1071,1203,1335,1453,1526,1590,1642,1681,1724,1739,1706,1747,1843,1902,1945,2052,2215,2427,2620,2826,3141,3339,
1,3,3,4,5,8,14,20,27,32,42,59,76,102,125,165,219,295,359,448,557,700,888,1091,1296,1562,1862,2215,2538,2651,2737,2754,2737,2733,2712,2688,2597,2666,2599,2488,2362,2174,1885,1604,1433,1363,1212,1157,1089,1010,932,868,829,826,816,773,747,713,691,657,629,624,617,590,600,612,622,648,696,688,660,656,669,723,765,849,928,1024,1136,1206,1230,1338,1359,1346,1390,1400,1367,1272,1240,1259,1223,1239,1157,1152,1111,1161,1162,1154,1108,1046,1009,965,928,905,870,889,851,852,821,808,803,784,777,787,776,786,783,805,825,845,831,788,794,789,811,841,874,887,925,970,1026,1030,1007,1002,969,949,943,913,905,889,910,941,915,900,887,879,887,909,928,891,835,781,761,755,776,782,820,862,829,812,834,862,878,949,979,953,945,905,848,817,757,728,692,659,626,574,554,535,567,583,591,586,606,644,706,757,822,897,998,1104,1199,1319,1504,1715,1888,2077,2325,2524,2793,
1,3,3,4,5,8,14,20,27,32,42,59,76,102,125,165,219,295,359,448,557,700,888,1091,1296,1562,1862,2215,2538,2651,2737,2754,2737,2733,2712,2688,2597,2666,2599,2488,2362,2174,1885,1604,1433,1363,1212,1157,1089,1010,932,868,829,826,816,773,747,713,691,657,629,624,617,590,600,612,622,648,696,688,660,656,669,723,765,849,928,1024,1136,1206,1230,1338,1359,1346,1390,1400,1367,1272,1240,1259,1223,1239,1157,1152,1111,1161,1162,1154,1108,1046,1009,965,928,905,870,889,851,852,821,808,803,784,777,787,776,786,783,805,825,845,831,788,794,789,811,841,874,887,925,970,1026,1030,1007,1002,969,949,943,913,905,889,910,941,915,900,887,879,887,909,928,891,835,781,761,755,776,782,820,862,829,812,834,862,878,949,979,953,945,905,848,817,757,728,692,659,626,574,554,535,567,583,591,586,606,644,706,757,822,897,998,1104,1199,1319,1504,1715,1888,2077,2325,2524,2793,
1,3,3,4,5,8,14,20,27,32,42,59,76,102,125,165,219,295,359,448,557,700,888,1091,1296,1562,1862,2215,2538,2651,2737,2754,2737,2733,2712,2688,2597,2666,2599,2488,2362,2174,1885,1604,1433,1363,1212,1157,1089,1010,932,868,829,826,816,773,747,713,691,657,629,624,617,590,600,612,622,648,696,688,660,656,669,723,765,849,928,1024,1136,1206,1230,1338,1359,1346,1390,1400,1367,1272,1240,1259,1223,1239,1157,1152,1111,1161,1162,1154,1108,1046,1009,965,928,905,870,889,851,852,821,808,803,784,777,787,776,786,783,805,825,845,831,788,794,789,811,841,874,887,925,970,1026,1030,1007,1002,969,949,943,913,905,889,910,941,915,900,887,879,887,909,928,891,835,781,761,755,776,782,820,862,829,812,834,862,878,949,979,953,945,905,848,817,757,728,692,659,626,574,554,535,567,583,591,586,606,644,706,757,822,897,998,1104,1199,1319,1504,1715,1888,2077,2325,2524,2793,
1,3,3,4,5,8,14,20,27,32,42,59,76,102,125,165,219,295,359,448,557,700,888,1091,1296,1562,1862,2215,2538,2651,2737,2754,2737,2733,2712,2688,2597,2666,2599,2488,2362,2174,1885,1604,1433,1363,1212,1157,1089,1010,932,868,829,826,816,773,747,713,691,657,629,624,617,590,600,612,622,648,696,688,660,656,669,723,765,849,928,1024,1136,1206,1230,1338,1359,1346,1390,1400,1367,1272,1240,1259,1223,1239,1157,1152,1111,1161,1162,1154,1108,1046,1009,965,928,905,870,889,851,852,821,808,803,784,777,787,776,786,783,805,825,845,831,788,794,789,811,841,874,887,925,970,1026,1030,1007,1002,969,949,943,913,905,889,910,941,915,900,887,879,887,909,928,891,835,781,761,755,776,782,820,862,829,812,834,862,878,949,979,953,945,905,848,817,757,728,692,659,626,574,554,535,567,583,591,586,606,644,706,757,822,897,998,1104,1199,1319,1504,1715,1888,2077,2325,2524,2793,
1,3,3,4,5,8,14,20,27,32,42,59,76,102,125,165,219,295,359,448,557,700,888,1091,1296,1562,1862,2215,2538,2651,2737,2754,2737,2733,2712,2688,2597,2666,2599,2488,2362,2174,1885,1604,1433,1363,1212,1157,1089,1010,932,868,829,826,816,773,747,713,691,657,629,624,617,590,600,612,622,648,696,688,660,656,669,723,765,849,928,1024,1136,1206,1230,1338,1359,1346,1390,1400,1367,1272,1240,1259,1223,1239,1157,1152,1111,1161,1162,1154,1108,1046,1009,965,928,905,870,889,851,852,821,808,803,784,777,787,776,786,783,805,825,845,831,788,794,789,811,841,874,887,925,970,1026,1030,1007,1002,969,949,943,913,905,889,910,941,915,900,887,879,887,909,928,891,835,781,761,755,776,782,820,862,829,812,834,862,878,949,979,953,945,905,848,817,757,728,692,659,626,574,554,535,567,583,591,586,606,644,706,757,822,897,998,1104,1199,1319,1504,1715,1888,2077,2325,2524,2793,
1,3,3,4,5,8,14,20,27,32,42,59,76,102,125,165,219,295,359,448,557,700,888,1091,1296,1562,1862,2215,2538,2651,2737,2754,2737,2733,2712,2688,2597,2666,2599,2488,2362,2174,1885,1604,1433,1363,1212,1157,1089,1010,932,868,829,826,816,773,747,713,691,657,629,624,617,590,600,612,622,648,696,688,660,656,669,723,765,849,928,1024,1136,1206,1230,1338,1359,1346,1390,1400,1367,1272,1240,1259,1223,1239,1157,1152,1111,1161,1162,1154,1108,1046,1009,965,928,905,870,889,851,852,821,808,803,784,777,787,776,786,783,805,825,845,831,788,794,789,811,841,874,887,925,970,1026,1030,1007,1002,969,949,943,913,905,889,910,941,915,900,887,879,887,909,928,891,835,781,761,755,776,782,820,862,829,812,834,862,878,949,979,953,945,905,848,817,757,728,692,659,626,574,554,535,567,583,591,586,606,644,706,757,822,897,998,1104,1199,1319,1504,1715,1888,2077,2325,2524,2793,
1,3,5,4,7,10,13,17,23,30,35,47,51,65,93,131,177,244,339,410,494,571,683,865,1072,1290,1505,1672,1871,2035,2252,2383,2444,2503,2522,2629,2631,2580,2471,2285,2147,1997,1900,1723,1500,1352,1218,1104,1021,940,902,864,808,781,731,701,701,681,684,674,654,635,617,588,592,604,598,621,653,658,669,675,719,751,779,812,827,857,897,934,992,1029,1026,993,974,990,962,918,891,925,934,926,891,914,928,926,940,949,969,903,906,944,918,972,1014,1038,1065,1090,1138,1135,1148,1162,1170,1192,1210,1235,1196,1203,1154,1117,1188,1268,1272,1213,1178,1218,1250,1279,1267,1251,1264,1292,1301,1246,1220,1234,1183,1147,1075,1046,1024,1041,977,951,941,880,785,708,682,678,640,618,590,582,572,584,587,581,596,629,631,689,720,784,828,844,862,901,945,983,1069,1146,1196,1186,1176,1207,1225,1274,1264,1258,1260,1315,1368,1458,1556,1642,1723,1767,1791,1786,1837,1846,1856,1933,2096,2206,2273,2308,2223,
1,6,7,7,8,11,18,24,32,41,49,72,88,118,145,169,223,263,306,378,438,539,662,835,1001,1154,1332,1467,1620,1809,1931,1958,1985,1994,2001,2062,2008,1998,2018,1976,1941,1953,1917,1907,1887,1865,1738,1623,1496,1341,1252,1161,1091,1049,1004,944,890,789,726,706,699,695,674,644,586,601,610,621,654,654,690,750,786,800,839,847,852,831,811,822,813,810,875,954,992,1062,1039,1027,1032,1002,1004,1001,1005,1002,982,974,915,933,972,972,996,965,991,1023,1051,1045,1010,965,908,863,851,850,853,884,868,866,889,921,939,917,927,975,1022,996,1015,1071,1103,1126,1101,1111,1143,1154,1107,1074,1037,1035,1030,1050,1050,1010,968,923,830,768,716,696,693,694,664,649,604,625,635,652,660,701,735,759,788,838,898,987,1021,1061,1091,1160,1161,1127,1115,1056,989,945,902,890,889,847,879,921,967,1037,1141,1229,1296,1362,1446,1444,1439,1466,1488,1484,1450,1369,1302,1248,1204,1169,1162,1141,1095,
1,5,5,6,8,8,12,20,25,35,43,61,65,78,103,137,189,264,369,472,568,673,737,873,1073,1270,1468,1731,2113,2364,2543,2728,2901,3007,3145,3059,2901,2731,2401,2124,1875,1690,1499,1358,1278,1170,1061,943,859,799,711,672,640,668,667,667,685,689,695,696,699,648,616,603,629,652,639,629,619,619,612,655,713,722,700,683,681,734,762,801,792,802,815,801,780,764,726,736,744,781,805,846,845,892,904,941,916,900,872,855,806,753,682,661,623,633,691,718,771,813,873,935,949,952,987,963,980,923,899,866,829,816,790,800,801,869,918,991,1008,1062,1138,1219,1281,1325,1365,1480,1528,1602,1652,1630,1608,1554,1442,1375,1266,1161,1045,951,894,871,825,750,666,664,633,621,614,616,654,671,715,702,710,708,680,681,658,649,658,680,675,680,685,690,675,707,727,792,870,971,1044,1065,1084,1111,1153,1236,1319,1489,1592,1749,1898,1967,2019,2145,2291,2469,2666,2779,3160,
1,3,5,5,7,9,13,17,26,26,30,43,67,81,98,132,160,207,286,371,449,560,730,930,1112,1339,1508,1736,1985,2163,2280,2409,2544,2602,2648,2660,2684,2726,2575,2400,2192,2047,1814,1568,1395,1276,1164,1154,1107,1124,1137,1158,1117,1085,1015,956,883,860,828,818,795,815,818,773,731,694,659,656,632,609,619,627,634,644,686,695,661,668,657,649,652,673,674,702,710,723,720,713,732,783,857,917,989,1042,1095,1154,1150,1135,1088,1072,1044,1021,1034,1063,1068,1077,1114,1094,1114,1082,1061,1029,1052,1118,1089,1141,1189,1241,1199,1142,1066,1009,956,970,1011,1044,1072,1078,1073,1087,1094,1076,1014,1047,1133,1174,1168,1168,1140,1084,1037,973,870,855,782,756,719,676,644,608,563,534,509,502,482,494,521,575,641,703,763,828,841,896,913,932,904,861,803,807,772,761,730,719,710,728,758,804,862,895,930,994,1081,1131,1211,1284,1345,1454,1635,1712,1835,1968,2040,2029,1928,1849,1756,1700,1609,
1,3,5,5,7,9,13,17,26,26,30,43,67,81,98,132,160,207,286,371,449,560,730,930,1112,1339,1508,1736,1985,2163,2280,2409,2544,2602,2648,2660,2684,2726,2575,2400,2192,2047,1814,1568,1395,1276,1164,1154,1107,1124,1137,1158,1117,1085,1015,956,883,860,828,818,795,815,818,773,731,694,659,656,632,609,619,627,634,644,686,695,661,668,657,649,652,673,674,702,710,723,720,713,732,783,857,917,989,1042,1095,1154,1150,1135,1088,1072,1044,1021,1034,1063,1068,1077,1114,1094,1114,1082,1061,1029,1052,1118,1089,1141,1189,1241,1199,1142,1066,1009,956,970,1011,1044,1072,1078,1073,1087,1094,1076,1014,1047,1133,1174,1168,1168,1140,1084,1037,973,870,855,782,756,719,676,644,608,563,534,509,502,482,494,521,575,641,703,763,828,841,896,913,932,904,861,803,807,772,761,730,719,710,728,758,804,862,895,930,994,1081,1131,1211,1284,1345,1454,1635,1712,1835,1968,2040,2029,1928,1849,1756,1700,1609,
1,3,5,5,7,9,13,17,26,26,30,43,67,81,98,132,160,207,286,371,449,560,730,930,1112,1339,1508,1736,1985,2163,2280,2409,2544,2602,2648,2660,2684,2726,2575,2400,2192,2047,1814,1568,1395,1276,1164,1154,1107,1124,1137,1158,1117,1085,1015,956,883,860,828,818,795,815,818,773,731,694,659,656,632,609,619,627,634,644,686,695,661,668,657,649,652,673,674,702,710,723,720,713,732,783,857,917,989,1042,1095,1154,1150,1135,1088,1072,1044,1021,1034,1063,1068,1077,1114,1094,1114,1082,1061,1029,1052,1118,1089,1141,1189,1241,1199,1142,1066,1009,956,970,1011,1044,1072,1078,1073,1087,1094,1076,1014,1047,1133,1174,1168,1168,1140,1084,1037,973,870,855,782,756,719,676,644,608,563,534,509,502,482,494,521,575,641,703,763,828,841,896,913,932,904,861,803,807,772,761,730,719,710,728,758,804,862,895,930,994,1081,1131,1211,1284,1345,1454,1635,1712,1835,1968,2040,2029,1928,1849,1756,1700,1609,
1,3,5,5,7,9,13,17,26,26,30,43,67,81,98,132,160,207,286,371,449,560,730,930,1112,1339,1508,1736,1985,2163,2280,2409,2544,2602,2648,2660,2684,2726,2575,2400,2192,2047,1814,1568,1395,1276,1164,1154,1107,1124,1137,1158,1117,1085,1015,956,883,860,828,818,795,815,818,773,731,694,659,656,632,609,619,627,634,644,686,695,661,668,657,649,652,673,674,702,710,723,720,713,732,783,857,917,989,1042,1095,1154,1150,1135,1088,1072,1044,1021,1034,1063,1068,1077,1114,1094,1114,1082,1061,1029,1052,1118,1089,1141,1189,1241,1199,1142,1066,1009,956,970,1011,1044,1072,1078,1073,1087,1094,1076,1014,1047,1133,1174,1168,1168,1140,1084,1037,973,870,855,782,756,719,676,644,608,563,534,509,502,482,494,521,575,641,703,763,828,841,896,913,932,904,861,803,807,772,761,730,719,710,728,758,804,862,895,930,994,1081,1131,1211,1284,1345,1454,1635,1712,1835,1968,2040,2029,1928,1849,1756,1700,1609,
1,4,7,8,9,13,16,22,29,35,40,57,82,100,123,152,198,256,317,397,471,550,725,927,1117,1322,1602,1848,2091,2260,2392,2548,2632,2713,2656,2550,2543,2438,2304,2333,2312,2195,1965,1774,1568,1436,1295,1173,1090,995,918,834,797,776,746,731,721,739,738,730,751,823,829,845,869,915,948,975,1003,1010,992,992,954,952,931,878,866,868,899,941,935,933,956,966,983,1024,1061,1082,1116,1185,1229,1215,1227,1260,1282,1318,1277,1229,1149,1078,1027,1015,953,898,880,861,860,804,801,767,787,848,883,908,863,832,824,807,826,885,930,964,995,1022,1075,1089,1107,1149,1124,1103,1051,952,877,872,842,793,744,687,675,671,682,681,674,649,633,624,637,644,625,642,665,679,711,674,703,720,719,753,767,788,824,791,814,803,853,857,873,858,802,795,820,833,850,856,893,946,963,1000,1018,1058,1097,1168,1223,1313,1376,1533,1669,1867,2077,2333,2518,2758,2958,3144,3455,3819,4134,4364,4601,
1,3,4,6,9,13,17,24,36,40,46,47,72,103,125,176,229,296,375,528,674,797,945,1134,1225,1376,1565,1684,1806,1973,2111,2291,2388,2427,2466,2472,2533,2590,2501,2323,2124,1888,1685,1577,1552,1452,1327,1193,997,916,880,829,772,806,833,837,892,942,930,868,827,731,639,590,534,483,486,471,465,499,504,535,560,583,643,658,662,704,719,777,815,888,941,946,967,938,894,831,825,810,852,908,973,970,991,940,926,937,899,875,835,819,764,695,683,655,690,757,834,926,987,1057,1118,1191,1220,1211,1238,1280,1350,1494,1562,1624,1621,1660,1716,1744,1773,1716,1644,1585,1564,1511,1415,1353,1287,1198,1207,1213,1195,1242,1245,1199,1182,1119,1103,1076,1067,989,935,885,826,804,786,795,833,871,911,960,1039,1115,1164,1242,1260,1252,1222,1199,1160,1173,1173,1201,1220,1235,1158,1077,1039,1000,967,948,982,1009,1067,1163,1290,1433,1594,1709,1873,2115,2300,2489,2582,2669,2643,2562,2555,2494,2536,2569,2646,
1,4,4,3,7,6,10,19,25,29,32,44,56,80,106,128,187,229,288,363,407,502,662,860,1071,1324,1542,1773,1926,2043,2168,2353,2508,2579,2597,2583,2377,2184,1858,1611,1461,1314,1203,1061,953,865,812,764,713,690,670,665,635,623,637,613,600,594,582,607,588,574,591,614,641,655,656,671,629,602,578,575,615,651,664,664,667,693,732,766,790,834,847,858,892,913,960,1007,1040,1110,1143,1155,1208,1221,1250,1237,1245,1228,1202,1139,1109,1047,1008,952,954,952,956,890,868,904,991,1023,1105,1149,1148,1157,1186,1179,1209,1245,1249,1258,1251,1235,1230,1207,1242,1329,1369,1401,1402,1391,1347,1288,1268,1276,1301,1375,1383,1376,1376,1359,1286,1236,1155,1067,1013,977,944,970,973,977,943,880,858,783,750,742,713,747,778,828,889,916,950,990,1064,1052,1132,1179,1191,1224,1242,1251,1286,1329,1339,1371,1432,1477,1505,1557,1561,1517,1544,1557,1580,1585,1570,1627,1705,1713,1785,1800,1918,2040,2139,2268,2393,
1,3,4,4,8,11,12,16,27,36,50,60,90,108,128,176,240,307,355,445,532,589,707,897,1031,1248,1457,1660,1897,2139,2371,2562,2649,2720,2701,2677,2719,2695,2536,2422,2272,2087,1838,1573,1391,1224,1094,1068,1077,1090,1112,1089,1094,1124,1127,1125,1167,1179,1229,1255,1238,1221,1163,1088,1039,1041,1040,976,939,916,855,830,852,823,809,809,811,809,808,821,807,777,727,703,682,685,655,644,646,665,651,650,659,671,686,728,737,724,710,760,733,731,710,716,772,845,945,981,1049,1079,1077,1069,1024,985,922,874,831,838,814,839,903,945,980,995,1028,1039,1107,1138,1222,1231,1281,1310,1330,1355,1339,1337,1248,1193,1152,1136,1163,1157,1127,1163,1138,1112,1064,1005,978,967,935,869,805,769,761,749,724,734,758,780,818,843,864,856,864,873,907,908,926,890,888,911,915,967,1011,1050,1041,1076,1143,1215,1281,1333,1403,1466,1548,1618,1685,1785,1907,2051,2179,2419,2539,2715,2884,2922,3044,3160,3359,
1,3,4,4,8,11,12,16,27,36,50,60,90,108,128,176,240,307,355,445,532,589,707,897,1031,1248,1457,1660,1897,2139,2371,2562,2649,2720,2701,2677,2719,2695,2536,2422,2272,2087,1838,1573,1391,1224,1094,1068,1077,1090,1112,1089,1094,1124,1127,1125,1167,1179,1229,1255,1238,1221,1163,1088,1039,1041,1040,976,939,916,855,830,852,823,809,809,811,809,808,821,807,777,727,703,682,685,655,644,646,665,651,650,659,671,686,728,737,724,710,760,733,731,710,716,772,845,945,981,1049,1079,1077,1069,1024,985,922,874,831,838,814,839,903,945,980,995,1028,1039,1107,1138,1222,1231,1281,1310,1330,1355,1339,1337,1248,1193,1152,1136,1163,1157,1127,1163,1138,1112,1064,1005,978,967,935,869,805,769,761,749,724,734,758,780,818,843,864,856,864,873,907,908,926,890,888,911,915,967,1011,1050,1041,1076,1143,1215,1281,1333,1403,1466,1548,1618,1685,1785,1907,2051,2179,2419,2539,2715,2884,2922,3044,3160,3359,
1,3,4,5,7,10,15,23,26,34,42,47,64,93,121,154,202,275,342,472,568,728,893,1115,1378,1681,2010,2322,2549,2762,2925,3014,3114,3156,2985,2649,2413,2208,1995,1823,1672,1496,1352,1199,1073,992,936,844,850,839,858,889,884,913,956,994,1052,1095,1156,1174,1166,1187,1180,1122,1105,1002,906,817,752,740,730,759,766,773,787,775,779,782,793,785,778,757,746,733,744,748,746,757,782,761,782,779,846,855,880,871,843,849,806,792,814,769,788,856,870,815,813,866,871,867,898,935,966,1008,1021,1076,1103,1087,1099,1080,1022,946,976,951,927,921,925,953,965,961,961,902,835,798,786,792,797,784,776,736,699,728,746,749,746,723,698,709,678,661,625,564,508,504,479,456,446,429,441,437,458,468,463,471,462,487,479,499,512,538,566,579,609,620,640,694,764,812,885,933,1014,1116,1142,1220,1300,1358,1347,1395,1401,1468,1488,1450,1507,1519,1450,1367,1271,1178,1048,
1,3,4,5,7,10,15,23,26,34,42,47,64,93,121,154,202,275,342,472,568,728,893,1115,1378,1681,2010,2322,2549,2762,2925,3014,3114,3156,2985,2649,2413,2208,1995,1823,1672,1496,1352,1199,1073,992,936,844,850,839,858,889,884,913,956,994,1052,1095,1156,1174,1166,1187,1180,1122,1105,1002,906,817,752,740,730,759,766,773,787,775,779,782,793,785,778,757,746,733,744,748,746,757,782,761,782,779,846,855,880,871,843,849,806,792,814,769,788,856,870,815,813,866,871,867,898,935,966,1008,1021,1076,1103,1087,1099,1080,1022,946,976,951,927,921,925,953,965,961,961,902,835,798,786,792,797,784,776,736,699,728,746,749,746,723,698,709,678,661,625,564,508,504,479,456,446,429,441,437,458,468,463,471,462,487,479,499,512,538,566,579,609,620,640,694,764,812,885,933,1014,1116,1142,1220,1300,1358,1347,1395,1401,1468,1488,1450,1507,1519,1450,1367,1271,1178,1048,
1,3,5,6,7,9,11,22,32,46,54,65,70,82,117,154,221,283,363,465,546,649,760,911,1029,1137,1202,1311,1366,1414,1463,1495,1557,1589,1680,1677,1650,1604,1473,1458,1369,1338,1273,1203,1175,1139,1077,1052,1025,982,953,914,860,787,707,655,641,638,653,692,714,711,713,713,703,726,759,734,722,724,729,705,714,747,807,843,851,903,909,883,869,869,871,854,820,848,862,816,833,874,956,999,1025,1041,1104,1091,1116,1063,1005,941,869,809,798,802,779,766,767,773,749,747,778,784,791,829,861,909,950,1010,1048,1088,1118,1137,1075,1066,1106,1102,1179,1199,1160,1199,1240,1262,1281,1283,1263,1273,1284,1282,1258,1256,1224,1134,1125,1100,1120,1096,1071,1029,951,933,907,903,875,867,834,792,770,780,819,886,895,940,999,1090,1074,1002,884,773,671,656,623,636,605,618,643,679,706,761,820,879,924,958,1042,1123,1232,1338,1410,1566,1625,1694,1831,1998,2148,2352,2448,2667,2873,3122,3385,
1,3,5,6,7,9,11,22,32,46,54,65,70,82,117,154,221,283,363,465,546,649,760,911,1029,1137,1202,1311,1366,1414,1463,1495,1557,1589,1680,1677,1650,1604,1473,1458,1369,1338,1273,1203,1175,1139,1077,1052,1025,982,953,914,860,787,707,655,641,638,653,692,714,711,713,713,703,726,759,734,722,724,729,705,714,747,807,843,851,903,909,883,869,869,871,854,820,848,862,816,833,874,956,999,1025,1041,1104,1091,1116,1063,1005,941,869,809,798,802,779,766,767,773,749,747,778,784,791,829,861,909,950,1010,1048,1088,1118,1137,1075,1066,1106,1102,1179,1199,1160,1199,1240,1262,1281,1283,1263,1273,1284,1282,1258,1256,1224,1134,1125,1100,1120,1096,1071,1029,951,933,907,903,875,867,834,792,770,780,819,886,895,940,999,1090,1074,1002,884,773,671,656,623,636,605,618,643,679,706,761,820,879,924,958,1042,1123,1232,1338,1410,1566,1625,1694,1831,1998,2148,2352,2448,2667,2873,3122,3385,
1,3,5,6,7,9,11,22,32,46,54,65,70,82,117,154,221,283,363,465,546,649,760,911,1029,1137,1202,1311,1366,1414,1463,1495,1557,1589,1680,1677,1650,1604,1473,1458,1369,1338,1273,1203,1175,1139,1077,1052,1025,982,953,914,860,787,707,655,641,638,653,692,714,711,713,713,703,726,759,734,722,724,729,705,714,747,807,843,851,903,909,883,869,869,871,854,820,848,862,816,833,874,956,999,1025,1041,1104,1091,1116,1063,1005,941,869,809,798,802,779,766,767,773,749,747,778,784,791,829,861,909,950,1010,1048,1088,1118,1137,1075,1066,1106,1102,1179,1199,1160,1199,1240,1262,1281,1283,1263,1273,1284,1282,1258,1256,1224,1134,1125,1100,1120,1096,1071,1029,951,933,907,903,875,867,834,792,770,780,819,886,895,940,999,1090,1074,1002,884,773,671,656,623,636,605,618,643,679,706,761,820,879,924,958,1042,1123,1232,1338,1410,1566,1625,1694,1831,1998,2148,2352,2448,2667,2873,3122,3385,
1,3,5,6,7,9,11,22,32,46,54,65,70,82,117,154,221,283,363,465,546,649,760,911,1029,1137,1202,1311,1366,1414,1463,1495,1557,1589,1680,1677,1650,1604,1473,1458,1369,1338,1273,1203,1175,1139,1077,1052,1025,982,953,914,860,787,707,655,641,638,653,692,714,711,713,713,703,726,759,734,722,724,729,705,714,747,807,843,851,903,909,883,869,869,871,854,820,848,862,816,833,874,956,999,1025,1041,1104,1091,1116,1063,1005,941,869,809,798,802,779,766,767,773,749,747,778,784,791,829,861,909,950,1010,1048,1088,1118,1137,1075,1066,1106,1102,1179,1199,1160,1199,1240,1262,1281,1283,1263,1273,1284,1282,1258,1256,1224,1134,1125,1100,1120,1096,1071,1029,951,933,907,903,875,867,834,792,770,780,819,886,895,940,999,1090,1074,1002,884,773,671,656,623,636,605,618,643,679,706,761,820,879,924,958,1042,1123,1232,1338,1410,1566,1625,1694,1831,1998,2148,2352,2448,2667,2873,3122,3385,
1,3,5,6,7,9,11,22,32,46,54,65,70,82,117,154,221,283,363,465,546,649,760,911,1029,1137,1202,1311,1366,1414,1463,1495,1557,1589,1680,1677,1650,1604,1473,1458,1369,1338,1273,1203,1175,1139,1077,1052,1025,982,953,914,860,787,707,655,641,638,653,692,714,711,713,713,703,726,759,734,722,724,729,705,714,747,807,843,851,903,909,883,869,869,871,854,820,848,862,816,833,874,956,999,1025,1041,1104,1091,1116,1063,1005,941,869,809,798,802,779,766,767,773,749,747,778,784,791,829,861,909,950,1010,1048,1088,1118,1137,1075,1066,1106,1102,1179,1199,1160,1199,1240,1262,1281,1283,1263,1273,1284,1282,1258,1256,1224,1134,1125,1100,1120,1096,1071,1029,951,933,907,903,875,867,834,792,770,780,819,886,895,940,999,1090,1074,1002,884,773,671,656,623,636,605,618,643,679,706,761,820,879,924,958,1042,1123,1232,1338,1410,1566,1625,1694,1831,1998,2148,2352,2448,2667,2873,3122,3385,
1,3,5,6,7,9,11,22,32,46,54,65,70,82,117,154,221,283,363,465,546,649,760,911,1029,1137,1202,1311,1366,1414,1463,1495,1557,1589,1680,1677,1650,1604,1473,1458,1369,1338,1273,1203,1175,1139,1077,1052,1025,982,953,914,860,787,707,655,641,638,653,692,714,711,713,713,703,726,759,734,722,724,729,705,714,747,807,843,851,903,909,883,869,869,871,854,820,848,862,816,833,874,956,999,1025,1041,1104,1091,1116,1063,1005,941,869,809,798,802,779,766,767,773,749,747,778,784,791,829,861,909,950,1010,1048,1088,1118,1137,1075,1066,1106,1102,1179,1199,1160,1199,1240,1262,1281,1283,1263,1273,1284,1282,1258,1256,1224,1134,1125,1100,1120,1096,1071,1029,951,933,907,903,875,867,834,792,770,780,819,886,895,940,999,1090,1074,1002,884,773,671,656,623,636,605,618,643,679,706,761,820,879,924,958,1042,1123,1232,1338,1410,1566,1625,1694,1831,1998,2148,2352,2448,2667,2873,3122,3385,
1,3,5,6,7,9,11,22,32,46,54,65,70,82,117,154,221,283,363,465,546,649,760,911,1029,1137,1202,1311,1366,1414,1463,1495,1557,1589,1680,1677,1650,1604,1473,1458,1369,1338,1273,1203,1175,1139,1077,1052,1025,982,953,914,860,787,707,655,641,638,653,692,714,711,713,713,703,726,759,734,722,724,729,705,714,747,807,843,851,903,909,883,869,869,871,854,820,848,862,816,833,874,956,999,1025,1041,1104,1091,1116,1063,1005,941,869,809,798,802,779,766,767,773,749,747,778,784,791,829,861,909,950,1010,1048,1088,1118,1137,1075,1066,1106,1102,1179,1199,1160,1199,1240,1262,1281,1283,1263,1273,1284,1282,1258,1256,1224,1134,1125,1100,1120,1096,1071,1029,951,933,907,903,875,867,834,792,770,780,819,886,895,940,999,1090,1074,1002,884,773,671,656,623,636,605,618,643,679,706,761,820,879,924,958,1042,1123,1232,1338,1410,1566,1625,1694,1831,1998,2148,2352,2448,2667,2873,3122,3385,
1,3,5,5,8,11,15,21,32,39,48,66,76,105,138,165,194,237,315,396,493,615,739,898,1080,1218,1421,1714,1936,2070,2151,2279,2299,2350,2304,2216,1996,1948,1834,1701,1584,1491,1457,1332,1269,1145,1108,1028,951,921,876,815,752,754,760,792,848,924,924,928,904,882,842,758,679,627,606,580,533,556,583,605,621,617,618,607,602,610,642,722,745,798,833,811,787,782,818,853,884,895,913,959,978,976,962,911,894,916,841,784,742,737,736,707,672,623,587,596,629,653,651,650,645,725,773,831,781,735,735,752,781,787,794,826,858,958,1046,1113,1186,1200,1137,1090,1084,1053,1036,991,964,935,934,932,915,885,818,790,753,715,665,658,670,690,681,634,616,593,592,606,609,666,693,741,803,815,848,855,831,858,830,801,800,793,795,778,792,818,850,948,1023,1145,1220,1339,1375,1425,1431,1531,1586,1702,1813,1901,2042,2176,2311,2407,2439,2398,2277,2216,2135,2020,1984,
1,3,5,5,8,11,15,21,32,39,48,66,76,105,138,165,194,237,315,396,493,615,739,898,1080,1218,1421,1714,1936,2070,2151,2279,2299,2350,2304,2216,1996,1948,1834,1701,1584,1491,1457,1332,1269,1145,1108,1028,951,921,876,815,752,754,760,792,848,924,924,928,904,882,842,758,679,627,606,580,533,556,583,605,621,617,618,607,602,610,642,722,745,798,833,811,787,782,818,853,884,895,913,959,978,976,962,911,894,916,841,784,742,737,736,707,672,623,587,596,629,653,651,650,645,725,773,831,781,735,735,752,781,787,794,826,858,958,1046,1113,1186,1200,1137,1090,1084,1053,1036,991,964,935,934,932,915,885,818,790,753,715,665,658,670,690,681,634,616,593,592,606,609,666,693,741,803,815,848,855,831,858,830,801,800,793,795,778,792,818,850,948,1023,1145,1220,1339,1375,1425,1431,1531,1586,1702,1813,1901,2042,2176,2311,2407,2439,2398,2277,2216,2135,2020,1984,
1,3,5,5,8,11,15,21,32,39,48,66,76,105,138,165,194,237,315,396,493,615,739,898,1080,1218,1421,1714,1936,2070,2151,2279,2299,2350,2304,2216,1996,1948,1834,1701,1584,1491,1457,1332,1269,1145,1108,1028,951,921,876,815,752,754,760,792,848,924,924,928,904,882,842,758,679,627,606,580,533,556,583,605,621,617,618,607,602,610,642,722,745,798,833,811,787,782,818,853,884,895,913,959,978,976,962,911,894,916,841,784,742,737,736,707,672,623,587,596,629,653,651,650,645,725,773,831,781,735,735,752,781,787,794,826,858,958,1046,1113,1186,1200,1137,1090,1084,1053,1036,991,964,935,934,932,915,885,818,790,753,715,665,658,670,690,681,634,616,593,592,606,609,666,693,741,803,815,848,855,831,858,830,801,800,793,795,778,792,818,850,948,1023,1145,1220,1339,1375,1425,1431,1531,1586,1702,1813,1901,2042,2176,2311,2407,2439,2398,2277,2216,2135,2020,1984,
1,2,4,4,7,9,12,19,27,41,44,50,65,88,130,172,203,261,295,357,427,545,683,798,927,1052,1142,1286,1489,1721,1928,2092,2236,2393,2464,2544,2486,2410,2320,2174,2095,2065,1988,1964,1848,1769,1676,1565,1446,1425,1349,1334,1301,1257,1213,1127,1086,1012,990,1008,1025,993,927,844,786,765,738,730,711,699,667,654,638,612,622,648,619,630,602,630,678,668,663,647,637,625,605,611,612,655,692,722,741,786,835,873,866,886,854,780,749,721,703,695,676,660,644,652,684,739,781,850,869,862,844,840,847,915,1016,1042,1045,1012,986,947,946,920,908,891,862,872,849,832,840,846,833,818,863,893,905,908,927,936,931,908,850,804,740,739,703,685,692,706,671,691,717,714,726,771,826,880,959,1016,1082,1099,1131,1135,1120,1099,1072,1065,1049,1028,1018,944,937,918,880,944,980,976,926,900,864,882,937,958,1007,1027,1115,1204,1251,1246,1259,1189,1192,1179,1089,1029,950,
1,2,4,4,7,9,12,19,27,41,44,50,65,88,130,172,203,261,295,357,427,545,683,798,927,1052,1142,1286,1489,1721,1928,2092,2236,2393,2464,2544,2486,2410,2320,2174,2095,2065,1988,1964,1848,1769,1676,1565,1446,1425,1349,1334,1301,1257,1213,1127,1086,1012,990,1008,1025,993,927,844,786,765,738,730,711,699,667,654,638,612,622,648,619,630,602,630,678,668,663,647,637,625,605,611,612,655,692,722,741,786,835,873,866,886,854,780,749,721,703,695,676,660,644,652,684,739,781,850,869,862,844,840,847,915,1016,1042,1045,1012,986,947,946,920,908,891,862,872,849,832,840,846,833,818,863,893,905,908,927,936,931,908,850,804,740,739,703,685,692,706,671,691,717,714,726,771,826,880,959,1016,1082,1099,1131,1135,1120,1099,1072,1065,1049,1028,1018,944,937,918,880,944,980,976,926,900,864,882,937,958,1007,1027,1115,1204,1251,1246,1259,1189,1192,1179,1089,1029,950,
1,3,5,4,5,9,13,17,27,35,36,40,54,70,104,137,163,213,278,385,469,565,790,980,1231,1505,1741,1918,2110,2372,2602,2848,3025,2996,2874,2833,2949,2930,2733,2631,2419,2207,1919,1651,1348,1214,1157,1102,1048,1034,975,891,812,799,769,755,775,766,739,707,720,757,760,703,725,732,715,722,762,762,798,783,763,781,755,736,762,752,752,816,803,800,802,839,821,805,764,709,703,691,675,714,758,818,823,826,811,822,868,855,825,794,800,866,924,973,1002,1049,1092,1161,1182,1206,1202,1204,1247,1284,1263,1314,1332,1343,1285,1326,1305,1333,1343,1349,1388,1336,1282,1196,1053,986,923,938,988,1012,1083,1067,1097,1125,1058,1008,941,892,814,684,612,556,570,560,554,550,538,547,518,549,599,642,724,820,896,985,1100,1175,1206,1213,1287,1381,1408,1425,1446,1492,1543,1498,1400,1265,1234,1169,1110,1052,1066,1144,1193,1238,1290,1401,1551,1621,1698,1755,1778,1834,1856,1814,1780,1863,1960,2135,2201,
1,3,5,5,9,11,12,19,32,36,34,48,64,85,113,153,194,264,325,399,476,565,695,877,1086,1298,1563,1789,2009,2294,2573,2847,3166,3311,3300,3213,3060,2992,2767,2511,2308,2174,1927,1687,1455,1265,1124,1003,952,906,809,787,815,832,858,830,809,831,867,921,943,955,924,861,867,846,870,872,876,865,835,807,757,732,735,734,765,774,803,834,898,1036,1139,1191,1255,1217,1145,1102,1084,1109,1133,1122,1090,1056,977,950,891,789,735,697,637,628,626,621,598,606,638,653,688,666,645,632,639,675,693,724,704,699,705,746,765,787,823,840,810,860,930,936,948,961,996,985,1003,1091,1174,1249,1308,1416,1401,1422,1358,1311,1196,1012,889,817,748,714,675,656,626,613,641,650,600,603,604,612,598,637,679,726,814,893,1041,1196,1306,1304,1220,1145,1015,896,803,748,686,636,645,660,674,696,739,822,877,935,1045,1245,1429,1626,1784,1843,1886,2019,2199,2396,2537,2811,3017,3444,3701,
1,4,4,4,7,8,14,30,39,47,55,65,76,96,125,144,185,248,332,427,509,628,781,916,1078,1247,1400,1613,1853,2033,2279,2472,2434,2419,2366,2354,2329,2332,2258,2077,1950,1838,1793,1745,1617,1607,1549,1464,1304,1198,1051,1001,896,821,755,716,688,644,606,577,569,552,507,509,505,515,537,567,588,612,662,684,675,683,683,735,755,784,767,737,746,767,760,721,691,658,618,604,615,654,717,773,748,739,747,748,781,792,776,746,723,740,750,768,763,762,761,765,781,823,864,856,836,795,755,764,788,813,851,855,887,907,972,1016,998,1019,1028,1001,1021,1032,1086,1096,1105,1069,1099,1172,1188,1155,1107,1036,986,988,1009,976,979,972,940,960,937,944,941,947,971,967,884,861,821,812,813,868,930,982,1012,1081,1027,1048,1024,969,963,1015,1034,1086,1115,1204,1230,1251,1307,1324,1407,1487,1554,1668,1712,1731,1723,1838,1893,2006,1978,1941,1965,1923,1998,2013,1912,1690,1672,1624,1629,
1,4,4,4,7,8,14,30,39,47,55,65,76,96,125,144,185,248,332,427,509,628,781,916,1078,1247,1400,1613,1853,2033,2279,2472,2434,2419,2366,2354,2329,2332,2258,2077,1950,1838,1793,1745,1617,1607,1549,1464,1304,1198,1051,1001,896,821,755,716,688,644,606,577,569,552,507,509,505,515,537,567,588,612,662,684,675,683,683,735,755,784,767,737,746,767,760,721,691,658,618,604,615,654,717,773,748,739,747,748,781,792,776,746,723,740,750,768,763,762,761,765,781,823,864,856,836,795,755,764,788,813,851,855,887,907,972,1016,998,1019,1028,1001,1021,1032,1086,1096,1105,1069,1099,1172,1188,1155,1107,1036,986,988,1009,976,979,972,940,960,937,944,941,947,971,967,884,861,821,812,813,868,930,982,1012,1081,1027,1048,1024,969,963,1015,1034,1086,1115,1204,1230,1251,1307,1324,1407,1487,1554,1668,1712,1731,1723,1838,1893,2006,1978,1941,1965,1923,1998,2013,1912,1690,1672,1624,1629,
1,4,6,7,8,12,13,23,40,46,53,62,79,98,126,176,243,338,407,533,634,756,904,1101,1171,1346,1543,1632,1774,1857,1953,2069,2123,2197,2214,2302,2321,2245,2156,2088,2005,1929,1796,1639,1488,1297,1203,1018,990,922,875,815,789,758,708,707,701,719,751,781,822,892,958,932,887,855,854,801,747,730,716,706,704,690,696,693,698,729,773,809,841,839,827,832,809,796,799,845,875,882,899,903,896,907,887,920,960,1060,1067,1097,1087,1092,1026,951,929,940,948,851,830,849,870,864,892,897,881,930,1049,1147,1278,1418,1448,1436,1511,1463,1395,1335,1351,1310,1232,1208,1156,1127,1128,1163,1201,1227,1310,1325,1313,1292,1270,1291,1316,1342,1299,1209,1163,1037,993,936,901,910,948,921,926,914,885,857,866,899,941,945,893,889,953,997,1034,1010,1013,986,986,1013,1082,1089,1100,1113,1039,1004,982,997,982,970,1010,1071,1151,1280,1400,1573,1732,1920,2175,2433,2687,2834,3016,3107,3200,3114,3267,
1,4,6,7,8,12,13,23,40,46,53,62,79,98,126,176,243,338,407,533,634,756,904,1101,1171,1346,1543,1632,1774,1857,1953,2069,2123,2197,2214,2302,2321,2245,2156,2088,2005,1929,1796,1639,1488,1297,1203,1018,990,922,875,815,789,758,708,707,701,719,751,781,822,892,958,932,887,855,854,801,747,730,716,706,704,690,696,693,698,729,773,809,841,839,827,832,809,796,799,845,875,882,899,903,896,907,887,920,960,1060,1067,1097,1087,1092,1026,951,929,940,948,851,830,849,870,864,892,897,881,930,1049,1147,1278,1418,1448,1436,1511,1463,1395,1335,1351,1310,1232,1208,1156,1127,1128,1163,1201,1227,1310,1325,1313,1292,1270,1291,1316,1342,1299,1209,1163,1037,993,936,901,910,948,921,926,914,885,857,866,899,941,945,893,889,953,997,1034,1010,1013,986,986,1013,1082,1089,1100,1113,1039,1004,982,997,982,970,1010,1071,1151,1280,1400,1573,1732,1920,2175,2433,2687,2834,3016,3107,3200,3114,3267,
1,4,6,7,8,12,13,23,40,46,53,62,79,98,126,176,243,338,407,533,634,756,904,1101,1171,1346,1543,1632,1774,1857,1953,2069,2123,2197,2214,2302,2321,2245,2156,2088,2005,1929,1796,1639,1488,1297,1203,1018,990,922,875,815,789,758,708,707,701,719,751,781,822,892,958,932,887,855,854,801,747,730,716,706,704,690,696,693,698,729,773,809,841,839,827,832,809,796,799,845,875,882,899,903,896,907,887,920,960,1060,1067,1097,1087,1092,1026,951,929,940,948,851,830,849,870,864,892,897,881,930,1049,1147,1278,1418,1448,1436,1511,1463,1395,1335,1351,1310,1232,1208,1156,1127,1128,1163,1201,1227,1310,1325,1313,1292,1270,1291,1316,1342,1299,1209,1163,1037,993,936,901,910,948,921,926,914,885,857,866,899,941,945,893,889,953,997,1034,1010,1013,986,986,1013,1082,1089,1100,1113,1039,1004,982,997,982,970,1010,1071,1151,1280,1400,1573,1732,1920,2175,2433,2687,2834,3016,3107,3200,3114,3267,
1,3,5,5,8,11,15,22,30,40,51,62,77,84,115,142,189,237,304,389,459,569,680,895,1119,1431,1764,2094,2451,2723,3025,3284,3336,3398,3573,3504,3367,3236,3071,2987,2800,2548,2138,1774,1530,1275,1155,1014,1035,971,985,976,888,865,854,872,946,1001,1068,1124,1193,1139,1116,1032,1084,1057,1052,1064,1029,923,905,861,840,910,964,992,1048,1041,1038,1084,1054,1018,995,981,990,971,929,906,918,924,902,860,866,818,805,773,790,785,821,855,903,958,1023,1032,1056,1095,1177,1257,1278,1294,1286,1226,1174,1168,1141,1158,1097,1054,1013,926,906,907,887,881,901,952,973,1030,1112,1217,1236,1314,1334,1341,1398,1394,1279,1231,1240,1290,1282,1209,1217,1230,1234,1196,1122,1021,930,888,880,889,849,798,766,749,724,683,712,712,701,708,696,736,753,782,840,828,809,792,767,722,707,676,663,696,721,743,790,842,954,1083,1210,1322,1400,1565,1725,1842,2010,2227,2384,2445,2461,2492,2577,2638,2606,2538,2509,
1,3,5,5,8,11,15,22,30,40,51,62,77,84,115,142,189,237,304,389,459,569,680,895,1119,1431,1764,2094,2451,2723,3025,3284,3336,3398,3573,3504,3367,3236,3071,2987,2800,2548,2138,1774,1530,1275,1155,1014,1035,971,985,976,888,865,854,872,946,1001,1068,1124,1193,1139,1116,1032,1084,1057,1052,1064,1029,923,905,861,840,910,964,992,1048,1041,1038,1084,1054,1018,995,981,990,971,929,906,918,924,902,860,866,818,805,773,790,785,821,855,903,958,1023,1032,1056,1095,1177,1257,1278,1294,1286,1226,1174,1168,1141,1158,1097,1054,1013,926,906,907,887,881,901,952,973,1030,1112,1217,1236,1314,1334,1341,1398,1394,1279,1231,1240,1290,1282,1209,1217,1230,1234,1196,1122,1021,930,888,880,889,849,798,766,749,724,683,712,712,701,708,696,736,753,782,840,828,809,792,767,722,707,676,663,696,721,743,790,842,954,1083,1210,1322,1400,1565,1725,1842,2010,2227,2384,2445,2461,2492,2577,2638,2606,2538,2509,
1,3,5,5,8,11,15,22,30,40,51,62,77,84,115,142,189,237,304,389,459,569,680,895,1119,1431,1764,2094,2451,2723,3025,3284,3336,3398,3573,3504,3367,3236,3071,2987,2800,2548,2138,1774,1530,1275,1155,1014,1035,971,985,976,888,865,854,872,946,1001,1068,1124,1193,1139,1116,1032,1084,1057,1052,1064,1029,923,905,861,840,910,964,992,1048,1041,1038,1084,1054,1018,995,981,990,971,929,906,918,924,902,860,866,818,805,773,790,785,821,855,903,958,1023,1032,1056,1095,1177,1257,1278,1294,1286,1226,1174,1168,1141,1158,1097,1054,1013,926,906,907,887,881,901,952,973,1030,1112,1217,1236,1314,1334,1341,1398,1394,1279,1231,1240,1290,1282,1209,1217,1230,1234,1196,1122,1021,930,888,880,889,849,798,766,749,724,683,712,712,701,708,696,736,753,782,840,828,809,792,767,722,707,676,663,696,721,743,790,842,954,1083,1210,1322,1400,1565,1725,1842,2010,2227,2384,2445,2461,2492,2577,2638,2606,2538,2509,
1,3,5,5,8,11,15,22,30,40,51,62,77,84,115,142,189,237,304,389,459,569,680,895,1119,1431,1764,2094,2451,2723,3025,3284,3336,3398,3573,3504,3367,3236,3071,2987,2800,2548,2138,1774,1530,1275,1155,1014,1035,971,985,976,888,865,854,872,946,1001,1068,1124,1193,1139,1116,1032,1084,1057,1052,1064,1029,923,905,861,840,910,964,992,1048,1041,1038,1084,1054,1018,995,981,990,971,929,906,918,924,902,860,866,818,805,773,790,785,821,855,903,958,1023,1032,1056,1095,1177,1257,1278,1294,1286,1226,1174,1168,1141,1158,1097,1054,1013,926,906,907,887,881,901,952,973,1030,1112,1217,1236,1314,1334,1341,1398,1394,1279,1231,1240,1290,1282,1209,1217,1230,1234,1196,1122,1021,930,888,880,889,849,798,766,749,724,683,712,712,701,708,696,736,753,782,840,828,809,792,767,722,707,676,663,696,721,743,790,842,954,1083,1210,1322,1400,1565,1725,1842,2010,2227,2384,2445,2461,2492,2577,2638,2606,2538,2509,
1,3,5,5,8,11,15,22,30,40,51,62,77,84,115,142,189,237,304,389,459,569,680,895,1119,1431,1764,2094,2451,2723,3025,3284,3336,3398,3573,3504,3367,3236,3071,2987,2800,2548,2138,1774,1530,1275,1155,1014,1035,971,985,976,888,865,854,872,946,1001,1068,1124,1193,1139,1116,1032,1084,1057,1052,1064,1029,923,905,861,840,910,964,992,1048,1041,1038,1084,1054,1018,995,981,990,971,929,906,918,924,902,860,866,818,805,773,790,785,821,855,903,958,1023,1032,1056,1095,1177,1257,1278,1294,1286,1226,1174,1168,1141,1158,1097,1054,1013,926,906,907,887,881,901,952,973,1030,1112,1217,1236,1314,1334,1341,1398,1394,1279,1231,1240,1290,1282,1209,1217,1230,1234,1196,1122,1021,930,888,880,889,849,798,766,749,724,683,712,712,701,708,696,736,753,782,840,828,809,792,767,722,707,676,663,696,721,743,790,842,954,1083,1210,1322,1400,1565,1725,1842,2010,2227,2384,2445,2461,2492,2577,2638,2606,2538,2509,
1,3,5,5,8,11,15,22,30,40,51,62,77,84,115,142,189,237,304,389,459,569,680,895,1119,1431,1764,2094,2451,2723,3025,3284,3336,3398,3573,3504,3367,3236,3071,2987,2800,2548,2138,1774,1530,1275,1155,1014,1035,971,985,976,888,865,854,872,946,1001,1068,1124,1193,1139,1116,1032,1084,1057,1052,1064,1029,923,905,861,840,910,964,992,1048,1041,1038,1084,1054,1018,995,981,990,971,929,906,918,924,902,860,866,818,805,773,790,785,821,855,903,958,1023,1032,1056,1095,1177,1257,1278,1294,1286,1226,1174,1168,1141,1158,1097,1054,1013,926,906,907,887,881,901,952,973,1030,1112,1217,1236,1314,1334,1341,1398,1394,1279,1231,1240,1290,1282,1209,1217,1230,1234,1196,1122,1021,930,888,880,889,849,798,766,749,724,683,712,712,701,708,696,736,753,782,840,828,809,792,767,722,707,676,663,696,721,743,790,842,954,1083,1210,1322,1400,1565,1725,1842,2010,2227,2384,2445,2461,2492,2577,2638,2606,2538,2509,
1,3,5,5,8,11,15,22,30,40,51,62,77,84,115,142,189,237,304,389,459,569,680,895,1119,1431,1764,2094,2451,2723,3025,3284,3336,3398,3573,3504,3367,3236,3071,2987,2800,2548,2138,1774,1530,1275,1155,1014,1035,971,985,976,888,865,854,872,946,1001,1068,1124,1193,1139,1116,1032,1084,1057,1052,1064,1029,923,905,861,840,910,964,992,1048,1041,1038,1084,1054,1018,995,981,990,971,929,906,918,924,902,860,866,818,805,773,790,785,821,855,903,958,1023,1032,1056,1095,1177,1257,1278,1294,1286,1226,1174,1168,1141,1158,1097,1054,1013,926,906,907,887,881,901,952,973,1030,1112,1217,1236,1314,1334,1341,1398,1394,1279,1231,1240,1290,1282,1209,1217,1230,1234,1196,1122,1021,930,888,880,889,849,798,766,749,724,683,712,712,701,708,696,736,753,782,840,828,809,792,767,722,707,676,663,696,721,743,790,842,954,1083,1210,1322,1400,1565,1725,1842,2010,2227,2384,2445,2461,2492,2577,2638,2606,2538,2509,
1,3,5,5,8,11,15,22,30,40,51,62,77,84,115,142,189,237,304,389,459,569,680,895,1119,1431,1764,2094,2451,2723,3025,3284,3336,3398,3573,3504,3367,3236,3071,2987,2800,2548,2138,1774,1530,1275,1155,1014,1035,971,985,976,888,865,854,872,946,1001,1068,1124,1193,1139,1116,1032,1084,1057,1052,1064,1029,923,905,861,840,910,964,992,1048,1041,1038,1084,1054,1018,995,981,990,971,929,906,918,924,902,860,866,818,805,773,790,785,821,855,903,958,1023,1032,1056,1095,1177,1257,1278,1294,1286,1226,1174,1168,1141,1158,1097,1054,1013,926,906,907,887,881,901,952,973,1030,1112,1217,1236,1314,1334,1341,1398,1394,1279,1231,1240,1290,1282,1209,1217,1230,1234,1196,1122,1021,930,888,880,889,849,798,766,749,724,683,712,712,701,708,696,736,753,782,840,828,809,792,767,722,707,676,663,696,721,743,790,842,954,1083,1210,1322,1400,1565,1725,1842,2010,2227,2384,2445,2461,2492,2577,2638,2606,2538,2509,
1,3,5,5,8,11,15,22,30,40,51,62,77,84,115,142,189,237,304,389,459,569,680,895,1119,1431,1764,2094,2451,2723,3025,3284,3336,3398,3573,3504,3367,3236,3071,2987,2800,2548,2138,1774,1530,1275,1155,1014,1035,971,985,976,888,865,854,872,946,1001,1068,1124,1193,1139,1116,1032,1084,1057,1052,1064,1029,923,905,861,840,910,964,992,1048,1041,1038,1084,1054,1018,995,981,990,971,929,906,918,924,902,860,866,818,805,773,790,785,821,855,903,958,1023,1032,1056,1095,1177,1257,1278,1294,1286,1226,1174,1168,1141,1158,1097,1054,1013,926,906,907,887,881,901,952,973,1030,1112,1217,1236,1314,1334,1341,1398,1394,1279,1231,1240,1290,1282,1209,1217,1230,1234,1196,1122,1021,930,888,880,889,849,798,766,749,724,683,712,712,701,708,696,736,753,782,840,828,809,792,767,722,707,676,663,696,721,743,790,842,954,1083,1210,1322,1400,1565,1725,1842,2010,2227,2384,2445,2461,2492,2577,2638,2606,2538,2509,
1,3,5,5,8,11,15,22,30,40,51,62,77,84,115,142,189,237,304,389,459,569,680,895,1119,1431,1764,2094,2451,2723,3025,3284,3336,3398,3573,3504,3367,3236,3071,2987,2800,2548,2138,1774,1530,1275,1155,1014,1035,971,985,976,888,865,854,872,946,1001,1068,1124,1193,1139,1116,1032,1084,1057,1052,1064,1029,923,905,861,840,910,964,992,1048,1041,1038,1084,1054,1018,995,981,990,971,929,906,918,924,902,860,866,818,805,773,790,785,821,855,903,958,1023,1032,1056,1095,1177,1257,1278,1294,1286,1226,1174,1168,1141,1158,1097,1054,1013,926,906,907,887,881,901,952,973,1030,1112,1217,1236,1314,1334,1341,1398,1394,1279,1231,1240,1290,1282,1209,1217,1230,1234,1196,1122,1021,930,888,880,889,849,798,766,749,724,683,712,712,701,708,696,736,753,782,840,828,809,792,767,722,707,676,663,696,721,743,790,842,954,1083,1210,1322,1400,1565,1725,1842,2010,2227,2384,2445,2461,2492,2577,2638,2606,2538,2509,
1,3,5,5,8,11,15,22,30,40,51,62,77,84,115,142,189,237,304,389,459,569,680,895,1119,1431,1764,2094,2451,2723,3025,3284,3336,3398,3573,3504,3367,3236,3071,2987,2800,2548,2138,1774,1530,1275,1155,1014,1035,971,985,976,888,865,854,872,946,1001,1068,1124,1193,1139,1116,1032,1084,1057,1052,1064,1029,923,905,861,840,910,964,992,1048,1041,1038,1084,1054,1018,995,981,990,971,929,906,918,924,902,860,866,818,805,773,790,785,821,855,903,958,1023,1032,1056,1095,1177,1257,1278,1294,1286,1226,1174,1168,1141,1158,1097,1054,1013,926,906,907,887,881,901,952,973,1030,1112,1217,1236,1314,1334,1341,1398,1394,1279,1231,1240,1290,1282,1209,1217,1230,1234,1196,1122,1021,930,888,880,889,849,798,766,749,724,683,712,712,701,708,696,736,753,782,840,828,809,792,767,722,707,676,663,696,721,743,790,842,954,1083,1210,1322,1400,1565,1725,1842,2010,2227,2384,2445,2461,2492,2577,2638,2606,2538,2509,
1,3,5,5,8,11,15,22,30,40,51,62,77,84,115,142,189,237,304,389,459,569,680,895,1119,1431,1764,2094,2451,2723,3025,3284,3336,3398,3573,3504,3367,3236,3071,2987,2800,2548,2138,1774,1530,1275,1155,1014,1035,971,985,976,888,865,854,872,946,1001,1068,1124,1193,1139,1116,1032,1084,1057,1052,1064,1029,923,905,861,840,910,964,992,1048,1041,1038,1084,1054,1018,995,981,990,971,929,906,918,924,902,860,866,818,805,773,790,785,821,855,903,958,1023,1032,1056,1095,1177,1257,1278,1294,1286,1226,1174,1168,1141,1158,1097,1054,1013,926,906,907,887,881,901,952,973,1030,1112,1217,1236,1314,1334,1341,1398,1394,1279,1231,1240,1290,1282,1209,1217,1230,1234,1196,1122,1021,930,888,880,889,849,798,766,749,724,683,712,712,701,708,696,736,753,782,840,828,809,792,767,722,707,676,663,696,721,743,790,842,954,1083,1210,1322,1400,1565,1725,1842,2010,2227,2384,2445,2461,2492,2577,2638,2606,2538,2509,
1,3,5,5,8,11,15,22,30,40,51,62,77,84,115,142,189,237,304,389,459,569,680,895,1119,1431,1764,2094,2451,2723,3025,3284,3336,3398,3573,3504,3367,3236,3071,2987,2800,2548,2138,1774,1530,1275,1155,1014,1035,971,985,976,888,865,854,872,946,1001,1068,1124,1193,1139,1116,1032,1084,1057,1052,1064,1029,923,905,861,840,910,964,992,1048,1041,1038,1084,1054,1018,995,981,990,971,929,906,918,924,902,860,866,818,805,773,790,785,821,855,903,958,1023,1032,1056,1095,1177,1257,1278,1294,1286,1226,1174,1168,1141,1158,1097,1054,1013,926,906,907,887,881,901,952,973,1030,1112,1217,1236,1314,1334,1341,1398,1394,1279,1231,1240,1290,1282,1209,1217,1230,1234,1196,1122,1021,930,888,880,889,849,798,766,749,724,683,712,712,701,708,696,736,753,782,840,828,809,792,767,722,707,676,663,696,721,743,790,842,954,1083,1210,1322,1400,1565,1725,1842,2010,2227,2384,2445,2461,2492,2577,2638,2606,2538,2509,
1,3,5,5,8,11,15,22,30,40,51,62,77,84,115,142,189,237,304,389,459,569,680,895,1119,1431,1764,2094,2451,2723,3025,3284,3336,3398,3573,3504,3367,3236,3071,2987,2800,2548,2138,1774,1530,1275,1155,1014,1035,971,985,976,888,865,854,872,946,1001,1068,1124,1193,1139,1116,1032,1084,1057,1052,1064,1029,923,905,861,840,910,964,992,1048,1041,1038,1084,1054,1018,995,981,990,971,929,906,918,924,902,860,866,818,805,773,790,785,821,855,903,958,1023,1032,1056,1095,1177,1257,1278,1294,1286,1226,1174,1168,1141,1158,1097,1054,1013,926,906,907,887,881,901,952,973,1030,1112,1217,1236,1314,1334,1341,1398,1394,1279,1231,1240,1290,1282,1209,1217,1230,1234,1196,1122,1021,930,888,880,889,849,798,766,749,724,683,712,712,701,708,696,736,753,782,840,828,809,792,767,722,707,676,663,696,721,743,790,842,954,1083,1210,1322,1400,1565,1725,1842,2010,2227,2384,2445,2461,2492,2577,2638,2606,2538,2509,
1,5,7,12,14,17,21,27,32,40,48,65,76,90,115,141,174,223,278,353,425,465,578,671,860,1082,1243,1373,1596,1700,1838,2032,2196,2372,2505,2562,2547,2489,2476,2233,2013,1861,1721,1639,1474,1425,1331,1219,1092,1030,943,824,754,708,715,769,806,895,909,923,950,901,869,829,825,871,877,893,920,860,850,872,873,906,946,950,927,940,979,1036,1156,1209,1208,1156,1126,1130,1113,1074,1023,999,1027,1056,1027,1019,1066,1132,1068,1017,1010,964,899,858,838,863,916,988,1077,1111,1154,1186,1228,1283,1352,1377,1373,1401,1398,1490,1563,1578,1469,1372,1266,1184,1166,1168,1164,1065,1019,950,921,908,952,973,997,1025,1055,1052,1004,954,908,882,887,904,964,994,1033,1033,1022,992,987,976,970,939,903,886,871,868,931,949,994,1042,1084,1087,1073,1097,1085,1093,1046,941,913,851,770,704,660,693,718,736,755,789,836,959,1101,1233,1369,1530,1762,1955,2072,2288,2406,2566,2682,2674,2792,2931,2847,2887,2866,
1,2,3,5,7,8,13,21,29,32,34,36,51,68,89,112,164,230,314,368,465,586,728,859,1024,1206,1444,1623,1827,1844,1953,2111,2406,2638,2706,2878,2790,2740,2705,2623,2621,2462,2300,2018,1744,1558,1472,1398,1295,1180,1039,998,877,828,802,793,826,853,860,869,850,873,832,827,799,774,768,788,761,765,758,763,787,803,867,879,851,857,827,808,841,991,1082,1034,1016,985,955,976,976,1027,1121,1143,1176,1207,1194,1122,1075,1021,964,967,946,880,834,829,847,879,883,933,949,956,920,902,913,943,942,929,935,956,1003,1013,1010,944,909,877,893,912,921,888,841,845,870,914,971,1038,1134,1236,1300,1386,1484,1446,1421,1400,1336,1288,1191,1095,1044,979,858,834,805,781,786,805,859,865,858,787,788,830,923,991,1085,1205,1288,1302,1306,1347,1357,1359,1295,1297,1293,1302,1310,1262,1151,1033,1005,1009,1015,1012,1032,1077,1111,1163,1237,1322,1462,1508,1541,1657,1802,1888,1910,1870,1826,1795,1798,
1,3,5,4,7,10,13,22,34,48,62,74,81,98,137,189,257,313,410,527,653,809,1012,1202,1281,1498,1605,1836,2020,2263,2419,2569,2551,2641,2736,2723,2592,2531,2363,2205,2072,1934,1778,1560,1356,1180,1056,952,935,887,895,845,801,815,816,813,882,913,961,958,937,923,924,890,822,785,762,765,723,698,660,642,647,698,737,736,759,803,853,941,994,1019,1060,1026,1040,1053,1047,1018,971,934,926,880,939,935,945,893,880,871,850,781,751,694,632,651,651,658,681,747,867,973,1071,1174,1170,1235,1271,1314,1377,1407,1481,1491,1478,1494,1480,1370,1306,1184,1132,1138,1170,1147,1187,1220,1184,1224,1248,1287,1259,1305,1262,1241,1166,1116,1042,980,968,960,933,857,815,761,714,667,669,644,584,528,461,435,417,415,450,500,541,604,685,722,757,839,868,906,956,952,945,947,967,946,1001,1060,1161,1232,1279,1272,1223,1235,1297,1371,1561,1696,1742,1804,1800,1778,1759,1835,1914,1936,1962,1857,1830,
1,4,5,6,8,12,15,22,33,38,47,61,88,109,145,185,218,274,330,428,514,618,758,940,1137,1409,1650,1980,2267,2583,2896,3131,3222,3039,3030,2884,2902,2689,2334,2103,2024,1957,1934,1821,1643,1440,1246,1119,1012,922,869,832,846,841,796,813,779,740,748,776,805,828,860,888,881,881,867,857,824,825,832,849,852,825,823,803,781,760,701,680,681,650,628,607,587,604,586,573,588,597,628,638,723,756,785,839,815,832,819,779,783,769,768,768,784,774,827,866,879,912,933,948,968,1017,1001,1011,964,1007,973,998,1025,1045,1054,1049,1073,1106,1146,1109,1077,1059,1002,933,846,820,798,815,834,841,940,991,1049,1072,1066,1111,1129,1197,1141,1110,997,910,842,786,702,641,605,607,560,546,546,529,520,553,634,666,667,639,604,546,493,464,437,408,389,395,388,391,388,393,427,484,570,678,747,845,972,1160,1372,1468,1619,1884,2053,2223,2429,2476,2245,2030,1797,1660,1595,
1,3,4,4,7,8,13,18,28,36,44,55,59,68,98,136,175,218,295,389,473,555,695,872,1073,1372,1684,1969,2266,2626,2868,3141,3425,3490,3530,3445,3377,3360,3320,3294,3118,2950,2766,2528,2250,1997,1794,1482,1308,1113,955,855,813,779,735,684,666,647,655,676,696,714,725,702,731,722,737,753,741,738,760,814,879,903,924,964,972,963,956,980,989,987,946,885,867,839,820,810,774,758,788,774,783,773,800,846,829,873,962,983,941,956,947,961,976,974,1014,1009,974,927,923,968,988,1016,1041,1045,1078,1128,1162,1214,1311,1398,1437,1493,1519,1563,1570,1615,1546,1531,1520,1421,1439,1420,1457,1495,1495,1510,1531,1532,1570,1653,1730,1617,1462,1343,1240,1154,1124,1178,1144,1070,1038,968,870,816,784,805,803,837,823,882,924,974,1045,1137,1260,1308,1404,1468,1519,1576,1608,1642,1694,1681,1740,1765,1852,2037,2022,2033,2091,2150,2179,2150,2144,2249,2326,2358,2337,2378,2372,2374,2393,2429,2566,2684,2826,
1,3,7,8,11,12,16,21,33,39,43,66,76,91,123,158,204,267,308,425,550,669,861,1018,1181,1390,1567,1817,2008,2276,2580,2748,2899,3021,3024,2831,2766,2773,2637,2600,2659,2632,2465,2343,2133,1853,1672,1461,1340,1278,1166,1056,996,968,979,1000,1040,1047,1005,961,900,837,814,834,824,839,847,845,897,955,991,1011,1075,1149,1213,1223,1162,1192,1152,1073,1071,1074,1056,1089,1037,1046,1042,1070,1108,1103,1152,1188,1224,1308,1325,1300,1218,1132,1038,988,939,827,751,768,764,807,815,824,816,869,883,934,956,1005,1027,1029,986,998,1012,1028,1052,1056,1039,1018,1029,991,1014,1093,1108,1140,1273,1279,1332,1299,1339,1401,1451,1459,1491,1533,1600,1647,1645,1590,1534,1465,1456,1376,1301,1230,1145,1079,1004,963,950,944,963,1010,1030,998,910,851,836,791,729,736,671,664,645,646,721,758,736,693,695,741,769,828,832,869,942,1037,1171,1306,1408,1424,1409,1494,1574,1693,1753,1863,1977,2131,2328,2506,2904,3129,3270,
1,3,6,6,6,9,16,27,41,43,48,60,74,90,126,166,208,269,315,393,501,602,779,953,1168,1389,1673,1985,2329,2645,2850,2981,2971,2897,2766,2852,2883,2870,2823,2802,2649,2422,2155,1793,1481,1273,1042,875,771,707,682,680,667,693,696,715,751,800,848,853,898,894,921,897,882,861,892,858,871,840,863,863,845,805,776,758,760,802,834,848,846,840,787,793,800,797,780,738,769,833,883,972,961,909,878,901,863,823,785,803,780,794,844,895,918,935,985,1016,1054,1096,1127,1208,1273,1278,1326,1458,1565,1598,1592,1622,1552,1568,1685,1706,1731,1700,1574,1577,1628,1636,1647,1697,1669,1595,1589,1534,1464,1341,1228,1172,1204,1187,1120,1139,1126,1119,1105,1128,1045,989,963,954,984,1021,1087,1090,1206,1278,1385,1549,1605,1656,1699,1728,1713,1725,1676,1530,1430,1382,1212,1054,964,890,822,829,845,897,926,897,928,987,1104,1234,1376,1483,1502,1572,1716,1747,1760,1703,1730,1809,2038,2275,2651,3079,3451,
1,3,4,5,6,9,16,23,29,34,42,52,67,93,130,161,202,275,401,543,676,832,1116,1345,1616,1922,2218,2378,2599,2804,3101,3322,3491,3642,3735,3716,3631,3516,3350,3358,3308,3145,2903,2614,2172,1775,1485,1249,1067,954,899,823,789,790,767,758,744,735,768,725,683,652,646,626,640,648,679,704,753,768,749,788,809,843,894,953,1063,1151,1252,1285,1309,1235,1184,1092,1089,1059,1029,1004,972,999,956,934,911,903,904,878,910,935,900,937,881,858,901,860,841,872,897,964,1027,1111,1154,1228,1289,1310,1299,1317,1352,1344,1269,1298,1335,1372,1346,1337,1368,1404,1406,1437,1473,1621,1634,1679,1691,1642,1650,1620,1592,1619,1805,1868,1869,1898,1755,1521,1390,1211,1144,1102,1095,1133,1163,1176,1251,1270,1229,1207,1210,1189,1245,1311,1373,1428,1479,1545,1583,1666,1763,1768,1842,1878,1919,1854,1762,1606,1523,1421,1437,1515,1636,1788,1837,1913,2004,2174,2359,2555,2818,2972,3052,2968,2855,2725,2688,2701,2637,2505,2468,2496,2354,
1,3,4,5,6,9,16,23,29,34,42,52,67,93,130,161,202,275,401,543,676,832,1116,1345,1616,1922,2218,2378,2599,2804,3101,3322,3491,3642,3735,3716,3631,3516,3350,3358,3308,3145,2903,2614,2172,1775,1485,1249,1067,954,899,823,789,790,767,758,744,735,768,725,683,652,646,626,640,648,679,704,753,768,749,788,809,843,894,953,1063,1151,1252,1285,1309,1235,1184,1092,1089,1059,1029,1004,972,999,956,934,911,903,904,878,910,935,900,937,881,858,901,860,841,872,897,964,1027,1111,1154,1228,1289,1310,1299,1317,1352,1344,1269,1298,1335,1372,1346,1337,1368,1404,1406,1437,1473,1621,1634,1679,1691,1642,1650,1620,1592,1619,1805,1868,1869,1898,1755,1521,1390,1211,1144,1102,1095,1133,1163,1176,1251,1270,1229,1207,1210,1189,1245,1311,1373,1428,1479,1545,1583,1666,1763,1768,1842,1878,1919,1854,1762,1606,1523,1421,1437,1515,1636,1788,1837,1913,2004,2174,2359,2555,2818,2972,3052,2968,2855,2725,2688,2701,2637,2505,2468,2496,2354,
1,5,7,7,9,13,17,25,35,47,50,63,76,101,136,175,241,298,385,495,600,767,901,1157,1335,1538,1786,1986,2143,2299,2504,2650,2877,2829,2924,2888,2903,3026,3032,3100,2999,2977,2996,2992,2976,2773,2510,2152,1845,1556,1405,1238,1100,1056,1002,972,902,818,789,739,741,776,831,812,849,886,948,969,990,1018,1025,1101,1139,1116,1089,1111,1125,1145,1151,1189,1226,1227,1198,1153,1092,1063,1007,983,972,990,962,928,953,998,986,999,1023,995,941,946,960,982,931,929,886,825,764,752,786,852,857,912,943,986,1018,1037,1018,989,995,1031,1042,1086,1087,1098,1187,1273,1370,1392,1385,1392,1423,1516,1654,1760,1838,1916,1987,2010,1977,1895,1793,1728,1619,1565,1601,1641,1515,1282,1165,1086,1000,926,864,843,817,768,758,763,745,742,768,804,856,836,802,810,856,914,974,1008,1135,1236,1266,1289,1245,1319,1367,1493,1728,1892,2112,2390,2578,2705,2769,2788,2831,2909,3008,3170,3112,3076,3109,3006,3099,3081,3117,3247,3414,
1,5,9,11,10,12,20,20,29,36,37,49,68,84,105,138,178,251,319,418,524,664,888,1139,1334,1579,1815,2069,2222,2450,2655,2736,2859,2981,3072,3240,3411,3476,3337,3170,2962,2789,2485,2100,1750,1484,1391,1266,1167,1049,924,893,865,883,876,871,862,828,797,769,744,757,774,768,742,758,802,800,836,829,761,731,726,695,701,682,715,749,803,883,964,1007,1016,979,931,918,887,864,880,896,887,861,956,1062,1095,1116,1114,1161,1188,1146,1088,1045,999,990,946,968,977,1058,1124,1112,1140,1223,1278,1328,1419,1574,1644,1600,1584,1663,1608,1636,1619,1676,1836,1943,1999,2069,2149,2123,1965,1885,1782,1758,1635,1529,1492,1458,1452,1376,1317,1317,1222,1132,1022,942,899,855,827,842,825,834,803,828,863,886,852,822,794,778,780,752,776,791,807,766,760,751,739,754,743,775,798,812,849,916,999,1059,1212,1394,1586,1698,1800,1852,2034,2256,2551,2825,3064,3153,3211,3117,2979,2779,2636,2551,2400,2297,2286,
1,2,4,4,8,7,12,17,28,34,39,50,60,75,97,128,180,252,369,451,539,604,704,868,997,1202,1402,1626,1939,2235,2450,2702,3076,3354,3452,3449,3418,3434,3404,3460,3372,3258,3033,2684,2351,1996,1715,1499,1337,1199,1092,1071,989,953,910,878,888,883,927,933,961,1011,1039,1045,1018,1013,945,915,834,769,768,802,765,787,806,810,851,880,939,910,878,868,856,833,834,877,873,847,799,746,706,678,692,723,741,765,763,755,725,751,796,872,888,921,949,967,988,1044,1096,1086,1082,1081,1124,1140,1167,1205,1323,1485,1542,1616,1729,1861,2033,2030,2058,2175,2198,2099,2006,1979,2017,1961,1884,1846,1814,1807,1713,1651,1613,1525,1394,1257,1150,1079,1013,967,927,917,887,858,795,750,732,694,680,634,593,590,596,624,622,632,656,705,755,806,852,902,925,916,911,905,912,961,911,834,821,806,745,744,774,778,819,901,986,1117,1192,1311,1414,1554,1772,2163,2631,3105,3522,4071,4576,4962,5158,
1,2,4,5,7,14,21,29,39,54,58,60,76,91,124,151,202,270,349,461,530,619,804,1038,1229,1471,1699,1962,2272,2453,2597,2772,2906,2962,2975,2969,2912,2782,2631,2393,2191,1969,1770,1586,1398,1231,1126,1007,988,927,871,822,783,777,727,662,648,628,643,657,670,687,678,678,650,628,613,589,596,609,652,683,722,704,768,821,888,849,843,842,886,941,956,1006,1037,1051,1059,1065,1081,1075,1119,1156,1212,1225,1243,1263,1247,1248,1201,1136,1068,1043,940,854,807,773,768,761,769,795,854,874,873,880,873,903,914,966,1004,1045,1088,1140,1157,1196,1241,1282,1360,1395,1480,1510,1533,1500,1517,1549,1594,1616,1651,1590,1545,1398,1361,1395,1373,1278,1275,1248,1227,1168,1093,1013,915,814,741,675,638,591,585,603,621,645,701,756,776,829,857,893,921,944,913,888,851,839,853,838,834,865,886,941,986,1045,1164,1338,1451,1580,1710,1853,2083,2218,2262,2348,2483,2508,2677,2862,2987,3274,3671,4110,4476,
1,2,4,5,7,14,21,29,39,54,58,60,76,91,124,151,202,270,349,461,530,619,804,1038,1229,1471,1699,1962,2272,2453,2597,2772,2906,2962,2975,2969,2912,2782,2631,2393,2191,1969,1770,1586,1398,1231,1126,1007,988,927,871,822,783,777,727,662,648,628,643,657,670,687,678,678,650,628,613,589,596,609,652,683,722,704,768,821,888,849,843,842,886,941,956,1006,1037,1051,1059,1065,1081,1075,1119,1156,1212,1225,1243,1263,1247,1248,1201,1136,1068,1043,940,854,807,773,768,761,769,795,854,874,873,880,873,903,914,966,1004,1045,1088,1140,1157,1196,1241,1282,1360,1395,1480,1510,1533,1500,1517,1549,1594,1616,1651,1590,1545,1398,1361,1395,1373,1278,1275,1248,1227,1168,1093,1013,915,814,741,675,638,591,585,603,621,645,701,756,776,829,857,893,921,944,913,888,851,839,853,838,834,865,886,941,986,1045,1164,1338,1451,1580,1710,1853,2083,2218,2262,2348,2483,2508,2677,2862,2987,3274,3671,4110,4476,
1,2,4,5,7,14,21,29,39,54,58,60,76,91,124,151,202,270,349,461,530,619,804,1038,1229,1471,1699,1962,2272,2453,2597,2772,2906,2962,2975,2969,2912,2782,2631,2393,2191,1969,1770,1586,1398,1231,1126,1007,988,927,871,822,783,777,727,662,648,628,643,657,670,687,678,678,650,628,613,589,596,609,652,683,722,704,768,821,888,849,843,842,886,941,956,1006,1037,1051,1059,1065,1081,1075,1119,1156,1212,1225,1243,1263,1247,1248,1201,1136,1068,1043,940,854,807,773,768,761,769,795,854,874,873,880,873,903,914,966,1004,1045,1088,1140,1157,1196,1241,1282,1360,1395,1480,1510,1533,1500,1517,1549,1594,1616,1651,1590,1545,1398,1361,1395,1373,1278,1275,1248,1227,1168,1093,1013,915,814,741,675,638,591,585,603,621,645,701,756,776,829,857,893,921,944,913,888,851,839,853,838,834,865,886,941,986,1045,1164,1338,1451,1580,1710,1853,2083,2218,2262,2348,2483,2508,2677,2862,2987,3274,3671,4110,4476,
1,2,4,5,7,14,21,29,39,54,58,60,76,91,124,151,202,270,349,461,530,619,804,1038,1229,1471,1699,1962,2272,2453,2597,2772,2906,2962,2975,2969,2912,2782,2631,2393,2191,1969,1770,1586,1398,1231,1126,1007,988,927,871,822,783,777,727,662,648,628,643,657,670,687,678,678,650,628,613,589,596,609,652,683,722,704,768,821,888,849,843,842,886,941,956,1006,1037,1051,1059,1065,1081,1075,1119,1156,1212,1225,1243,1263,1247,1248,1201,1136,1068,1043,940,854,807,773,768,761,769,795,854,874,873,880,873,903,914,966,1004,1045,1088,1140,1157,1196,1241,1282,1360,1395,1480,1510,1533,1500,1517,1549,1594,1616,1651,1590,1545,1398,1361,1395,1373,1278,1275,1248,1227,1168,1093,1013,915,814,741,675,638,591,585,603,621,645,701,756,776,829,857,893,921,944,913,888,851,839,853,838,834,865,886,941,986,1045,1164,1338,1451,1580,1710,1853,2083,2218,2262,2348,2483,2508,2677,2862,2987,3274,3671,4110,4476,
1,2,4,5,7,14,21,29,39,54,58,60,76,91,124,151,202,270,349,461,530,619,804,1038,1229,1471,1699,1962,2272,2453,2597,2772,2906,2962,2975,2969,2912,2782,2631,2393,2191,1969,1770,1586,1398,1231,1126,1007,988,927,871,822,783,777,727,662,648,628,643,657,670,687,678,678,650,628,613,589,596,609,652,683,722,704,768,821,888,849,843,842,886,941,956,1006,1037,1051,1059,1065,1081,1075,1119,1156,1212,1225,1243,1263,1247,1248,1201,1136,1068,1043,940,854,807,773,768,761,769,795,854,874,873,880,873,903,914,966,1004,1045,1088,1140,1157,1196,1241,1282,1360,1395,1480,1510,1533,1500,1517,1549,1594,1616,1651,1590,1545,1398,1361,1395,1373,1278,1275,1248,1227,1168,1093,1013,915,814,741,675,638,591,585,603,621,645,701,756,776,829,857,893,921,944,913,888,851,839,853,838,834,865,886,941,986,1045,1164,1338,1451,1580,1710,1853,2083,2218,2262,2348,2483,2508,2677,2862,2987,3274,3671,4110,4476,
1,4,6,7,10,13,15,22,30,38,39,54,75,90,125,163,225,272,335,430,527,629,767,942,1165,1495,1770,2073,2383,2804,3075,3343,3391,3423,3429,3337,3193,3070,2972,2803,2620,2453,2315,2131,1977,1763,1556,1403,1182,1025,935,822,774,747,693,683,657,603,535,516,528,550,582,605,623,631,648,631,632,652,693,737,758,774,767,770,798,838,806,830,875,855,825,852,865,864,885,920,975,1056,1162,1202,1193,1180,1205,1182,1143,1092,1075,1050,1022,999,963,954,956,983,1014,1054,1073,1048,997,978,1009,1012,1029,1028,1045,1096,1109,1082,1062,1078,1053,1035,1041,1104,1176,1226,1237,1221,1277,1308,1363,1416,1531,1655,1702,1775,1843,1958,1886,1820,1726,1630,1546,1452,1424,1273,1197,1184,1138,1086,1108,1153,1205,1234,1270,1280,1272,1358,1431,1450,1466,1469,1447,1471,1482,1483,1430,1408,1379,1317,1287,1270,1324,1387,1464,1496,1531,1601,1618,1666,1695,1761,1786,1895,2112,2221,2329,2337,2391,2558,2693,2844,2991,2990,3004,2842,2750,
1,4,6,7,10,13,15,22,30,38,39,54,75,90,125,163,225,272,335,430,527,629,767,942,1165,1495,1770,2073,2383,2804,3075,3343,3391,3423,3429,3337,3193,3070,2972,2803,2620,2453,2315,2131,1977,1763,1556,1403,1182,1025,935,822,774,747,693,683,657,603,535,516,528,550,582,605,623,631,648,631,632,652,693,737,758,774,767,770,798,838,806,830,875,855,825,852,865,864,885,920,975,1056,1162,1202,1193,1180,1205,1182,1143,1092,1075,1050,1022,999,963,954,956,983,1014,1054,1073,1048,997,978,1009,1012,1029,1028,1045,1096,1109,1082,1062,1078,1053,1035,1041,1104,1176,1226,1237,1221,1277,1308,1363,1416,1531,1655,1702,1775,1843,1958,1886,1820,1726,1630,1546,1452,1424,1273,1197,1184,1138,1086,1108,1153,1205,1234,1270,1280,1272,1358,1431,1450,1466,1469,1447,1471,1482,1483,1430,1408,1379,1317,1287,1270,1324,1387,1464,1496,1531,1601,1618,1666,1695,1761,1786,1895,2112,2221,2329,2337,2391,2558,2693,2844,2991,2990,3004,2842,2750,
1,4,6,7,10,13,15,22,30,38,39,54,75,90,125,163,225,272,335,430,527,629,767,942,1165,1495,1770,2073,2383,2804,3075,3343,3391,3423,3429,3337,3193,3070,2972,2803,2620,2453,2315,2131,1977,1763,1556,1403,1182,1025,935,822,774,747,693,683,657,603,535,516,528,550,582,605,623,631,648,631,632,652,693,737,758,774,767,770,798,838,806,830,875,855,825,852,865,864,885,920,975,1056,1162,1202,1193,1180,1205,1182,1143,1092,1075,1050,1022,999,963,954,956,983,1014,1054,1073,1048,997,978,1009,1012,1029,1028,1045,1096,1109,1082,1062,1078,1053,1035,1041,1104,1176,1226,1237,1221,1277,1308,1363,1416,1531,1655,1702,1775,1843,1958,1886,1820,1726,1630,1546,1452,1424,1273,1197,1184,1138,1086,1108,1153,1205,1234,1270,1280,1272,1358,1431,1450,1466,1469,1447,1471,1482,1483,1430,1408,1379,1317,1287,1270,1324,1387,1464,1496,1531,1601,1618,1666,1695,1761,1786,1895,2112,2221,2329,2337,2391,2558,2693,2844,2991,2990,3004,2842,2750,
1,4,6,7,10,13,15,22,30,38,39,54,75,90,125,163,225,272,335,430,527,629,767,942,1165,1495,1770,2073,2383,2804,3075,3343,3391,3423,3429,3337,3193,3070,2972,2803,2620,2453,2315,2131,1977,1763,1556,1403,1182,1025,935,822,774,747,693,683,657,603,535,516,528,550,582,605,623,631,648,631,632,652,693,737,758,774,767,770,798,838,806,830,875,855,825,852,865,864,885,920,975,1056,1162,1202,1193,1180,1205,1182,1143,1092,1075,1050,1022,999,963,954,956,983,1014,1054,1073,1048,997,978,1009,1012,1029,1028,1045,1096,1109,1082,1062,1078,1053,1035,1041,1104,1176,1226,1237,1221,1277,1308,1363,1416,1531,1655,1702,1775,1843,1958,1886,1820,1726,1630,1546,1452,1424,1273,1197,1184,1138,1086,1108,1153,1205,1234,1270,1280,1272,1358,1431,1450,1466,1469,1447,1471,1482,1483,1430,1408,1379,1317,1287,1270,1324,1387,1464,1496,1531,1601,1618,1666,1695,1761,1786,1895,2112,2221,2329,2337,2391,2558,2693,2844,2991,2990,3004,2842,2750,
1,4,6,7,10,13,15,22,30,38,39,54,75,90,125,163,225,272,335,430,527,629,767,942,1165,1495,1770,2073,2383,2804,3075,3343,3391,3423,3429,3337,3193,3070,2972,2803,2620,2453,2315,2131,1977,1763,1556,1403,1182,1025,935,822,774,747,693,683,657,603,535,516,528,550,582,605,623,631,648,631,632,652,693,737,758,774,767,770,798,838,806,830,875,855,825,852,865,864,885,920,975,1056,1162,1202,1193,1180,1205,1182,1143,1092,1075,1050,1022,999,963,954,956,983,1014,1054,1073,1048,997,978,1009,1012,1029,1028,1045,1096,1109,1082,1062,1078,1053,1035,1041,1104,1176,1226,1237,1221,1277,1308,1363,1416,1531,1655,1702,1775,1843,1958,1886,1820,1726,1630,1546,1452,1424,1273,1197,1184,1138,1086,1108,1153,1205,1234,1270,1280,1272,1358,1431,1450,1466,1469,1447,1471,1482,1483,1430,1408,1379,1317,1287,1270,1324,1387,1464,1496,1531,1601,1618,1666,1695,1761,1786,1895,2112,2221,2329,2337,2391,2558,2693,2844,2991,2990,3004,2842,2750,
1,5,4,6,7,9,12,18,27,40,48,63,81,103,144,184,228,302,389,484,614,784,956,1184,1434,1700,1928,2187,2309,2524,2654,2822,2783,2785,3012,3098,3076,2874,2591,2317,2080,1893,1637,1412,1200,1086,1040,971,852,762,739,719,726,697,682,657,651,673,686,676,684,740,792,803,793,748,721,684,655,641,628,615,647,656,651,644,604,627,653,679,724,750,757,761,753,776,763,725,741,743,747,771,763,728,722,746,738,777,767,783,845,862,882,939,953,979,1010,1082,1087,1123,1168,1193,1261,1303,1354,1458,1422,1437,1461,1473,1510,1581,1678,1652,1683,1787,1833,1930,1887,1847,1846,1815,1799,1754,1740,1729,1654,1593,1547,1537,1505,1491,1421,1274,1213,1162,1075,1008,963,914,860,822,786,793,823,813,800,798,816,866,881,920,1005,1076,1148,1193,1220,1227,1214,1186,1117,1069,1018,1010,1021,991,956,964,951,981,1013,1081,1256,1462,1659,1855,2073,2268,2319,2358,2366,2291,2155,2056,2005,2029,2024,2210,2345,
1,3,4,4,10,15,24,31,43,50,52,53,70,75,111,131,175,230,305,387,497,649,816,1072,1288,1533,1776,1977,2184,2317,2348,2430,2619,2708,2843,2857,2907,3040,3129,3123,2976,2859,2712,2546,2412,2348,2156,1945,1790,1661,1539,1396,1245,1183,1150,1099,1080,1016,951,931,895,878,879,862,849,835,816,800,796,818,836,909,959,973,946,976,954,962,969,1032,1076,1106,1089,1123,1124,1159,1198,1204,1187,1163,1133,1160,1181,1191,1237,1238,1242,1227,1168,1131,1120,1105,1100,1081,1045,1016,986,956,911,894,894,894,878,948,955,991,1029,1071,1099,1237,1311,1387,1428,1472,1499,1480,1532,1530,1556,1624,1714,1729,1672,1672,1669,1617,1574,1532,1567,1588,1607,1658,1627,1619,1524,1424,1334,1229,1182,1208,1190,1161,1111,1044,971,1012,1078,1077,1081,1108,1162,1226,1270,1321,1380,1411,1322,1258,1228,1140,1030,905,850,803,763,781,781,803,814,849,881,880,944,1035,1146,1321,1527,1753,2037,2421,2780,3158,3522,3753,4011,4353,4848,5535,6483,
1,3,4,4,10,15,24,31,43,50,52,53,70,75,111,131,175,230,305,387,497,649,816,1072,1288,1533,1776,1977,2184,2317,2348,2430,2619,2708,2843,2857,2907,3040,3129,3123,2976,2859,2712,2546,2412,2348,2156,1945,1790,1661,1539,1396,1245,1183,1150,1099,1080,1016,951,931,895,878,879,862,849,835,816,800,796,818,836,909,959,973,946,976,954,962,969,1032,1076,1106,1089,1123,1124,1159,1198,1204,1187,1163,1133,1160,1181,1191,1237,1238,1242,1227,1168,1131,1120,1105,1100,1081,1045,1016,986,956,911,894,894,894,878,948,955,991,1029,1071,1099,1237,1311,1387,1428,1472,1499,1480,1532,1530,1556,1624,1714,1729,1672,1672,1669,1617,1574,1532,1567,1588,1607,1658,1627,1619,1524,1424,1334,1229,1182,1208,1190,1161,1111,1044,971,1012,1078,1077,1081,1108,1162,1226,1270,1321,1380,1411,1322,1258,1228,1140,1030,905,850,803,763,781,781,803,814,849,881,880,944,1035,1146,1321,1527,1753,2037,2421,2780,3158,3522,3753,4011,4353,4848,5535,6483,
1,3,4,4,10,15,24,31,43,50,52,53,70,75,111,131,175,230,305,387,497,649,816,1072,1288,1533,1776,1977,2184,2317,2348,2430,2619,2708,2843,2857,2907,3040,3129,3123,2976,2859,2712,2546,2412,2348,2156,1945,1790,1661,1539,1396,1245,1183,1150,1099,1080,1016,951,931,895,878,879,862,849,835,816,800,796,818,836,909,959,973,946,976,954,962,969,1032,1076,1106,1089,1123,1124,1159,1198,1204,1187,1163,1133,1160,1181,1191,1237,1238,1242,1227,1168,1131,1120,1105,1100,1081,1045,1016,986,956,911,894,894,894,878,948,955,991,1029,1071,1099,1237,1311,1387,1428,1472,1499,1480,1532,1530,1556,1624,1714,1729,1672,1672,1669,1617,1574,1532,1567,1588,1607,1658,1627,1619,1524,1424,1334,1229,1182,1208,1190,1161,1111,1044,971,1012,1078,1077,1081,1108,1162,1226,1270,1321,1380,1411,1322,1258,1228,1140,1030,905,850,803,763,781,781,803,814,849,881,880,944,1035,1146,1321,1527,1753,2037,2421,2780,3158,3522,3753,4011,4353,4848,5535,6483,
1,3,4,4,10,15,24,31,43,50,52,53,70,75,111,131,175,230,305,387,497,649,816,1072,1288,1533,1776,1977,2184,2317,2348,2430,2619,2708,2843,2857,2907,3040,3129,3123,2976,2859,2712,2546,2412,2348,2156,1945,1790,1661,1539,1396,1245,1183,1150,1099,1080,1016,951,931,895,878,879,862,849,835,816,800,796,818,836,909,959,973,946,976,954,962,969,1032,1076,1106,1089,1123,1124,1159,1198,1204,1187,1163,1133,1160,1181,1191,1237,1238,1242,1227,1168,1131,1120,1105,1100,1081,1045,1016,986,956,911,894,894,894,878,948,955,991,1029,1071,1099,1237,1311,1387,1428,1472,1499,1480,1532,1530,1556,1624,1714,1729,1672,1672,1669,1617,1574,1532,1567,1588,1607,1658,1627,1619,1524,1424,1334,1229,1182,1208,1190,1161,1111,1044,971,1012,1078,1077,1081,1108,1162,1226,1270,1321,1380,1411,1322,1258,1228,1140,1030,905,850,803,763,781,781,803,814,849,881,880,944,1035,1146,1321,1527,1753,2037,2421,2780,3158,3522,3753,4011,4353,4848,5535,6483,
1,3,4,4,10,15,24,31,43,50,52,53,70,75,111,131,175,230,305,387,497,649,816,1072,1288,1533,1776,1977,2184,2317,2348,2430,2619,2708,2843,2857,2907,3040,3129,3123,2976,2859,2712,2546,2412,2348,2156,1945,1790,1661,1539,1396,1245,1183,1150,1099,1080,1016,951,931,895,878,879,862,849,835,816,800,796,818,836,909,959,973,946,976,954,962,969,1032,1076,1106,1089,1123,1124,1159,1198,1204,1187,1163,1133,1160,1181,1191,1237,1238,1242,1227,1168,1131,1120,1105,1100,1081,1045,1016,986,956,911,894,894,894,878,948,955,991,1029,1071,1099,1237,1311,1387,1428,1472,1499,1480,1532,1530,1556,1624,1714,1729,1672,1672,1669,1617,1574,1532,1567,1588,1607,1658,1627,1619,1524,1424,1334,1229,1182,1208,1190,1161,1111,1044,971,1012,1078,1077,1081,1108,1162,1226,1270,1321,1380,1411,1322,1258,1228,1140,1030,905,850,803,763,781,781,803,814,849,881,880,944,1035,1146,1321,1527,1753,2037,2421,2780,3158,3522,3753,4011,4353,4848,5535,6483,
1,3,4,4,10,15,24,31,43,50,52,53,70,75,111,131,175,230,305,387,497,649,816,1072,1288,1533,1776,1977,2184,2317,2348,2430,2619,2708,2843,2857,2907,3040,3129,3123,2976,2859,2712,2546,2412,2348,2156,1945,1790,1661,1539,1396,1245,1183,1150,1099,1080,1016,951,931,895,878,879,862,849,835,816,800,796,818,836,909,959,973,946,976,954,962,969,1032,1076,1106,1089,1123,1124,1159,1198,1204,1187,1163,1133,1160,1181,1191,1237,1238,1242,1227,1168,1131,1120,1105,1100,1081,1045,1016,986,956,911,894,894,894,878,948,955,991,1029,1071,1099,1237,1311,1387,1428,1472,1499,1480,1532,1530,1556,1624,1714,1729,1672,1672,1669,1617,1574,1532,1567,1588,1607,1658,1627,1619,1524,1424,1334,1229,1182,1208,1190,1161,1111,1044,971,1012,1078,1077,1081,1108,1162,1226,1270,1321,1380,1411,1322,1258,1228,1140,1030,905,850,803,763,781,781,803,814,849,881,880,944,1035,1146,1321,1527,1753,2037,2421,2780,3158,3522,3753,4011,4353,4848,5535,6483,
1,3,4,4,10,15,24,31,43,50,52,53,70,75,111,131,175,230,305,387,497,649,816,1072,1288,1533,1776,1977,2184,2317,2348,2430,2619,2708,2843,2857,2907,3040,3129,3123,2976,2859,2712,2546,2412,2348,2156,1945,1790,1661,1539,1396,1245,1183,1150,1099,1080,1016,951,931,895,878,879,862,849,835,816,800,796,818,836,909,959,973,946,976,954,962,969,1032,1076,1106,1089,1123,1124,1159,1198,1204,1187,1163,1133,1160,1181,1191,1237,1238,1242,1227,1168,1131,1120,1105,1100,1081,1045,1016,986,956,911,894,894,894,878,948,955,991,1029,1071,1099,1237,1311,1387,1428,1472,1499,1480,1532,1530,1556,1624,1714,1729,1672,1672,1669,1617,1574,1532,1567,1588,1607,1658,1627,1619,1524,1424,1334,1229,1182,1208,1190,1161,1111,1044,971,1012,1078,1077,1081,1108,1162,1226,1270,1321,1380,1411,1322,1258,1228,1140,1030,905,850,803,763,781,781,803,814,849,881,880,944,1035,1146,1321,1527,1753,2037,2421,2780,3158,3522,3753,4011,4353,4848,5535,6483,
1,3,4,4,10,15,24,31,43,50,52,53,70,75,111,131,175,230,305,387,497,649,816,1072,1288,1533,1776,1977,2184,2317,2348,2430,2619,2708,2843,2857,2907,3040,3129,3123,2976,2859,2712,2546,2412,2348,2156,1945,1790,1661,1539,1396,1245,1183,1150,1099,1080,1016,951,931,895,878,879,862,849,835,816,800,796,818,836,909,959,973,946,976,954,962,969,1032,1076,1106,1089,1123,1124,1159,1198,1204,1187,1163,1133,1160,1181,1191,1237,1238,1242,1227,1168,1131,1120,1105,1100,1081,1045,1016,986,956,911,894,894,894,878,948,955,991,1029,1071,1099,1237,1311,1387,1428,1472,1499,1480,1532,1530,1556,1624,1714,1729,1672,1672,1669,1617,1574,1532,1567,1588,1607,1658,1627,1619,1524,1424,1334,1229,1182,1208,1190,1161,1111,1044,971,1012,1078,1077,1081,1108,1162,1226,1270,1321,1380,1411,1322,1258,1228,1140,1030,905,850,803,763,781,781,803,814,849,881,880,944,1035,1146,1321,1527,1753,2037,2421,2780,3158,3522,3753,4011,4353,4848,5535,6483,
1,3,4,4,10,15,24,31,43,50,52,53,70,75,111,131,175,230,305,387,497,649,816,1072,1288,1533,1776,1977,2184,2317,2348,2430,2619,2708,2843,2857,2907,3040,3129,3123,2976,2859,2712,2546,2412,2348,2156,1945,1790,1661,1539,1396,1245,1183,1150,1099,1080,1016,951,931,895,878,879,862,849,835,816,800,796,818,836,909,959,973,946,976,954,962,969,1032,1076,1106,1089,1123,1124,1159,1198,1204,1187,1163,1133,1160,1181,1191,1237,1238,1242,1227,1168,1131,1120,1105,1100,1081,1045,1016,986,956,911,894,894,894,878,948,955,991,1029,1071,1099,1237,1311,1387,1428,1472,1499,1480,1532,1530,1556,1624,1714,1729,1672,1672,1669,1617,1574,1532,1567,1588,1607,1658,1627,1619,1524,1424,1334,1229,1182,1208,1190,1161,1111,1044,971,1012,1078,1077,1081,1108,1162,1226,1270,1321,1380,1411,1322,1258,1228,1140,1030,905,850,803,763,781,781,803,814,849,881,880,944,1035,1146,1321,1527,1753,2037,2421,2780,3158,3522,3753,4011,4353,4848,5535,6483,
1,3,4,4,10,15,24,31,43,50,52,53,70,75,111,131,175,230,305,387,497,649,816,1072,1288,1533,1776,1977,2184,2317,2348,2430,2619,2708,2843,2857,2907,3040,3129,3123,2976,2859,2712,2546,2412,2348,2156,1945,1790,1661,1539,1396,1245,1183,1150,1099,1080,1016,951,931,895,878,879,862,849,835,816,800,796,818,836,909,959,973,946,976,954,962,969,1032,1076,1106,1089,1123,1124,1159,1198,1204,1187,1163,1133,1160,1181,1191,1237,1238,1242,1227,1168,1131,1120,1105,1100,1081,1045,1016,986,956,911,894,894,894,878,948,955,991,1029,1071,1099,1237,1311,1387,1428,1472,1499,1480,1532,1530,1556,1624,1714,1729,1672,1672,1669,1617,1574,1532,1567,1588,1607,1658,1627,1619,1524,1424,1334,1229,1182,1208,1190,1161,1111,1044,971,1012,1078,1077,1081,1108,1162,1226,1270,1321,1380,1411,1322,1258,1228,1140,1030,905,850,803,763,781,781,803,814,849,881,880,944,1035,1146,1321,1527,1753,2037,2421,2780,3158,3522,3753,4011,4353,4848,5535,6483,
1,3,4,4,10,15,24,31,43,50,52,53,70,75,111,131,175,230,305,387,497,649,816,1072,1288,1533,1776,1977,2184,2317,2348,2430,2619,2708,2843,2857,2907,3040,3129,3123,2976,2859,2712,2546,2412,2348,2156,1945,1790,1661,1539,1396,1245,1183,1150,1099,1080,1016,951,931,895,878,879,862,849,835,816,800,796,818,836,909,959,973,946,976,954,962,969,1032,1076,1106,1089,1123,1124,1159,1198,1204,1187,1163,1133,1160,1181,1191,1237,1238,1242,1227,1168,1131,1120,1105,1100,1081,1045,1016,986,956,911,894,894,894,878,948,955,991,1029,1071,1099,1237,1311,1387,1428,1472,1499,1480,1532,1530,1556,1624,1714,1729,1672,1672,1669,1617,1574,1532,1567,1588,1607,1658,1627,1619,1524,1424,1334,1229,1182,1208,1190,1161,1111,1044,971,1012,1078,1077,1081,1108,1162,1226,1270,1321,1380,1411,1322,1258,1228,1140,1030,905,850,803,763,781,781,803,814,849,881,880,944,1035,1146,1321,1527,1753,2037,2421,2780,3158,3522,3753,4011,4353,4848,5535,6483,
1,3,4,4,10,15,24,31,43,50,52,53,70,75,111,131,175,230,305,387,497,649,816,1072,1288,1533,1776,1977,2184,2317,2348,2430,2619,2708,2843,2857,2907,3040,3129,3123,2976,2859,2712,2546,2412,2348,2156,1945,1790,1661,1539,1396,1245,1183,1150,1099,1080,1016,951,931,895,878,879,862,849,835,816,800,796,818,836,909,959,973,946,976,954,962,969,1032,1076,1106,1089,1123,1124,1159,1198,1204,1187,1163,1133,1160,1181,1191,1237,1238,1242,1227,1168,1131,1120,1105,1100,1081,1045,1016,986,956,911,894,894,894,878,948,955,991,1029,1071,1099,1237,1311,1387,1428,1472,1499,1480,1532,1530,1556,1624,1714,1729,1672,1672,1669,1617,1574,1532,1567,1588,1607,1658,1627,1619,1524,1424,1334,1229,1182,1208,1190,1161,1111,1044,971,1012,1078,1077,1081,1108,1162,1226,1270,1321,1380,1411,1322,1258,1228,1140,1030,905,850,803,763,781,781,803,814,849,881,880,944,1035,1146,1321,1527,1753,2037,2421,2780,3158,3522,3753,4011,4353,4848,5535,6483,
1,3,4,4,10,15,24,31,43,50,52,53,70,75,111,131,175,230,305,387,497,649,816,1072,1288,1533,1776,1977,2184,2317,2348,2430,2619,2708,2843,2857,2907,3040,3129,3123,2976,2859,2712,2546,2412,2348,2156,1945,1790,1661,1539,1396,1245,1183,1150,1099,1080,1016,951,931,895,878,879,862,849,835,816,800,796,818,836,909,959,973,946,976,954,962,969,1032,1076,1106,1089,1123,1124,1159,1198,1204,1187,1163,1133,1160,1181,1191,1237,1238,1242,1227,1168,1131,1120,1105,1100,1081,1045,1016,986,956,911,894,894,894,878,948,955,991,1029,1071,1099,1237,1311,1387,1428,1472,1499,1480,1532,1530,1556,1624,1714,1729,1672,1672,1669,1617,1574,1532,1567,1588,1607,1658,1627,1619,1524,1424,1334,1229,1182,1208,1190,1161,1111,1044,971,1012,1078,1077,1081,1108,1162,1226,1270,1321,1380,1411,1322,1258,1228,1140,1030,905,850,803,763,781,781,803,814,849,881,880,944,1035,1146,1321,1527,1753,2037,2421,2780,3158,3522,3753,4011,4353,4848,5535,6483,
1,3,4,4,10,15,24,31,43,50,52,53,70,75,111,131,175,230,305,387,497,649,816,1072,1288,1533,1776,1977,2184,2317,2348,2430,2619,2708,2843,2857,2907,3040,3129,3123,2976,2859,2712,2546,2412,2348,2156,1945,1790,1661,1539,1396,1245,1183,1150,1099,1080,1016,951,931,895,878,879,862,849,835,816,800,796,818,836,909,959,973,946,976,954,962,969,1032,1076,1106,1089,1123,1124,1159,1198,1204,1187,1163,1133,1160,1181,1191,1237,1238,1242,1227,1168,1131,1120,1105,1100,1081,1045,1016,986,956,911,894,894,894,878,948,955,991,1029,1071,1099,1237,1311,1387,1428,1472,1499,1480,1532,1530,1556,1624,1714,1729,1672,1672,1669,1617,1574,1532,1567,1588,1607,1658,1627,1619,1524,1424,1334,1229,1182,1208,1190,1161,1111,1044,971,1012,1078,1077,1081,1108,1162,1226,1270,1321,1380,1411,1322,1258,1228,1140,1030,905,850,803,763,781,781,803,814,849,881,880,944,1035,1146,1321,1527,1753,2037,2421,2780,3158,3522,3753,4011,4353,4848,5535,6483,
1,3,4,4,10,15,24,31,43,50,52,53,70,75,111,131,175,230,305,387,497,649,816,1072,1288,1533,1776,1977,2184,2317,2348,2430,2619,2708,2843,2857,2907,3040,3129,3123,2976,2859,2712,2546,2412,2348,2156,1945,1790,1661,1539,1396,1245,1183,1150,1099,1080,1016,951,931,895,878,879,862,849,835,816,800,796,818,836,909,959,973,946,976,954,962,969,1032,1076,1106,1089,1123,1124,1159,1198,1204,1187,1163,1133,1160,1181,1191,1237,1238,1242,1227,1168,1131,1120,1105,1100,1081,1045,1016,986,956,911,894,894,894,878,948,955,991,1029,1071,1099,1237,1311,1387,1428,1472,1499,1480,1532,1530,1556,1624,1714,1729,1672,1672,1669,1617,1574,1532,1567,1588,1607,1658,1627,1619,1524,1424,1334,1229,1182,1208,1190,1161,1111,1044,971,1012,1078,1077,1081,1108,1162,1226,1270,1321,1380,1411,1322,1258,1228,1140,1030,905,850,803,763,781,781,803,814,849,881,880,944,1035,1146,1321,1527,1753,2037,2421,2780,3158,3522,3753,4011,4353,4848,5535,6483,
1,3,4,4,10,15,24,31,43,50,52,53,70,75,111,131,175,230,305,387,497,649,816,1072,1288,1533,1776,1977,2184,2317,2348,2430,2619,2708,2843,2857,2907,3040,3129,3123,2976,2859,2712,2546,2412,2348,2156,1945,1790,1661,1539,1396,1245,1183,1150,1099,1080,1016,951,931,895,878,879,862,849,835,816,800,796,818,836,909,959,973,946,976,954,962,969,1032,1076,1106,1089,1123,1124,1159,1198,1204,1187,1163,1133,1160,1181,1191,1237,1238,1242,1227,1168,1131,1120,1105,1100,1081,1045,1016,986,956,911,894,894,894,878,948,955,991,1029,1071,1099,1237,1311,1387,1428,1472,1499,1480,1532,1530,1556,1624,1714,1729,1672,1672,1669,1617,1574,1532,1567,1588,1607,1658,1627,1619,1524,1424,1334,1229,1182,1208,1190,1161,1111,1044,971,1012,1078,1077,1081,1108,1162,1226,1270,1321,1380,1411,1322,1258,1228,1140,1030,905,850,803,763,781,781,803,814,849,881,880,944,1035,1146,1321,1527,1753,2037,2421,2780,3158,3522,3753,4011,4353,4848,5535,6483,
1,3,4,4,10,15,24,31,43,50,52,53,70,75,111,131,175,230,305,387,497,649,816,1072,1288,1533,1776,1977,2184,2317,2348,2430,2619,2708,2843,2857,2907,3040,3129,3123,2976,2859,2712,2546,2412,2348,2156,1945,1790,1661,1539,1396,1245,1183,1150,1099,1080,1016,951,931,895,878,879,862,849,835,816,800,796,818,836,909,959,973,946,976,954,962,969,1032,1076,1106,1089,1123,1124,1159,1198,1204,1187,1163,1133,1160,1181,1191,1237,1238,1242,1227,1168,1131,1120,1105,1100,1081,1045,1016,986,956,911,894,894,894,878,948,955,991,1029,1071,1099,1237,1311,1387,1428,1472,1499,1480,1532,1530,1556,1624,1714,1729,1672,1672,1669,1617,1574,1532,1567,1588,1607,1658,1627,1619,1524,1424,1334,1229,1182,1208,1190,1161,1111,1044,971,1012,1078,1077,1081,1108,1162,1226,1270,1321,1380,1411,1322,1258,1228,1140,1030,905,850,803,763,781,781,803,814,849,881,880,944,1035,1146,1321,1527,1753,2037,2421,2780,3158,3522,3753,4011,4353,4848,5535,6483,
1,3,4,4,10,15,24,31,43,50,52,53,70,75,111,131,175,230,305,387,497,649,816,1072,1288,1533,1776,1977,2184,2317,2348,2430,2619,2708,2843,2857,2907,3040,3129,3123,2976,2859,2712,2546,2412,2348,2156,1945,1790,1661,1539,1396,1245,1183,1150,1099,1080,1016,951,931,895,878,879,862,849,835,816,800,796,818,836,909,959,973,946,976,954,962,969,1032,1076,1106,1089,1123,1124,1159,1198,1204,1187,1163,1133,1160,1181,1191,1237,1238,1242,1227,1168,1131,1120,1105,1100,1081,1045,1016,986,956,911,894,894,894,878,948,955,991,1029,1071,1099,1237,1311,1387,1428,1472,1499,1480,1532,1530,1556,1624,1714,1729,1672,1672,1669,1617,1574,1532,1567,1588,1607,1658,1627,1619,1524,1424,1334,1229,1182,1208,1190,1161,1111,1044,971,1012,1078,1077,1081,1108,1162,1226,1270,1321,1380,1411,1322,1258,1228,1140,1030,905,850,803,763,781,781,803,814,849,881,880,944,1035,1146,1321,1527,1753,2037,2421,2780,3158,3522,3753,4011,4353,4848,5535,6483,
1,3,4,4,6,9,17,24,33,38,47,55,68,99,138,190,247,342,441,585,708,813,992,1182,1475,1816,2144,2446,2780,2966,3132,3191,3200,3302,3309,3140,3112,3036,2817,2497,2266,1998,1754,1589,1493,1389,1287,1212,1151,1091,1064,1020,985,964,943,887,854,790,752,716,708,699,712,715,714,699,766,797,804,840,854,885,939,974,1073,1127,1190,1257,1331,1386,1494,1526,1493,1455,1412,1396,1317,1205,1116,1070,1046,1025,989,911,901,903,896,885,845,869,892,920,885,863,880,910,910,966,985,1021,1038,1046,1029,1031,1023,990,1006,988,976,964,973,997,1052,1122,1146,1163,1173,1233,1288,1368,1430,1513,1524,1441,1431,1412,1371,1304,1183,1074,992,911,795,701,657,594,574,519,505,479,479,455,478,495,484,519,570,586,637,670,700,706,741,781,818,897,963,1057,1127,1240,1308,1383,1479,1554,1615,1675,1642,1639,1704,1711,1725,1753,1829,1882,1968,2076,2204,2247,2306,2379,2435,2624,2850,3017,3105,3071,3056,3042,2979,
1,3,4,4,6,9,17,24,33,38,47,55,68,99,138,190,247,342,441,585,708,813,992,1182,1475,1816,2144,2446,2780,2966,3132,3191,3200,3302,3309,3140,3112,3036,2817,2497,2266,1998,1754,1589,1493,1389,1287,1212,1151,1091,1064,1020,985,964,943,887,854,790,752,716,708,699,712,715,714,699,766,797,804,840,854,885,939,974,1073,1127,1190,1257,1331,1386,1494,1526,1493,1455,1412,1396,1317,1205,1116,1070,1046,1025,989,911,901,903,896,885,845,869,892,920,885,863,880,910,910,966,985,1021,1038,1046,1029,1031,1023,990,1006,988,976,964,973,997,1052,1122,1146,1163,1173,1233,1288,1368,1430,1513,1524,1441,1431,1412,1371,1304,1183,1074,992,911,795,701,657,594,574,519,505,479,479,455,478,495,484,519,570,586,637,670,700,706,741,781,818,897,963,1057,1127,1240,1308,1383,1479,1554,1615,1675,1642,1639,1704,1711,1725,1753,1829,1882,1968,2076,2204,2247,2306,2379,2435,2624,2850,3017,3105,3071,3056,3042,2979,
1,3,4,4,6,9,17,24,33,38,47,55,68,99,138,190,247,342,441,585,708,813,992,1182,1475,1816,2144,2446,2780,2966,3132,3191,3200,3302,3309,3140,3112,3036,2817,2497,2266,1998,1754,1589,1493,1389,1287,1212,1151,1091,1064,1020,985,964,943,887,854,790,752,716,708,699,712,715,714,699,766,797,804,840,854,885,939,974,1073,1127,1190,1257,1331,1386,1494,1526,1493,1455,1412,1396,1317,1205,1116,1070,1046,1025,989,911,901,903,896,885,845,869,892,920,885,863,880,910,910,966,985,1021,1038,1046,1029,1031,1023,990,1006,988,976,964,973,997,1052,1122,1146,1163,1173,1233,1288,1368,1430,1513,1524,1441,1431,1412,1371,1304,1183,1074,992,911,795,701,657,594,574,519,505,479,479,455,478,495,484,519,570,586,637,670,700,706,741,781,818,897,963,1057,1127,1240,1308,1383,1479,1554,1615,1675,1642,1639,1704,1711,1725,1753,1829,1882,1968,2076,2204,2247,2306,2379,2435,2624,2850,3017,3105,3071,3056,3042,2979,
1,3,4,4,8,11,16,18,35,41,42,57,77,95,121,151,207,287,380,510,628,745,876,1101,1320,1648,1870,2278,2705,3143,3678,4171,4405,4410,4425,4111,3774,3494,3326,3041,2757,2462,2199,1973,1714,1438,1196,1031,956,899,853,798,727,714,691,690,700,698,727,744,748,785,822,891,868,864,859,877,908,922,866,868,920,937,966,990,996,1074,1135,1187,1230,1259,1213,1211,1161,1167,1148,1078,1094,1104,1136,1171,1223,1235,1243,1281,1300,1283,1327,1305,1309,1348,1396,1418,1390,1315,1263,1248,1226,1174,1102,1031,982,1006,1015,1031,1016,1045,1100,1148,1183,1280,1338,1342,1318,1386,1377,1399,1410,1446,1494,1551,1546,1489,1478,1471,1430,1376,1331,1282,1261,1231,1199,1187,1193,1159,1092,1037,1022,1016,984,934,944,982,983,972,1030,1157,1239,1267,1275,1278,1294,1279,1307,1351,1353,1337,1319,1229,1206,1170,1161,1128,1190,1220,1247,1239,1292,1360,1464,1530,1599,1729,1779,1836,1941,2153,2371,2548,2803,2960,3027,3090,3116,3111,3101,3125,3449,
1,4,4,4,7,7,13,20,31,41,45,62,77,91,115,168,224,313,396,519,652,760,959,1177,1336,1521,1780,2057,2273,2460,2545,2744,2970,3058,3252,3219,3155,3024,2899,2767,2642,2471,2239,1986,1767,1503,1305,1136,994,883,819,803,767,742,723,720,740,774,798,878,920,950,964,955,966,960,942,940,935,930,919,927,968,982,1011,1001,985,919,875,832,831,817,828,839,829,883,886,903,915,982,984,983,1007,992,1063,1165,1248,1307,1301,1357,1345,1313,1232,1182,1154,1084,1070,1042,950,944,915,903,917,948,1002,1029,1059,1079,1169,1191,1182,1177,1178,1273,1297,1342,1394,1527,1525,1572,1639,1756,1818,1944,2033,2050,2042,2062,1984,1970,1914,1934,1906,1853,1804,1669,1577,1439,1283,1148,1083,1081,1074,1026,946,950,945,953,946,1019,1044,1077,1104,1107,1092,1079,1063,1090,1119,1133,1235,1306,1308,1346,1376,1381,1386,1352,1379,1398,1389,1324,1281,1262,1345,1423,1474,1565,1615,1621,1700,1795,1986,2125,2360,2518,2800,3182,3683,
1,4,4,4,7,7,13,20,31,41,45,62,77,91,115,168,224,313,396,519,652,760,959,1177,1336,1521,1780,2057,2273,2460,2545,2744,2970,3058,3252,3219,3155,3024,2899,2767,2642,2471,2239,1986,1767,1503,1305,1136,994,883,819,803,767,742,723,720,740,774,798,878,920,950,964,955,966,960,942,940,935,930,919,927,968,982,1011,1001,985,919,875,832,831,817,828,839,829,883,886,903,915,982,984,983,1007,992,1063,1165,1248,1307,1301,1357,1345,1313,1232,1182,1154,1084,1070,1042,950,944,915,903,917,948,1002,1029,1059,1079,1169,1191,1182,1177,1178,1273,1297,1342,1394,1527,1525,1572,1639,1756,1818,1944,2033,2050,2042,2062,1984,1970,1914,1934,1906,1853,1804,1669,1577,1439,1283,1148,1083,1081,1074,1026,946,950,945,953,946,1019,1044,1077,1104,1107,1092,1079,1063,1090,1119,1133,1235,1306,1308,1346,1376,1381,1386,1352,1379,1398,1389,1324,1281,1262,1345,1423,1474,1565,1615,1621,1700,1795,1986,2125,2360,2518,2800,3182,3683,
1,4,4,4,7,7,13,20,31,41,45,62,77,91,115,168,224,313,396,519,652,760,959,1177,1336,1521,1780,2057,2273,2460,2545,2744,2970,3058,3252,3219,3155,3024,2899,2767,2642,2471,2239,1986,1767,1503,1305,1136,994,883,819,803,767,742,723,720,740,774,798,878,920,950,964,955,966,960,942,940,935,930,919,927,968,982,1011,1001,985,919,875,832,831,817,828,839,829,883,886,903,915,982,984,983,1007,992,1063,1165,1248,1307,1301,1357,1345,1313,1232,1182,1154,1084,1070,1042,950,944,915,903,917,948,1002,1029,1059,1079,1169,1191,1182,1177,1178,1273,1297,1342,1394,1527,1525,1572,1639,1756,1818,1944,2033,2050,2042,2062,1984,1970,1914,1934,1906,1853,1804,1669,1577,1439,1283,1148,1083,1081,1074,1026,946,950,945,953,946,1019,1044,1077,1104,1107,1092,1079,1063,1090,1119,1133,1235,1306,1308,1346,1376,1381,1386,1352,1379,1398,1389,1324,1281,1262,1345,1423,1474,1565,1615,1621,1700,1795,1986,2125,2360,2518,2800,3182,3683,
1,4,4,4,7,7,13,20,31,41,45,62,77,91,115,168,224,313,396,519,652,760,959,1177,1336,1521,1780,2057,2273,2460,2545,2744,2970,3058,3252,3219,3155,3024,2899,2767,2642,2471,2239,1986,1767,1503,1305,1136,994,883,819,803,767,742,723,720,740,774,798,878,920,950,964,955,966,960,942,940,935,930,919,927,968,982,1011,1001,985,919,875,832,831,817,828,839,829,883,886,903,915,982,984,983,1007,992,1063,1165,1248,1307,1301,1357,1345,1313,1232,1182,1154,1084,1070,1042,950,944,915,903,917,948,1002,1029,1059,1079,1169,1191,1182,1177,1178,1273,1297,1342,1394,1527,1525,1572,1639,1756,1818,1944,2033,2050,2042,2062,1984,1970,1914,1934,1906,1853,1804,1669,1577,1439,1283,1148,1083,1081,1074,1026,946,950,945,953,946,1019,1044,1077,1104,1107,1092,1079,1063,1090,1119,1133,1235,1306,1308,1346,1376,1381,1386,1352,1379,1398,1389,1324,1281,1262,1345,1423,1474,1565,1615,1621,1700,1795,1986,2125,2360,2518,2800,3182,3683,
1,3,3,5,7,12,18,26,34,43,55,61,77,93,119,147,194,237,291,353,430,515,649,816,991,1175,1319,1546,1768,2085,2342,2617,2956,3253,3516,3720,3873,3968,3979,3883,3719,3393,3039,2781,2548,2396,2214,2012,1851,1748,1685,1603,1500,1408,1384,1340,1341,1272,1238,1180,1116,1078,1067,1061,1087,1062,1110,1146,1145,1134,1153,1148,1117,1072,1084,1103,1152,1185,1196,1164,1224,1253,1257,1251,1323,1359,1341,1302,1372,1425,1390,1321,1341,1399,1434,1470,1451,1487,1449,1400,1284,1181,1089,1067,996,947,951,931,912,930,994,1065,1121,1161,1269,1365,1391,1399,1394,1429,1454,1436,1385,1347,1361,1365,1353,1347,1258,1148,1093,1049,1051,1045,1018,1036,1043,1014,1015,1059,1082,1114,1134,1206,1150,1097,1034,969,931,901,856,816,791,740,736,727,721,698,716,747,796,865,960,1085,1204,1275,1292,1321,1327,1321,1332,1322,1300,1333,1348,1385,1401,1396,1420,1560,1666,1843,2049,2277,2539,2785,3113,3280,3585,3946,4157,4157,4076,3946,3700,3624,3655,3519,3533,
1,3,5,5,5,7,13,21,34,43,45,50,75,98,129,169,235,281,353,471,601,756,975,1283,1578,2022,2489,2924,3266,3708,4165,4340,4621,4856,4798,4649,4270,3821,3491,3080,2746,2465,2289,1966,1698,1474,1321,1226,1143,1048,1021,985,969,903,900,908,914,899,871,871,882,891,897,852,847,823,804,767,758,778,816,829,840,825,820,799,835,908,963,974,1065,1045,1048,1030,1011,983,945,938,897,883,863,876,925,923,973,1002,1055,1083,1123,1134,1128,1128,1133,1176,1203,1286,1315,1298,1235,1238,1196,1192,1186,1149,1122,1052,1034,1008,1054,1075,1106,1096,1139,1137,1139,1148,1146,1198,1260,1294,1343,1347,1366,1349,1286,1319,1296,1223,1209,1267,1285,1348,1322,1312,1262,1250,1265,1220,1230,1314,1356,1335,1374,1337,1357,1327,1372,1448,1524,1589,1649,1740,1720,1649,1611,1526,1507,1479,1487,1520,1448,1365,1306,1277,1317,1338,1307,1339,1371,1494,1615,1784,1892,2046,2262,2544,2885,3241,3515,3586,3536,3282,3209,3167,3164,3096,3026,3032,2829,
1,3,5,5,5,7,13,21,34,43,45,50,75,98,129,169,235,281,353,471,601,756,975,1283,1578,2022,2489,2924,3266,3708,4165,4340,4621,4856,4798,4649,4270,3821,3491,3080,2746,2465,2289,1966,1698,1474,1321,1226,1143,1048,1021,985,969,903,900,908,914,899,871,871,882,891,897,852,847,823,804,767,758,778,816,829,840,825,820,799,835,908,963,974,1065,1045,1048,1030,1011,983,945,938,897,883,863,876,925,923,973,1002,1055,1083,1123,1134,1128,1128,1133,1176,1203,1286,1315,1298,1235,1238,1196,1192,1186,1149,1122,1052,1034,1008,1054,1075,1106,1096,1139,1137,1139,1148,1146,1198,1260,1294,1343,1347,1366,1349,1286,1319,1296,1223,1209,1267,1285,1348,1322,1312,1262,1250,1265,1220,1230,1314,1356,1335,1374,1337,1357,1327,1372,1448,1524,1589,1649,1740,1720,1649,1611,1526,1507,1479,1487,1520,1448,1365,1306,1277,1317,1338,1307,1339,1371,1494,1615,1784,1892,2046,2262,2544,2885,3241,3515,3586,3536,3282,3209,3167,3164,3096,3026,3032,2829,
1,3,5,5,5,7,13,21,34,43,45,50,75,98,129,169,235,281,353,471,601,756,975,1283,1578,2022,2489,2924,3266,3708,4165,4340,4621,4856,4798,4649,4270,3821,3491,3080,2746,2465,2289,1966,1698,1474,1321,1226,1143,1048,1021,985,969,903,900,908,914,899,871,871,882,891,897,852,847,823,804,767,758,778,816,829,840,825,820,799,835,908,963,974,1065,1045,1048,1030,1011,983,945,938,897,883,863,876,925,923,973,1002,1055,1083,1123,1134,1128,1128,1133,1176,1203,1286,1315,1298,1235,1238,1196,1192,1186,1149,1122,1052,1034,1008,1054,1075,1106,1096,1139,1137,1139,1148,1146,1198,1260,1294,1343,1347,1366,1349,1286,1319,1296,1223,1209,1267,1285,1348,1322,1312,1262,1250,1265,1220,1230,1314,1356,1335,1374,1337,1357,1327,1372,1448,1524,1589,1649,1740,1720,1649,1611,1526,1507,1479,1487,1520,1448,1365,1306,1277,1317,1338,1307,1339,1371,1494,1615,1784,1892,2046,2262,2544,2885,3241,3515,3586,3536,3282,3209,3167,3164,3096,3026,3032,2829,
1,3,5,5,5,7,13,21,34,43,45,50,75,98,129,169,235,281,353,471,601,756,975,1283,1578,2022,2489,2924,3266,3708,4165,4340,4621,4856,4798,4649,4270,3821,3491,3080,2746,2465,2289,1966,1698,1474,1321,1226,1143,1048,1021,985,969,903,900,908,914,899,871,871,882,891,897,852,847,823,804,767,758,778,816,829,840,825,820,799,835,908,963,974,1065,1045,1048,1030,1011,983,945,938,897,883,863,876,925,923,973,1002,1055,1083,1123,1134,1128,1128,1133,1176,1203,1286,1315,1298,1235,1238,1196,1192,1186,1149,1122,1052,1034,1008,1054,1075,1106,1096,1139,1137,1139,1148,1146,1198,1260,1294,1343,1347,1366,1349,1286,1319,1296,1223,1209,1267,1285,1348,1322,1312,1262,1250,1265,1220,1230,1314,1356,1335,1374,1337,1357,1327,1372,1448,1524,1589,1649,1740,1720,1649,1611,1526,1507,1479,1487,1520,1448,1365,1306,1277,1317,1338,1307,1339,1371,1494,1615,1784,1892,2046,2262,2544,2885,3241,3515,3586,3536,3282,3209,3167,3164,3096,3026,3032,2829,
1,3,5,5,5,7,13,21,34,43,45,50,75,98,129,169,235,281,353,471,601,756,975,1283,1578,2022,2489,2924,3266,3708,4165,4340,4621,4856,4798,4649,4270,3821,3491,3080,2746,2465,2289,1966,1698,1474,1321,1226,1143,1048,1021,985,969,903,900,908,914,899,871,871,882,891,897,852,847,823,804,767,758,778,816,829,840,825,820,799,835,908,963,974,1065,1045,1048,1030,1011,983,945,938,897,883,863,876,925,923,973,1002,1055,1083,1123,1134,1128,1128,1133,1176,1203,1286,1315,1298,1235,1238,1196,1192,1186,1149,1122,1052,1034,1008,1054,1075,1106,1096,1139,1137,1139,1148,1146,1198,1260,1294,1343,1347,1366,1349,1286,1319,1296,1223,1209,1267,1285,1348,1322,1312,1262,1250,1265,1220,1230,1314,1356,1335,1374,1337,1357,1327,1372,1448,1524,1589,1649,1740,1720,1649,1611,1526,1507,1479,1487,1520,1448,1365,1306,1277,1317,1338,1307,1339,1371,1494,1615,1784,1892,2046,2262,2544,2885,3241,3515,3586,3536,3282,3209,3167,3164,3096,3026,3032,2829,
1,3,5,5,5,7,13,21,34,43,45,50,75,98,129,169,235,281,353,471,601,756,975,1283,1578,2022,2489,2924,3266,3708,4165,4340,4621,4856,4798,4649,4270,3821,3491,3080,2746,2465,2289,1966,1698,1474,1321,1226,1143,1048,1021,985,969,903,900,908,914,899,871,871,882,891,897,852,847,823,804,767,758,778,816,829,840,825,820,799,835,908,963,974,1065,1045,1048,1030,1011,983,945,938,897,883,863,876,925,923,973,1002,1055,1083,1123,1134,1128,1128,1133,1176,1203,1286,1315,1298,1235,1238,1196,1192,1186,1149,1122,1052,1034,1008,1054,1075,1106,1096,1139,1137,1139,1148,1146,1198,1260,1294,1343,1347,1366,1349,1286,1319,1296,1223,1209,1267,1285,1348,1322,1312,1262,1250,1265,1220,1230,1314,1356,1335,1374,1337,1357,1327,1372,1448,1524,1589,1649,1740,1720,1649,1611,1526,1507,1479,1487,1520,1448,1365,1306,1277,1317,1338,1307,1339,1371,1494,1615,1784,1892,2046,2262,2544,2885,3241,3515,3586,3536,3282,3209,3167,3164,3096,3026,3032,2829,
1,3,5,5,5,7,13,21,34,43,45,50,75,98,129,169,235,281,353,471,601,756,975,1283,1578,2022,2489,2924,3266,3708,4165,4340,4621,4856,4798,4649,4270,3821,3491,3080,2746,2465,2289,1966,1698,1474,1321,1226,1143,1048,1021,985,969,903,900,908,914,899,871,871,882,891,897,852,847,823,804,767,758,778,816,829,840,825,820,799,835,908,963,974,1065,1045,1048,1030,1011,983,945,938,897,883,863,876,925,923,973,1002,1055,1083,1123,1134,1128,1128,1133,1176,1203,1286,1315,1298,1235,1238,1196,1192,1186,1149,1122,1052,1034,1008,1054,1075,1106,1096,1139,1137,1139,1148,1146,1198,1260,1294,1343,1347,1366,1349,1286,1319,1296,1223,1209,1267,1285,1348,1322,1312,1262,1250,1265,1220,1230,1314,1356,1335,1374,1337,1357,1327,1372,1448,1524,1589,1649,1740,1720,1649,1611,1526,1507,1479,1487,1520,1448,1365,1306,1277,1317,1338,1307,1339,1371,1494,1615,1784,1892,2046,2262,2544,2885,3241,3515,3586,3536,3282,3209,3167,3164,3096,3026,3032,2829,
1,3,5,5,5,7,13,21,34,43,45,50,75,98,129,169,235,281,353,471,601,756,975,1283,1578,2022,2489,2924,3266,3708,4165,4340,4621,4856,4798,4649,4270,3821,3491,3080,2746,2465,2289,1966,1698,1474,1321,1226,1143,1048,1021,985,969,903,900,908,914,899,871,871,882,891,897,852,847,823,804,767,758,778,816,829,840,825,820,799,835,908,963,974,1065,1045,1048,1030,1011,983,945,938,897,883,863,876,925,923,973,1002,1055,1083,1123,1134,1128,1128,1133,1176,1203,1286,1315,1298,1235,1238,1196,1192,1186,1149,1122,1052,1034,1008,1054,1075,1106,1096,1139,1137,1139,1148,1146,1198,1260,1294,1343,1347,1366,1349,1286,1319,1296,1223,1209,1267,1285,1348,1322,1312,1262,1250,1265,1220,1230,1314,1356,1335,1374,1337,1357,1327,1372,1448,1524,1589,1649,1740,1720,1649,1611,1526,1507,1479,1487,1520,1448,1365,1306,1277,1317,1338,1307,1339,1371,1494,1615,1784,1892,2046,2262,2544,2885,3241,3515,3586,3536,3282,3209,3167,3164,3096,3026,3032,2829,
1,3,5,5,5,7,13,21,34,43,45,50,75,98,129,169,235,281,353,471,601,756,975,1283,1578,2022,2489,2924,3266,3708,4165,4340,4621,4856,4798,4649,4270,3821,3491,3080,2746,2465,2289,1966,1698,1474,1321,1226,1143,1048,1021,985,969,903,900,908,914,899,871,871,882,891,897,852,847,823,804,767,758,778,816,829,840,825,820,799,835,908,963,974,1065,1045,1048,1030,1011,983,945,938,897,883,863,876,925,923,973,1002,1055,1083,1123,1134,1128,1128,1133,1176,1203,1286,1315,1298,1235,1238,1196,1192,1186,1149,1122,1052,1034,1008,1054,1075,1106,1096,1139,1137,1139,1148,1146,1198,1260,1294,1343,1347,1366,1349,1286,1319,1296,1223,1209,1267,1285,1348,1322,1312,1262,1250,1265,1220,1230,1314,1356,1335,1374,1337,1357,1327,1372,1448,1524,1589,1649,1740,1720,1649,1611,1526,1507,1479,1487,1520,1448,1365,1306,1277,1317,1338,1307,1339,1371,1494,1615,1784,1892,2046,2262,2544,2885,3241,3515,3586,3536,3282,3209,3167,3164,3096,3026,3032,2829,
1,3,5,6,9,15,19,29,39,44,44,56,74,100,140,170,239,315,375,502,643,828,1053,1361,1624,1851,2172,2564,2877,3118,3558,3890,4059,4333,4376,4377,4213,3954,3866,3614,3447,3091,2892,2695,2386,2042,1823,1616,1555,1392,1234,1167,1102,1049,1000,994,961,991,1023,1032,1041,1016,969,945,958,1005,1071,1121,1157,1170,1149,1102,1094,1059,1045,1008,960,916,892,891,924,986,962,981,924,879,863,863,867,936,996,1009,1018,996,989,995,1011,1088,1149,1213,1255,1305,1298,1341,1400,1461,1450,1391,1356,1376,1442,1527,1489,1401,1373,1304,1206,1192,1181,1148,1094,1019,977,925,930,994,1073,1144,1223,1269,1306,1424,1438,1496,1553,1499,1479,1439,1431,1400,1318,1265,1260,1223,1173,1151,1143,1115,1125,1175,1183,1218,1221,1257,1286,1249,1204,1164,1136,1090,1087,1057,1037,1050,1044,1049,1050,1003,994,960,959,923,957,933,923,980,1041,1112,1162,1210,1274,1395,1386,1449,1549,1609,1769,1890,1976,2139,2310,2459,2572,2729,2911,3099,3262,3525,3952,
1,3,5,6,9,15,19,29,39,44,44,56,74,100,140,170,239,315,375,502,643,828,1053,1361,1624,1851,2172,2564,2877,3118,3558,3890,4059,4333,4376,4377,4213,3954,3866,3614,3447,3091,2892,2695,2386,2042,1823,1616,1555,1392,1234,1167,1102,1049,1000,994,961,991,1023,1032,1041,1016,969,945,958,1005,1071,1121,1157,1170,1149,1102,1094,1059,1045,1008,960,916,892,891,924,986,962,981,924,879,863,863,867,936,996,1009,1018,996,989,995,1011,1088,1149,1213,1255,1305,1298,1341,1400,1461,1450,1391,1356,1376,1442,1527,1489,1401,1373,1304,1206,1192,1181,1148,1094,1019,977,925,930,994,1073,1144,1223,1269,1306,1424,1438,1496,1553,1499,1479,1439,1431,1400,1318,1265,1260,1223,1173,1151,1143,1115,1125,1175,1183,1218,1221,1257,1286,1249,1204,1164,1136,1090,1087,1057,1037,1050,1044,1049,1050,1003,994,960,959,923,957,933,923,980,1041,1112,1162,1210,1274,1395,1386,1449,1549,1609,1769,1890,1976,2139,2310,2459,2572,2729,2911,3099,3262,3525,3952,
1,3,5,6,9,15,19,29,39,44,44,56,74,100,140,170,239,315,375,502,643,828,1053,1361,1624,1851,2172,2564,2877,3118,3558,3890,4059,4333,4376,4377,4213,3954,3866,3614,3447,3091,2892,2695,2386,2042,1823,1616,1555,1392,1234,1167,1102,1049,1000,994,961,991,1023,1032,1041,1016,969,945,958,1005,1071,1121,1157,1170,1149,1102,1094,1059,1045,1008,960,916,892,891,924,986,962,981,924,879,863,863,867,936,996,1009,1018,996,989,995,1011,1088,1149,1213,1255,1305,1298,1341,1400,1461,1450,1391,1356,1376,1442,1527,1489,1401,1373,1304,1206,1192,1181,1148,1094,1019,977,925,930,994,1073,1144,1223,1269,1306,1424,1438,1496,1553,1499,1479,1439,1431,1400,1318,1265,1260,1223,1173,1151,1143,1115,1125,1175,1183,1218,1221,1257,1286,1249,1204,1164,1136,1090,1087,1057,1037,1050,1044,1049,1050,1003,994,960,959,923,957,933,923,980,1041,1112,1162,1210,1274,1395,1386,1449,1549,1609,1769,1890,1976,2139,2310,2459,2572,2729,2911,3099,3262,3525,3952,
1,3,5,6,9,15,19,29,39,44,44,56,74,100,140,170,239,315,375,502,643,828,1053,1361,1624,1851,2172,2564,2877,3118,3558,3890,4059,4333,4376,4377,4213,3954,3866,3614,3447,3091,2892,2695,2386,2042,1823,1616,1555,1392,1234,1167,1102,1049,1000,994,961,991,1023,1032,1041,1016,969,945,958,1005,1071,1121,1157,1170,1149,1102,1094,1059,1045,1008,960,916,892,891,924,986,962,981,924,879,863,863,867,936,996,1009,1018,996,989,995,1011,1088,1149,1213,1255,1305,1298,1341,1400,1461,1450,1391,1356,1376,1442,1527,1489,1401,1373,1304,1206,1192,1181,1148,1094,1019,977,925,930,994,1073,1144,1223,1269,1306,1424,1438,1496,1553,1499,1479,1439,1431,1400,1318,1265,1260,1223,1173,1151,1143,1115,1125,1175,1183,1218,1221,1257,1286,1249,1204,1164,1136,1090,1087,1057,1037,1050,1044,1049,1050,1003,994,960,959,923,957,933,923,980,1041,1112,1162,1210,1274,1395,1386,1449,1549,1609,1769,1890,1976,2139,2310,2459,2572,2729,2911,3099,3262,3525,3952,
1,3,5,6,9,15,19,29,39,44,44,56,74,100,140,170,239,315,375,502,643,828,1053,1361,1624,1851,2172,2564,2877,3118,3558,3890,4059,4333,4376,4377,4213,3954,3866,3614,3447,3091,2892,2695,2386,2042,1823,1616,1555,1392,1234,1167,1102,1049,1000,994,961,991,1023,1032,1041,1016,969,945,958,1005,1071,1121,1157,1170,1149,1102,1094,1059,1045,1008,960,916,892,891,924,986,962,981,924,879,863,863,867,936,996,1009,1018,996,989,995,1011,1088,1149,1213,1255,1305,1298,1341,1400,1461,1450,1391,1356,1376,1442,1527,1489,1401,1373,1304,1206,1192,1181,1148,1094,1019,977,925,930,994,1073,1144,1223,1269,1306,1424,1438,1496,1553,1499,1479,1439,1431,1400,1318,1265,1260,1223,1173,1151,1143,1115,1125,1175,1183,1218,1221,1257,1286,1249,1204,1164,1136,1090,1087,1057,1037,1050,1044,1049,1050,1003,994,960,959,923,957,933,923,980,1041,1112,1162,1210,1274,1395,1386,1449,1549,1609,1769,1890,1976,2139,2310,2459,2572,2729,2911,3099,3262,3525,3952,
1,3,5,6,9,15,19,29,39,44,44,56,74,100,140,170,239,315,375,502,643,828,1053,1361,1624,1851,2172,2564,2877,3118,3558,3890,4059,4333,4376,4377,4213,3954,3866,3614,3447,3091,2892,2695,2386,2042,1823,1616,1555,1392,1234,1167,1102,1049,1000,994,961,991,1023,1032,1041,1016,969,945,958,1005,1071,1121,1157,1170,1149,1102,1094,1059,1045,1008,960,916,892,891,924,986,962,981,924,879,863,863,867,936,996,1009,1018,996,989,995,1011,1088,1149,1213,1255,1305,1298,1341,1400,1461,1450,1391,1356,1376,1442,1527,1489,1401,1373,1304,1206,1192,1181,1148,1094,1019,977,925,930,994,1073,1144,1223,1269,1306,1424,1438,1496,1553,1499,1479,1439,1431,1400,1318,1265,1260,1223,1173,1151,1143,1115,1125,1175,1183,1218,1221,1257,1286,1249,1204,1164,1136,1090,1087,1057,1037,1050,1044,1049,1050,1003,994,960,959,923,957,933,923,980,1041,1112,1162,1210,1274,1395,1386,1449,1549,1609,1769,1890,1976,2139,2310,2459,2572,2729,2911,3099,3262,3525,3952,
1,3,5,6,9,15,19,29,39,44,44,56,74,100,140,170,239,315,375,502,643,828,1053,1361,1624,1851,2172,2564,2877,3118,3558,3890,4059,4333,4376,4377,4213,3954,3866,3614,3447,3091,2892,2695,2386,2042,1823,1616,1555,1392,1234,1167,1102,1049,1000,994,961,991,1023,1032,1041,1016,969,945,958,1005,1071,1121,1157,1170,1149,1102,1094,1059,1045,1008,960,916,892,891,924,986,962,981,924,879,863,863,867,936,996,1009,1018,996,989,995,1011,1088,1149,1213,1255,1305,1298,1341,1400,1461,1450,1391,1356,1376,1442,1527,1489,1401,1373,1304,1206,1192,1181,1148,1094,1019,977,925,930,994,1073,1144,1223,1269,1306,1424,1438,1496,1553,1499,1479,1439,1431,1400,1318,1265,1260,1223,1173,1151,1143,1115,1125,1175,1183,1218,1221,1257,1286,1249,1204,1164,1136,1090,1087,1057,1037,1050,1044,1049,1050,1003,994,960,959,923,957,933,923,980,1041,1112,1162,1210,1274,1395,1386,1449,1549,1609,1769,1890,1976,2139,2310,2459,2572,2729,2911,3099,3262,3525,3952,
1,3,5,6,9,15,19,29,39,44,44,56,74,100,140,170,239,315,375,502,643,828,1053,1361,1624,1851,2172,2564,2877,3118,3558,3890,4059,4333,4376,4377,4213,3954,3866,3614,3447,3091,2892,2695,2386,2042,1823,1616,1555,1392,1234,1167,1102,1049,1000,994,961,991,1023,1032,1041,1016,969,945,958,1005,1071,1121,1157,1170,1149,1102,1094,1059,1045,1008,960,916,892,891,924,986,962,981,924,879,863,863,867,936,996,1009,1018,996,989,995,1011,1088,1149,1213,1255,1305,1298,1341,1400,1461,1450,1391,1356,1376,1442,1527,1489,1401,1373,1304,1206,1192,1181,1148,1094,1019,977,925,930,994,1073,1144,1223,1269,1306,1424,1438,1496,1553,1499,1479,1439,1431,1400,1318,1265,1260,1223,1173,1151,1143,1115,1125,1175,1183,1218,1221,1257,1286,1249,1204,1164,1136,1090,1087,1057,1037,1050,1044,1049,1050,1003,994,960,959,923,957,933,923,980,1041,1112,1162,1210,1274,1395,1386,1449,1549,1609,1769,1890,1976,2139,2310,2459,2572,2729,2911,3099,3262,3525,3952,
1,3,5,6,9,15,19,29,39,44,44,56,74,100,140,170,239,315,375,502,643,828,1053,1361,1624,1851,2172,2564,2877,3118,3558,3890,4059,4333,4376,4377,4213,3954,3866,3614,3447,3091,2892,2695,2386,2042,1823,1616,1555,1392,1234,1167,1102,1049,1000,994,961,991,1023,1032,1041,1016,969,945,958,1005,1071,1121,1157,1170,1149,1102,1094,1059,1045,1008,960,916,892,891,924,986,962,981,924,879,863,863,867,936,996,1009,1018,996,989,995,1011,1088,1149,1213,1255,1305,1298,1341,1400,1461,1450,1391,1356,1376,1442,1527,1489,1401,1373,1304,1206,1192,1181,1148,1094,1019,977,925,930,994,1073,1144,1223,1269,1306,1424,1438,1496,1553,1499,1479,1439,1431,1400,1318,1265,1260,1223,1173,1151,1143,1115,1125,1175,1183,1218,1221,1257,1286,1249,1204,1164,1136,1090,1087,1057,1037,1050,1044,1049,1050,1003,994,960,959,923,957,933,923,980,1041,1112,1162,1210,1274,1395,1386,1449,1549,1609,1769,1890,1976,2139,2310,2459,2572,2729,2911,3099,3262,3525,3952,
1,3,5,6,9,15,19,29,39,44,44,56,74,100,140,170,239,315,375,502,643,828,1053,1361,1624,1851,2172,2564,2877,3118,3558,3890,4059,4333,4376,4377,4213,3954,3866,3614,3447,3091,2892,2695,2386,2042,1823,1616,1555,1392,1234,1167,1102,1049,1000,994,961,991,1023,1032,1041,1016,969,945,958,1005,1071,1121,1157,1170,1149,1102,1094,1059,1045,1008,960,916,892,891,924,986,962,981,924,879,863,863,867,936,996,1009,1018,996,989,995,1011,1088,1149,1213,1255,1305,1298,1341,1400,1461,1450,1391,1356,1376,1442,1527,1489,1401,1373,1304,1206,1192,1181,1148,1094,1019,977,925,930,994,1073,1144,1223,1269,1306,1424,1438,1496,1553,1499,1479,1439,1431,1400,1318,1265,1260,1223,1173,1151,1143,1115,1125,1175,1183,1218,1221,1257,1286,1249,1204,1164,1136,1090,1087,1057,1037,1050,1044,1049,1050,1003,994,960,959,923,957,933,923,980,1041,1112,1162,1210,1274,1395,1386,1449,1549,1609,1769,1890,1976,2139,2310,2459,2572,2729,2911,3099,3262,3525,3952,
1,3,5,6,9,15,19,29,39,44,44,56,74,100,140,170,239,315,375,502,643,828,1053,1361,1624,1851,2172,2564,2877,3118,3558,3890,4059,4333,4376,4377,4213,3954,3866,3614,3447,3091,2892,2695,2386,2042,1823,1616,1555,1392,1234,1167,1102,1049,1000,994,961,991,1023,1032,1041,1016,969,945,958,1005,1071,1121,1157,1170,1149,1102,1094,1059,1045,1008,960,916,892,891,924,986,962,981,924,879,863,863,867,936,996,1009,1018,996,989,995,1011,1088,1149,1213,1255,1305,1298,1341,1400,1461,1450,1391,1356,1376,1442,1527,1489,1401,1373,1304,1206,1192,1181,1148,1094,1019,977,925,930,994,1073,1144,1223,1269,1306,1424,1438,1496,1553,1499,1479,1439,1431,1400,1318,1265,1260,1223,1173,1151,1143,1115,1125,1175,1183,1218,1221,1257,1286,1249,1204,1164,1136,1090,1087,1057,1037,1050,1044,1049,1050,1003,994,960,959,923,957,933,923,980,1041,1112,1162,1210,1274,1395,1386,1449,1549,1609,1769,1890,1976,2139,2310,2459,2572,2729,2911,3099,3262,3525,3952,
1,3,5,6,9,15,19,29,39,44,44,56,74,100,140,170,239,315,375,502,643,828,1053,1361,1624,1851,2172,2564,2877,3118,3558,3890,4059,4333,4376,4377,4213,3954,3866,3614,3447,3091,2892,2695,2386,2042,1823,1616,1555,1392,1234,1167,1102,1049,1000,994,961,991,1023,1032,1041,1016,969,945,958,1005,1071,1121,1157,1170,1149,1102,1094,1059,1045,1008,960,916,892,891,924,986,962,981,924,879,863,863,867,936,996,1009,1018,996,989,995,1011,1088,1149,1213,1255,1305,1298,1341,1400,1461,1450,1391,1356,1376,1442,1527,1489,1401,1373,1304,1206,1192,1181,1148,1094,1019,977,925,930,994,1073,1144,1223,1269,1306,1424,1438,1496,1553,1499,1479,1439,1431,1400,1318,1265,1260,1223,1173,1151,1143,1115,1125,1175,1183,1218,1221,1257,1286,1249,1204,1164,1136,1090,1087,1057,1037,1050,1044,1049,1050,1003,994,960,959,923,957,933,923,980,1041,1112,1162,1210,1274,1395,1386,1449,1549,1609,1769,1890,1976,2139,2310,2459,2572,2729,2911,3099,3262,3525,3952,
1,3,5,6,9,15,19,29,39,44,44,56,74,100,140,170,239,315,375,502,643,828,1053,1361,1624,1851,2172,2564,2877,3118,3558,3890,4059,4333,4376,4377,4213,3954,3866,3614,3447,3091,2892,2695,2386,2042,1823,1616,1555,1392,1234,1167,1102,1049,1000,994,961,991,1023,1032,1041,1016,969,945,958,1005,1071,1121,1157,1170,1149,1102,1094,1059,1045,1008,960,916,892,891,924,986,962,981,924,879,863,863,867,936,996,1009,1018,996,989,995,1011,1088,1149,1213,1255,1305,1298,1341,1400,1461,1450,1391,1356,1376,1442,1527,1489,1401,1373,1304,1206,1192,1181,1148,1094,1019,977,925,930,994,1073,1144,1223,1269,1306,1424,1438,1496,1553,1499,1479,1439,1431,1400,1318,1265,1260,1223,1173,1151,1143,1115,1125,1175,1183,1218,1221,1257,1286,1249,1204,1164,1136,1090,1087,1057,1037,1050,1044,1049,1050,1003,994,960,959,923,957,933,923,980,1041,1112,1162,1210,1274,1395,1386,1449,1549,1609,1769,1890,1976,2139,2310,2459,2572,2729,2911,3099,3262,3525,3952,
1,3,5,6,9,15,19,29,39,44,44,56,74,100,140,170,239,315,375,502,643,828,1053,1361,1624,1851,2172,2564,2877,3118,3558,3890,4059,4333,4376,4377,4213,3954,3866,3614,3447,3091,2892,2695,2386,2042,1823,1616,1555,1392,1234,1167,1102,1049,1000,994,961,991,1023,1032,1041,1016,969,945,958,1005,1071,1121,1157,1170,1149,1102,1094,1059,1045,1008,960,916,892,891,924,986,962,981,924,879,863,863,867,936,996,1009,1018,996,989,995,1011,1088,1149,1213,1255,1305,1298,1341,1400,1461,1450,1391,1356,1376,1442,1527,1489,1401,1373,1304,1206,1192,1181,1148,1094,1019,977,925,930,994,1073,1144,1223,1269,1306,1424,1438,1496,1553,1499,1479,1439,1431,1400,1318,1265,1260,1223,1173,1151,1143,1115,1125,1175,1183,1218,1221,1257,1286,1249,1204,1164,1136,1090,1087,1057,1037,1050,1044,1049,1050,1003,994,960,959,923,957,933,923,980,1041,1112,1162,1210,1274,1395,1386,1449,1549,1609,1769,1890,1976,2139,2310,2459,2572,2729,2911,3099,3262,3525,3952,
1,3,5,6,9,15,19,29,39,44,44,56,74,100,140,170,239,315,375,502,643,828,1053,1361,1624,1851,2172,2564,2877,3118,3558,3890,4059,4333,4376,4377,4213,3954,3866,3614,3447,3091,2892,2695,2386,2042,1823,1616,1555,1392,1234,1167,1102,1049,1000,994,961,991,1023,1032,1041,1016,969,945,958,1005,1071,1121,1157,1170,1149,1102,1094,1059,1045,1008,960,916,892,891,924,986,962,981,924,879,863,863,867,936,996,1009,1018,996,989,995,1011,1088,1149,1213,1255,1305,1298,1341,1400,1461,1450,1391,1356,1376,1442,1527,1489,1401,1373,1304,1206,1192,1181,1148,1094,1019,977,925,930,994,1073,1144,1223,1269,1306,1424,1438,1496,1553,1499,1479,1439,1431,1400,1318,1265,1260,1223,1173,1151,1143,1115,1125,1175,1183,1218,1221,1257,1286,1249,1204,1164,1136,1090,1087,1057,1037,1050,1044,1049,1050,1003,994,960,959,923,957,933,923,980,1041,1112,1162,1210,1274,1395,1386,1449,1549,1609,1769,1890,1976,2139,2310,2459,2572,2729,2911,3099,3262,3525,3952,
1,3,5,6,9,15,19,29,39,44,44,56,74,100,140,170,239,315,375,502,643,828,1053,1361,1624,1851,2172,2564,2877,3118,3558,3890,4059,4333,4376,4377,4213,3954,3866,3614,3447,3091,2892,2695,2386,2042,1823,1616,1555,1392,1234,1167,1102,1049,1000,994,961,991,1023,1032,1041,1016,969,945,958,1005,1071,1121,1157,1170,1149,1102,1094,1059,1045,1008,960,916,892,891,924,986,962,981,924,879,863,863,867,936,996,1009,1018,996,989,995,1011,1088,1149,1213,1255,1305,1298,1341,1400,1461,1450,1391,1356,1376,1442,1527,1489,1401,1373,1304,1206,1192,1181,1148,1094,1019,977,925,930,994,1073,1144,1223,1269,1306,1424,1438,1496,1553,1499,1479,1439,1431,1400,1318,1265,1260,1223,1173,1151,1143,1115,1125,1175,1183,1218,1221,1257,1286,1249,1204,1164,1136,1090,1087,1057,1037,1050,1044,1049,1050,1003,994,960,959,923,957,933,923,980,1041,1112,1162,1210,1274,1395,1386,1449,1549,1609,1769,1890,1976,2139,2310,2459,2572,2729,2911,3099,3262,3525,3952,
1,3,5,6,9,15,19,29,39,44,44,56,74,100,140,170,239,315,375,502,643,828,1053,1361,1624,1851,2172,2564,2877,3118,3558,3890,4059,4333,4376,4377,4213,3954,3866,3614,3447,3091,2892,2695,2386,2042,1823,1616,1555,1392,1234,1167,1102,1049,1000,994,961,991,1023,1032,1041,1016,969,945,958,1005,1071,1121,1157,1170,1149,1102,1094,1059,1045,1008,960,916,892,891,924,986,962,981,924,879,863,863,867,936,996,1009,1018,996,989,995,1011,1088,1149,1213,1255,1305,1298,1341,1400,1461,1450,1391,1356,1376,1442,1527,1489,1401,1373,1304,1206,1192,1181,1148,1094,1019,977,925,930,994,1073,1144,1223,1269,1306,1424,1438,1496,1553,1499,1479,1439,1431,1400,1318,1265,1260,1223,1173,1151,1143,1115,1125,1175,1183,1218,1221,1257,1286,1249,1204,1164,1136,1090,1087,1057,1037,1050,1044,1049,1050,1003,994,960,959,923,957,933,923,980,1041,1112,1162,1210,1274,1395,1386,1449,1549,1609,1769,1890,1976,2139,2310,2459,2572,2729,2911,3099,3262,3525,3952,
1,5,6,6,7,11,11,20,33,41,47,57,75,85,111,148,198,277,335,434,529,650,791,962,1226,1493,1864,2306,2765,3201,3595,3908,4163,4287,4355,4499,4369,4194,4065,3864,3700,3422,3175,2676,2260,1956,1660,1476,1332,1203,1098,1039,973,922,870,818,798,766,768,783,829,830,866,917,958,977,1013,1053,1095,1069,1068,1052,1058,1052,1039,1043,1064,1079,1103,1086,1092,1074,1062,1058,1031,982,949,878,843,838,809,823,812,815,834,887,930,976,997,1028,1001,1016,997,1009,1059,1113,1186,1181,1155,1178,1188,1141,1102,1081,1068,1057,1026,1019,1021,1081,1107,1111,1159,1214,1331,1441,1561,1591,1597,1619,1656,1716,1786,1833,1928,2010,1951,1938,1872,1852,1778,1720,1651,1600,1571,1500,1462,1405,1337,1308,1247,1261,1293,1278,1318,1283,1318,1313,1320,1416,1491,1528,1645,1698,1754,1804,1804,1777,1736,1622,1526,1483,1521,1482,1514,1515,1579,1571,1560,1592,1624,1677,1769,1816,1809,1897,1996,2086,2207,2233,2353,2500,2675,2715,2839,3113,3307,3382,3568,
1,4,4,3,5,8,12,19,32,46,50,60,80,97,142,190,251,339,410,511,598,695,916,1161,1341,1498,1711,1971,2269,2521,2787,2837,2837,2907,2866,2851,2805,2589,2328,2094,1853,1687,1514,1350,1219,1115,1080,1029,1006,978,955,902,838,810,783,776,789,815,832,861,917,963,985,1021,1053,1124,1117,1090,1083,1048,997,1035,1014,1050,1069,1092,1112,1180,1241,1276,1285,1293,1267,1236,1233,1235,1227,1263,1269,1252,1284,1256,1230,1166,1157,1147,1135,1179,1264,1315,1264,1258,1222,1174,1088,982,907,897,963,961,922,907,915,872,838,791,782,789,850,852,922,940,1017,1069,1168,1245,1272,1326,1383,1427,1504,1553,1621,1689,1764,1789,1904,1957,1928,1958,1926,1885,1822,1813,1788,1770,1641,1515,1435,1328,1188,1128,1088,1050,956,908,848,850,858,842,831,839,858,865,815,772,728,687,682,736,752,764,781,757,801,820,844,885,963,1056,1178,1233,1271,1374,1617,1834,2078,2363,2567,2772,2940,3120,3177,3278,3246,3100,2861,2597,2315,
1,4,5,5,9,8,11,18,31,35,41,50,71,92,127,157,196,260,353,465,556,658,808,1005,1216,1444,1695,1963,2208,2500,2800,3114,3346,3501,3608,3651,3640,3440,3297,3060,2948,2729,2468,2205,2015,1790,1615,1516,1376,1306,1185,1109,1044,1035,1000,939,907,852,850,806,788,775,713,657,650,629,627,625,663,687,710,741,745,756,742,765,844,911,939,980,1029,1053,1101,1223,1387,1481,1556,1553,1517,1443,1328,1318,1280,1221,1111,1033,1011,992,984,979,984,982,990,992,1018,1022,1029,1041,1042,1039,1046,1062,1113,1147,1111,1115,1116,1143,1181,1185,1208,1152,1103,1145,1171,1233,1267,1317,1336,1340,1345,1372,1436,1553,1603,1590,1613,1626,1566,1497,1449,1344,1315,1223,1155,1066,1056,1061,1060,1118,1177,1163,1210,1248,1262,1293,1320,1349,1416,1371,1382,1392,1440,1459,1547,1555,1542,1515,1611,1729,1753,1720,1686,1580,1543,1463,1421,1367,1332,1335,1393,1453,1553,1673,1847,1927,2020,2123,2273,2584,2808,2857,2859,2921,3075,3195,3423,3678,3913,
1,4,5,5,9,8,11,18,31,35,41,50,71,92,127,157,196,260,353,465,556,658,808,1005,1216,1444,1695,1963,2208,2500,2800,3114,3346,3501,3608,3651,3640,3440,3297,3060,2948,2729,2468,2205,2015,1790,1615,1516,1376,1306,1185,1109,1044,1035,1000,939,907,852,850,806,788,775,713,657,650,629,627,625,663,687,710,741,745,756,742,765,844,911,939,980,1029,1053,1101,1223,1387,1481,1556,1553,1517,1443,1328,1318,1280,1221,1111,1033,1011,992,984,979,984,982,990,992,1018,1022,1029,1041,1042,1039,1046,1062,1113,1147,1111,1115,1116,1143,1181,1185,1208,1152,1103,1145,1171,1233,1267,1317,1336,1340,1345,1372,1436,1553,1603,1590,1613,1626,1566,1497,1449,1344,1315,1223,1155,1066,1056,1061,1060,1118,1177,1163,1210,1248,1262,1293,1320,1349,1416,1371,1382,1392,1440,1459,1547,1555,1542,1515,1611,1729,1753,1720,1686,1580,1543,1463,1421,1367,1332,1335,1393,1453,1553,1673,1847,1927,2020,2123,2273,2584,2808,2857,2859,2921,3075,3195,3423,3678,3913,
1,4,5,5,9,8,11,18,31,35,41,50,71,92,127,157,196,260,353,465,556,658,808,1005,1216,1444,1695,1963,2208,2500,2800,3114,3346,3501,3608,3651,3640,3440,3297,3060,2948,2729,2468,2205,2015,1790,1615,1516,1376,1306,1185,1109,1044,1035,1000,939,907,852,850,806,788,775,713,657,650,629,627,625,663,687,710,741,745,756,742,765,844,911,939,980,1029,1053,1101,1223,1387,1481,1556,1553,1517,1443,1328,1318,1280,1221,1111,1033,1011,992,984,979,984,982,990,992,1018,1022,1029,1041,1042,1039,1046,1062,1113,1147,1111,1115,1116,1143,1181,1185,1208,1152,1103,1145,1171,1233,1267,1317,1336,1340,1345,1372,1436,1553,1603,1590,1613,1626,1566,1497,1449,1344,1315,1223,1155,1066,1056,1061,1060,1118,1177,1163,1210,1248,1262,1293,1320,1349,1416,1371,1382,1392,1440,1459,1547,1555,1542,1515,1611,1729,1753,1720,1686,1580,1543,1463,1421,1367,1332,1335,1393,1453,1553,1673,1847,1927,2020,2123,2273,2584,2808,2857,2859,2921,3075,3195,3423,3678,3913,
1,4,5,5,9,8,11,18,31,35,41,50,71,92,127,157,196,260,353,465,556,658,808,1005,1216,1444,1695,1963,2208,2500,2800,3114,3346,3501,3608,3651,3640,3440,3297,3060,2948,2729,2468,2205,2015,1790,1615,1516,1376,1306,1185,1109,1044,1035,1000,939,907,852,850,806,788,775,713,657,650,629,627,625,663,687,710,741,745,756,742,765,844,911,939,980,1029,1053,1101,1223,1387,1481,1556,1553,1517,1443,1328,1318,1280,1221,1111,1033,1011,992,984,979,984,982,990,992,1018,1022,1029,1041,1042,1039,1046,1062,1113,1147,1111,1115,1116,1143,1181,1185,1208,1152,1103,1145,1171,1233,1267,1317,1336,1340,1345,1372,1436,1553,1603,1590,1613,1626,1566,1497,1449,1344,1315,1223,1155,1066,1056,1061,1060,1118,1177,1163,1210,1248,1262,1293,1320,1349,1416,1371,1382,1392,1440,1459,1547,1555,1542,1515,1611,1729,1753,1720,1686,1580,1543,1463,1421,1367,1332,1335,1393,1453,1553,1673,1847,1927,2020,2123,2273,2584,2808,2857,2859,2921,3075,3195,3423,3678,3913,
1,4,5,5,9,8,11,18,31,35,41,50,71,92,127,157,196,260,353,465,556,658,808,1005,1216,1444,1695,1963,2208,2500,2800,3114,3346,3501,3608,3651,3640,3440,3297,3060,2948,2729,2468,2205,2015,1790,1615,1516,1376,1306,1185,1109,1044,1035,1000,939,907,852,850,806,788,775,713,657,650,629,627,625,663,687,710,741,745,756,742,765,844,911,939,980,1029,1053,1101,1223,1387,1481,1556,1553,1517,1443,1328,1318,1280,1221,1111,1033,1011,992,984,979,984,982,990,992,1018,1022,1029,1041,1042,1039,1046,1062,1113,1147,1111,1115,1116,1143,1181,1185,1208,1152,1103,1145,1171,1233,1267,1317,1336,1340,1345,1372,1436,1553,1603,1590,1613,1626,1566,1497,1449,1344,1315,1223,1155,1066,1056,1061,1060,1118,1177,1163,1210,1248,1262,1293,1320,1349,1416,1371,1382,1392,1440,1459,1547,1555,1542,1515,1611,1729,1753,1720,1686,1580,1543,1463,1421,1367,1332,1335,1393,1453,1553,1673,1847,1927,2020,2123,2273,2584,2808,2857,2859,2921,3075,3195,3423,3678,3913,
1,4,5,5,9,8,11,18,31,35,41,50,71,92,127,157,196,260,353,465,556,658,808,1005,1216,1444,1695,1963,2208,2500,2800,3114,3346,3501,3608,3651,3640,3440,3297,3060,2948,2729,2468,2205,2015,1790,1615,1516,1376,1306,1185,1109,1044,1035,1000,939,907,852,850,806,788,775,713,657,650,629,627,625,663,687,710,741,745,756,742,765,844,911,939,980,1029,1053,1101,1223,1387,1481,1556,1553,1517,1443,1328,1318,1280,1221,1111,1033,1011,992,984,979,984,982,990,992,1018,1022,1029,1041,1042,1039,1046,1062,1113,1147,1111,1115,1116,1143,1181,1185,1208,1152,1103,1145,1171,1233,1267,1317,1336,1340,1345,1372,1436,1553,1603,1590,1613,1626,1566,1497,1449,1344,1315,1223,1155,1066,1056,1061,1060,1118,1177,1163,1210,1248,1262,1293,1320,1349,1416,1371,1382,1392,1440,1459,1547,1555,1542,1515,1611,1729,1753,1720,1686,1580,1543,1463,1421,1367,1332,1335,1393,1453,1553,1673,1847,1927,2020,2123,2273,2584,2808,2857,2859,2921,3075,3195,3423,3678,3913,
1,4,5,5,9,8,11,18,31,35,41,50,71,92,127,157,196,260,353,465,556,658,808,1005,1216,1444,1695,1963,2208,2500,2800,3114,3346,3501,3608,3651,3640,3440,3297,3060,2948,2729,2468,2205,2015,1790,1615,1516,1376,1306,1185,1109,1044,1035,1000,939,907,852,850,806,788,775,713,657,650,629,627,625,663,687,710,741,745,756,742,765,844,911,939,980,1029,1053,1101,1223,1387,1481,1556,1553,1517,1443,1328,1318,1280,1221,1111,1033,1011,992,984,979,984,982,990,992,1018,1022,1029,1041,1042,1039,1046,1062,1113,1147,1111,1115,1116,1143,1181,1185,1208,1152,1103,1145,1171,1233,1267,1317,1336,1340,1345,1372,1436,1553,1603,1590,1613,1626,1566,1497,1449,1344,1315,1223,1155,1066,1056,1061,1060,1118,1177,1163,1210,1248,1262,1293,1320,1349,1416,1371,1382,1392,1440,1459,1547,1555,1542,1515,1611,1729,1753,1720,1686,1580,1543,1463,1421,1367,1332,1335,1393,1453,1553,1673,1847,1927,2020,2123,2273,2584,2808,2857,2859,2921,3075,3195,3423,3678,3913,
1,4,5,5,9,8,11,18,31,35,41,50,71,92,127,157,196,260,353,465,556,658,808,1005,1216,1444,1695,1963,2208,2500,2800,3114,3346,3501,3608,3651,3640,3440,3297,3060,2948,2729,2468,2205,2015,1790,1615,1516,1376,1306,1185,1109,1044,1035,1000,939,907,852,850,806,788,775,713,657,650,629,627,625,663,687,710,741,745,756,742,765,844,911,939,980,1029,1053,1101,1223,1387,1481,1556,1553,1517,1443,1328,1318,1280,1221,1111,1033,1011,992,984,979,984,982,990,992,1018,1022,1029,1041,1042,1039,1046,1062,1113,1147,1111,1115,1116,1143,1181,1185,1208,1152,1103,1145,1171,1233,1267,1317,1336,1340,1345,1372,1436,1553,1603,1590,1613,1626,1566,1497,1449,1344,1315,1223,1155,1066,1056,1061,1060,1118,1177,1163,1210,1248,1262,1293,1320,1349,1416,1371,1382,1392,1440,1459,1547,1555,1542,1515,1611,1729,1753,1720,1686,1580,1543,1463,1421,1367,1332,1335,1393,1453,1553,1673,1847,1927,2020,2123,2273,2584,2808,2857,2859,2921,3075,3195,3423,3678,3913,
1,4,5,5,9,8,11,18,31,35,41,50,71,92,127,157,196,260,353,465,556,658,808,1005,1216,1444,1695,1963,2208,2500,2800,3114,3346,3501,3608,3651,3640,3440,3297,3060,2948,2729,2468,2205,2015,1790,1615,1516,1376,1306,1185,1109,1044,1035,1000,939,907,852,850,806,788,775,713,657,650,629,627,625,663,687,710,741,745,756,742,765,844,911,939,980,1029,1053,1101,1223,1387,1481,1556,1553,1517,1443,1328,1318,1280,1221,1111,1033,1011,992,984,979,984,982,990,992,1018,1022,1029,1041,1042,1039,1046,1062,1113,1147,1111,1115,1116,1143,1181,1185,1208,1152,1103,1145,1171,1233,1267,1317,1336,1340,1345,1372,1436,1553,1603,1590,1613,1626,1566,1497,1449,1344,1315,1223,1155,1066,1056,1061,1060,1118,1177,1163,1210,1248,1262,1293,1320,1349,1416,1371,1382,1392,1440,1459,1547,1555,1542,1515,1611,1729,1753,1720,1686,1580,1543,1463,1421,1367,1332,1335,1393,1453,1553,1673,1847,1927,2020,2123,2273,2584,2808,2857,2859,2921,3075,3195,3423,3678,3913,
1,4,5,5,9,8,11,18,31,35,41,50,71,92,127,157,196,260,353,465,556,658,808,1005,1216,1444,1695,1963,2208,2500,2800,3114,3346,3501,3608,3651,3640,3440,3297,3060,2948,2729,2468,2205,2015,1790,1615,1516,1376,1306,1185,1109,1044,1035,1000,939,907,852,850,806,788,775,713,657,650,629,627,625,663,687,710,741,745,756,742,765,844,911,939,980,1029,1053,1101,1223,1387,1481,1556,1553,1517,1443,1328,1318,1280,1221,1111,1033,1011,992,984,979,984,982,990,992,1018,1022,1029,1041,1042,1039,1046,1062,1113,1147,1111,1115,1116,1143,1181,1185,1208,1152,1103,1145,1171,1233,1267,1317,1336,1340,1345,1372,1436,1553,1603,1590,1613,1626,1566,1497,1449,1344,1315,1223,1155,1066,1056,1061,1060,1118,1177,1163,1210,1248,1262,1293,1320,1349,1416,1371,1382,1392,1440,1459,1547,1555,1542,1515,1611,1729,1753,1720,1686,1580,1543,1463,1421,1367,1332,1335,1393,1453,1553,1673,1847,1927,2020,2123,2273,2584,2808,2857,2859,2921,3075,3195,3423,3678,3913,
1,3,5,5,6,9,14,24,36,40,52,63,78,98,123,162,214,289,348,414,527,645,796,982,1165,1434,1737,2060,2234,2468,2781,2912,3079,3261,3515,3678,3599,3608,3645,3552,3389,3220,3005,2730,2489,2259,2053,1837,1663,1588,1569,1527,1441,1412,1445,1374,1318,1299,1204,1120,1106,1029,963,904,867,822,788,753,701,705,695,707,756,772,805,857,900,940,965,996,1045,1034,1108,1131,1153,1172,1202,1261,1262,1240,1176,1153,1161,1122,1056,997,973,969,922,893,886,864,888,896,917,932,943,962,999,974,957,1001,1022,1092,1118,1144,1042,1016,962,951,895,880,899,915,920,913,975,1009,1035,1075,1136,1203,1293,1453,1552,1654,1726,1750,1756,1685,1662,1646,1596,1574,1527,1516,1514,1533,1517,1520,1428,1349,1290,1275,1196,1110,1029,1041,1088,1119,1211,1287,1364,1388,1335,1306,1250,1179,1089,1038,998,930,912,897,930,1000,1089,1112,1191,1293,1368,1559,1671,1758,1918,2096,2213,2414,2530,2680,2857,3067,3335,3508,3711,3943,4271,4824,5325,
1,3,3,5,9,12,18,27,35,41,59,71,89,98,131,177,231,278,319,391,474,561,720,918,1129,1414,1798,2189,2603,2872,3179,3361,3438,3504,3398,3248,3128,2970,2622,2397,2229,1979,1780,1508,1335,1213,1127,1002,961,860,817,805,763,744,738,779,822,838,882,897,890,885,931,983,1045,1097,1119,1124,1073,1050,1031,999,958,894,824,810,788,726,703,709,706,688,684,693,697,732,781,803,849,879,879,887,933,950,968,1037,1045,1046,1033,1006,1033,1045,1083,1131,1126,1099,1084,1062,1039,1004,995,962,953,907,855,822,857,878,937,980,992,1014,1054,1074,1109,1167,1229,1283,1346,1352,1397,1422,1455,1413,1367,1332,1364,1356,1352,1349,1382,1403,1430,1439,1389,1311,1271,1193,1181,1210,1198,1200,1197,1144,1092,1061,1030,989,980,993,1005,976,962,982,1023,983,919,892,841,887,961,1076,1174,1236,1282,1344,1368,1444,1482,1509,1480,1535,1544,1555,1618,1643,1649,1670,1765,1899,1995,1982,2068,2187,2294,2355,2421,2359,2287,
1,5,5,8,7,10,21,24,31,37,49,55,72,101,134,166,211,280,328,435,526,651,816,1023,1261,1523,1857,2152,2470,2720,3050,3234,3496,3781,3930,3877,3613,3453,3313,3155,2926,2602,2293,2050,1835,1627,1439,1313,1189,1127,1102,1085,1055,1036,1046,1036,1028,1061,1148,1132,1143,1165,1115,1144,1093,1102,1100,1054,998,963,917,905,906,897,886,882,897,950,958,1039,1094,1101,1082,1039,1001,1044,1044,1091,1154,1143,1122,1122,1144,1159,1167,1148,1137,1170,1178,1157,1167,1168,1197,1208,1166,1119,1109,1165,1168,1165,1193,1126,1055,983,914,874,878,825,777,800,846,903,938,1026,1081,1166,1237,1318,1297,1358,1356,1417,1475,1521,1504,1518,1574,1557,1474,1374,1325,1291,1294,1254,1231,1210,1200,1148,1071,1048,1005,981,936,896,876,867,894,884,903,943,933,894,927,920,927,918,928,918,927,939,960,951,927,953,1000,1052,1058,1035,1075,1119,1241,1368,1417,1492,1549,1709,1823,1991,2136,2274,2306,2344,2344,2250,2300,2336,2413,2421,2373,
1,5,5,8,7,10,21,24,31,37,49,55,72,101,134,166,211,280,328,435,526,651,816,1023,1261,1523,1857,2152,2470,2720,3050,3234,3496,3781,3930,3877,3613,3453,3313,3155,2926,2602,2293,2050,1835,1627,1439,1313,1189,1127,1102,1085,1055,1036,1046,1036,1028,1061,1148,1132,1143,1165,1115,1144,1093,1102,1100,1054,998,963,917,905,906,897,886,882,897,950,958,1039,1094,1101,1082,1039,1001,1044,1044,1091,1154,1143,1122,1122,1144,1159,1167,1148,1137,1170,1178,1157,1167,1168,1197,1208,1166,1119,1109,1165,1168,1165,1193,1126,1055,983,914,874,878,825,777,800,846,903,938,1026,1081,1166,1237,1318,1297,1358,1356,1417,1475,1521,1504,1518,1574,1557,1474,1374,1325,1291,1294,1254,1231,1210,1200,1148,1071,1048,1005,981,936,896,876,867,894,884,903,943,933,894,927,920,927,918,928,918,927,939,960,951,927,953,1000,1052,1058,1035,1075,1119,1241,1368,1417,1492,1549,1709,1823,1991,2136,2274,2306,2344,2344,2250,2300,2336,2413,2421,2373,
1,5,5,8,7,10,21,24,31,37,49,55,72,101,134,166,211,280,328,435,526,651,816,1023,1261,1523,1857,2152,2470,2720,3050,3234,3496,3781,3930,3877,3613,3453,3313,3155,2926,2602,2293,2050,1835,1627,1439,1313,1189,1127,1102,1085,1055,1036,1046,1036,1028,1061,1148,1132,1143,1165,1115,1144,1093,1102,1100,1054,998,963,917,905,906,897,886,882,897,950,958,1039,1094,1101,1082,1039,1001,1044,1044,1091,1154,1143,1122,1122,1144,1159,1167,1148,1137,1170,1178,1157,1167,1168,1197,1208,1166,1119,1109,1165,1168,1165,1193,1126,1055,983,914,874,878,825,777,800,846,903,938,1026,1081,1166,1237,1318,1297,1358,1356,1417,1475,1521,1504,1518,1574,1557,1474,1374,1325,1291,1294,1254,1231,1210,1200,1148,1071,1048,1005,981,936,896,876,867,894,884,903,943,933,894,927,920,927,918,928,918,927,939,960,951,927,953,1000,1052,1058,1035,1075,1119,1241,1368,1417,1492,1549,1709,1823,1991,2136,2274,2306,2344,2344,2250,2300,2336,2413,2421,2373,
1,5,5,8,7,10,21,24,31,37,49,55,72,101,134,166,211,280,328,435,526,651,816,1023,1261,1523,1857,2152,2470,2720,3050,3234,3496,3781,3930,3877,3613,3453,3313,3155,2926,2602,2293,2050,1835,1627,1439,1313,1189,1127,1102,1085,1055,1036,1046,1036,1028,1061,1148,1132,1143,1165,1115,1144,1093,1102,1100,1054,998,963,917,905,906,897,886,882,897,950,958,1039,1094,1101,1082,1039,1001,1044,1044,1091,1154,1143,1122,1122,1144,1159,1167,1148,1137,1170,1178,1157,1167,1168,1197,1208,1166,1119,1109,1165,1168,1165,1193,1126,1055,983,914,874,878,825,777,800,846,903,938,1026,1081,1166,1237,1318,1297,1358,1356,1417,1475,1521,1504,1518,1574,1557,1474,1374,1325,1291,1294,1254,1231,1210,1200,1148,1071,1048,1005,981,936,896,876,867,894,884,903,943,933,894,927,920,927,918,928,918,927,939,960,951,927,953,1000,1052,1058,1035,1075,1119,1241,1368,1417,1492,1549,1709,1823,1991,2136,2274,2306,2344,2344,2250,2300,2336,2413,2421,2373,
1,5,5,8,7,10,21,24,31,37,49,55,72,101,134,166,211,280,328,435,526,651,816,1023,1261,1523,1857,2152,2470,2720,3050,3234,3496,3781,3930,3877,3613,3453,3313,3155,2926,2602,2293,2050,1835,1627,1439,1313,1189,1127,1102,1085,1055,1036,1046,1036,1028,1061,1148,1132,1143,1165,1115,1144,1093,1102,1100,1054,998,963,917,905,906,897,886,882,897,950,958,1039,1094,1101,1082,1039,1001,1044,1044,1091,1154,1143,1122,1122,1144,1159,1167,1148,1137,1170,1178,1157,1167,1168,1197,1208,1166,1119,1109,1165,1168,1165,1193,1126,1055,983,914,874,878,825,777,800,846,903,938,1026,1081,1166,1237,1318,1297,1358,1356,1417,1475,1521,1504,1518,1574,1557,1474,1374,1325,1291,1294,1254,1231,1210,1200,1148,1071,1048,1005,981,936,896,876,867,894,884,903,943,933,894,927,920,927,918,928,918,927,939,960,951,927,953,1000,1052,1058,1035,1075,1119,1241,1368,1417,1492,1549,1709,1823,1991,2136,2274,2306,2344,2344,2250,2300,2336,2413,2421,2373,
1,5,5,8,7,10,21,24,31,37,49,55,72,101,134,166,211,280,328,435,526,651,816,1023,1261,1523,1857,2152,2470,2720,3050,3234,3496,3781,3930,3877,3613,3453,3313,3155,2926,2602,2293,2050,1835,1627,1439,1313,1189,1127,1102,1085,1055,1036,1046,1036,1028,1061,1148,1132,1143,1165,1115,1144,1093,1102,1100,1054,998,963,917,905,906,897,886,882,897,950,958,1039,1094,1101,1082,1039,1001,1044,1044,1091,1154,1143,1122,1122,1144,1159,1167,1148,1137,1170,1178,1157,1167,1168,1197,1208,1166,1119,1109,1165,1168,1165,1193,1126,1055,983,914,874,878,825,777,800,846,903,938,1026,1081,1166,1237,1318,1297,1358,1356,1417,1475,1521,1504,1518,1574,1557,1474,1374,1325,1291,1294,1254,1231,1210,1200,1148,1071,1048,1005,981,936,896,876,867,894,884,903,943,933,894,927,920,927,918,928,918,927,939,960,951,927,953,1000,1052,1058,1035,1075,1119,1241,1368,1417,1492,1549,1709,1823,1991,2136,2274,2306,2344,2344,2250,2300,2336,2413,2421,2373,
1,5,5,8,7,10,21,24,31,37,49,55,72,101,134,166,211,280,328,435,526,651,816,1023,1261,1523,1857,2152,2470,2720,3050,3234,3496,3781,3930,3877,3613,3453,3313,3155,2926,2602,2293,2050,1835,1627,1439,1313,1189,1127,1102,1085,1055,1036,1046,1036,1028,1061,1148,1132,1143,1165,1115,1144,1093,1102,1100,1054,998,963,917,905,906,897,886,882,897,950,958,1039,1094,1101,1082,1039,1001,1044,1044,1091,1154,1143,1122,1122,1144,1159,1167,1148,1137,1170,1178,1157,1167,1168,1197,1208,1166,1119,1109,1165,1168,1165,1193,1126,1055,983,914,874,878,825,777,800,846,903,938,1026,1081,1166,1237,1318,1297,1358,1356,1417,1475,1521,1504,1518,1574,1557,1474,1374,1325,1291,1294,1254,1231,1210,1200,1148,1071,1048,1005,981,936,896,876,867,894,884,903,943,933,894,927,920,927,918,928,918,927,939,960,951,927,953,1000,1052,1058,1035,1075,1119,1241,1368,1417,1492,1549,1709,1823,1991,2136,2274,2306,2344,2344,2250,2300,2336,2413,2421,2373,
1,5,5,8,7,10,21,24,31,37,49,55,72,101,134,166,211,280,328,435,526,651,816,1023,1261,1523,1857,2152,2470,2720,3050,3234,3496,3781,3930,3877,3613,3453,3313,3155,2926,2602,2293,2050,1835,1627,1439,1313,1189,1127,1102,1085,1055,1036,1046,1036,1028,1061,1148,1132,1143,1165,1115,1144,1093,1102,1100,1054,998,963,917,905,906,897,886,882,897,950,958,1039,1094,1101,1082,1039,1001,1044,1044,1091,1154,1143,1122,1122,1144,1159,1167,1148,1137,1170,1178,1157,1167,1168,1197,1208,1166,1119,1109,1165,1168,1165,1193,1126,1055,983,914,874,878,825,777,800,846,903,938,1026,1081,1166,1237,1318,1297,1358,1356,1417,1475,1521,1504,1518,1574,1557,1474,1374,1325,1291,1294,1254,1231,1210,1200,1148,1071,1048,1005,981,936,896,876,867,894,884,903,943,933,894,927,920,927,918,928,918,927,939,960,951,927,953,1000,1052,1058,1035,1075,1119,1241,1368,1417,1492,1549,1709,1823,1991,2136,2274,2306,2344,2344,2250,2300,2336,2413,2421,2373,
1,2,5,3,5,8,10,17,36,38,47,59,76,97,128,154,219,277,325,436,568,716,909,1141,1297,1520,1768,2024,2223,2310,2436,2623,2856,3043,3166,3233,3242,3196,3113,3015,2731,2485,2226,1918,1552,1324,1145,1023,882,808,764,755,697,660,653,647,681,707,786,796,808,864,889,848,890,874,906,970,952,911,879,883,841,806,792,781,787,763,769,793,798,808,826,835,832,847,822,896,944,998,1056,1072,1119,1153,1190,1153,1193,1183,1188,1166,1130,1107,1058,1061,1058,1044,1074,1092,1072,1011,1064,1117,1172,1175,1164,1172,1152,1206,1261,1289,1354,1452,1558,1643,1689,1700,1705,1654,1554,1490,1423,1380,1365,1343,1317,1237,1255,1197,1151,1167,1219,1209,1146,1067,985,982,990,1025,985,914,868,895,858,825,839,834,824,856,850,896,956,974,1030,1143,1249,1335,1401,1412,1375,1281,1189,1072,982,921,859,818,761,722,725,713,736,761,849,950,1022,1146,1316,1556,1815,2093,2232,2384,2494,2648,2693,2759,2841,2896,2690,
1,2,5,3,5,8,10,17,36,38,47,59,76,97,128,154,219,277,325,436,568,716,909,1141,1297,1520,1768,2024,2223,2310,2436,2623,2856,3043,3166,3233,3242,3196,3113,3015,2731,2485,2226,1918,1552,1324,1145,1023,882,808,764,755,697,660,653,647,681,707,786,796,808,864,889,848,890,874,906,970,952,911,879,883,841,806,792,781,787,763,769,793,798,808,826,835,832,847,822,896,944,998,1056,1072,1119,1153,1190,1153,1193,1183,1188,1166,1130,1107,1058,1061,1058,1044,1074,1092,1072,1011,1064,1117,1172,1175,1164,1172,1152,1206,1261,1289,1354,1452,1558,1643,1689,1700,1705,1654,1554,1490,1423,1380,1365,1343,1317,1237,1255,1197,1151,1167,1219,1209,1146,1067,985,982,990,1025,985,914,868,895,858,825,839,834,824,856,850,896,956,974,1030,1143,1249,1335,1401,1412,1375,1281,1189,1072,982,921,859,818,761,722,725,713,736,761,849,950,1022,1146,1316,1556,1815,2093,2232,2384,2494,2648,2693,2759,2841,2896,2690,
1,2,5,3,5,8,10,17,36,38,47,59,76,97,128,154,219,277,325,436,568,716,909,1141,1297,1520,1768,2024,2223,2310,2436,2623,2856,3043,3166,3233,3242,3196,3113,3015,2731,2485,2226,1918,1552,1324,1145,1023,882,808,764,755,697,660,653,647,681,707,786,796,808,864,889,848,890,874,906,970,952,911,879,883,841,806,792,781,787,763,769,793,798,808,826,835,832,847,822,896,944,998,1056,1072,1119,1153,1190,1153,1193,1183,1188,1166,1130,1107,1058,1061,1058,1044,1074,1092,1072,1011,1064,1117,1172,1175,1164,1172,1152,1206,1261,1289,1354,1452,1558,1643,1689,1700,1705,1654,1554,1490,1423,1380,1365,1343,1317,1237,1255,1197,1151,1167,1219,1209,1146,1067,985,982,990,1025,985,914,868,895,858,825,839,834,824,856,850,896,956,974,1030,1143,1249,1335,1401,1412,1375,1281,1189,1072,982,921,859,818,761,722,725,713,736,761,849,950,1022,1146,1316,1556,1815,2093,2232,2384,2494,2648,2693,2759,2841,2896,2690,
1,2,5,3,5,8,10,17,36,38,47,59,76,97,128,154,219,277,325,436,568,716,909,1141,1297,1520,1768,2024,2223,2310,2436,2623,2856,3043,3166,3233,3242,3196,3113,3015,2731,2485,2226,1918,1552,1324,1145,1023,882,808,764,755,697,660,653,647,681,707,786,796,808,864,889,848,890,874,906,970,952,911,879,883,841,806,792,781,787,763,769,793,798,808,826,835,832,847,822,896,944,998,1056,1072,1119,1153,1190,1153,1193,1183,1188,1166,1130,1107,1058,1061,1058,1044,1074,1092,1072,1011,1064,1117,1172,1175,1164,1172,1152,1206,1261,1289,1354,1452,1558,1643,1689,1700,1705,1654,1554,1490,1423,1380,1365,1343,1317,1237,1255,1197,1151,1167,1219,1209,1146,1067,985,982,990,1025,985,914,868,895,858,825,839,834,824,856,850,896,956,974,1030,1143,1249,1335,1401,1412,1375,1281,1189,1072,982,921,859,818,761,722,725,713,736,761,849,950,1022,1146,1316,1556,1815,2093,2232,2384,2494,2648,2693,2759,2841,2896,2690,
1,2,5,3,5,8,10,17,36,38,47,59,76,97,128,154,219,277,325,436,568,716,909,1141,1297,1520,1768,2024,2223,2310,2436,2623,2856,3043,3166,3233,3242,3196,3113,3015,2731,2485,2226,1918,1552,1324,1145,1023,882,808,764,755,697,660,653,647,681,707,786,796,808,864,889,848,890,874,906,970,952,911,879,883,841,806,792,781,787,763,769,793,798,808,826,835,832,847,822,896,944,998,1056,1072,1119,1153,1190,1153,1193,1183,1188,1166,1130,1107,1058,1061,1058,1044,1074,1092,1072,1011,1064,1117,1172,1175,1164,1172,1152,1206,1261,1289,1354,1452,1558,1643,1689,1700,1705,1654,1554,1490,1423,1380,1365,1343,1317,1237,1255,1197,1151,1167,1219,1209,1146,1067,985,982,990,1025,985,914,868,895,858,825,839,834,824,856,850,896,956,974,1030,1143,1249,1335,1401,1412,1375,1281,1189,1072,982,921,859,818,761,722,725,713,736,761,849,950,1022,1146,1316,1556,1815,2093,2232,2384,2494,2648,2693,2759,2841,2896,2690,
1,2,5,3,5,8,10,17,36,38,47,59,76,97,128,154,219,277,325,436,568,716,909,1141,1297,1520,1768,2024,2223,2310,2436,2623,2856,3043,3166,3233,3242,3196,3113,3015,2731,2485,2226,1918,1552,1324,1145,1023,882,808,764,755,697,660,653,647,681,707,786,796,808,864,889,848,890,874,906,970,952,911,879,883,841,806,792,781,787,763,769,793,798,808,826,835,832,847,822,896,944,998,1056,1072,1119,1153,1190,1153,1193,1183,1188,1166,1130,1107,1058,1061,1058,1044,1074,1092,1072,1011,1064,1117,1172,1175,1164,1172,1152,1206,1261,1289,1354,1452,1558,1643,1689,1700,1705,1654,1554,1490,1423,1380,1365,1343,1317,1237,1255,1197,1151,1167,1219,1209,1146,1067,985,982,990,1025,985,914,868,895,858,825,839,834,824,856,850,896,956,974,1030,1143,1249,1335,1401,1412,1375,1281,1189,1072,982,921,859,818,761,722,725,713,736,761,849,950,1022,1146,1316,1556,1815,2093,2232,2384,2494,2648,2693,2759,2841,2896,2690,
1,2,5,3,5,8,10,17,36,38,47,59,76,97,128,154,219,277,325,436,568,716,909,1141,1297,1520,1768,2024,2223,2310,2436,2623,2856,3043,3166,3233,3242,3196,3113,3015,2731,2485,2226,1918,1552,1324,1145,1023,882,808,764,755,697,660,653,647,681,707,786,796,808,864,889,848,890,874,906,970,952,911,879,883,841,806,792,781,787,763,769,793,798,808,826,835,832,847,822,896,944,998,1056,1072,1119,1153,1190,1153,1193,1183,1188,1166,1130,1107,1058,1061,1058,1044,1074,1092,1072,1011,1064,1117,1172,1175,1164,1172,1152,1206,1261,1289,1354,1452,1558,1643,1689,1700,1705,1654,1554,1490,1423,1380,1365,1343,1317,1237,1255,1197,1151,1167,1219,1209,1146,1067,985,982,990,1025,985,914,868,895,858,825,839,834,824,856,850,896,956,974,1030,1143,1249,1335,1401,1412,1375,1281,1189,1072,982,921,859,818,761,722,725,713,736,761,849,950,1022,1146,1316,1556,1815,2093,2232,2384,2494,2648,2693,2759,2841,2896,2690,
1,2,5,3,5,8,10,17,36,38,47,59,76,97,128,154,219,277,325,436,568,716,909,1141,1297,1520,1768,2024,2223,2310,2436,2623,2856,3043,3166,3233,3242,3196,3113,3015,2731,2485,2226,1918,1552,1324,1145,1023,882,808,764,755,697,660,653,647,681,707,786,796,808,864,889,848,890,874,906,970,952,911,879,883,841,806,792,781,787,763,769,793,798,808,826,835,832,847,822,896,944,998,1056,1072,1119,1153,1190,1153,1193,1183,1188,1166,1130,1107,1058,1061,1058,1044,1074,1092,1072,1011,1064,1117,1172,1175,1164,1172,1152,1206,1261,1289,1354,1452,1558,1643,1689,1700,1705,1654,1554,1490,1423,1380,1365,1343,1317,1237,1255,1197,1151,1167,1219,1209,1146,1067,985,982,990,1025,985,914,868,895,858,825,839,834,824,856,850,896,956,974,1030,1143,1249,1335,1401,1412,1375,1281,1189,1072,982,921,859,818,761,722,725,713,736,761,849,950,1022,1146,1316,1556,1815,2093,2232,2384,2494,2648,2693,2759,2841,2896,2690,
1,4,4,6,10,13,15,19,25,27,35,46,55,74,103,160,223,306,387,480,572,686,802,973,1107,1340,1674,1990,2247,2449,2621,2756,2805,2739,2717,2664,2571,2556,2410,2222,2011,1821,1579,1436,1331,1265,1166,1115,1037,990,886,851,782,770,769,778,828,845,835,828,759,719,694,659,627,626,622,666,746,840,908,1045,1187,1304,1345,1271,1241,1275,1284,1267,1220,1187,1137,1064,1032,1014,976,976,1000,1020,1058,1112,1153,1228,1339,1394,1358,1313,1244,1143,1011,942,904,876,878,895,986,1043,1065,1103,1174,1182,1218,1286,1325,1479,1509,1547,1534,1490,1474,1465,1457,1474,1473,1363,1319,1280,1285,1250,1254,1210,1210,1203,1278,1354,1376,1415,1485,1536,1528,1457,1368,1248,1134,1072,1003,889,842,790,731,707,696,703,708,736,789,878,1014,1130,1233,1362,1536,1738,1873,1977,1962,1892,1811,1731,1661,1616,1516,1448,1412,1434,1438,1425,1477,1515,1547,1568,1675,1838,2058,2094,2239,2368,2444,2602,2655,2572,2493,2418,2302,2212,2261,2176,2080,
1,4,4,6,10,13,15,19,25,27,35,46,55,74,103,160,223,306,387,480,572,686,802,973,1107,1340,1674,1990,2247,2449,2621,2756,2805,2739,2717,2664,2571,2556,2410,2222,2011,1821,1579,1436,1331,1265,1166,1115,1037,990,886,851,782,770,769,778,828,845,835,828,759,719,694,659,627,626,622,666,746,840,908,1045,1187,1304,1345,1271,1241,1275,1284,1267,1220,1187,1137,1064,1032,1014,976,976,1000,1020,1058,1112,1153,1228,1339,1394,1358,1313,1244,1143,1011,942,904,876,878,895,986,1043,1065,1103,1174,1182,1218,1286,1325,1479,1509,1547,1534,1490,1474,1465,1457,1474,1473,1363,1319,1280,1285,1250,1254,1210,1210,1203,1278,1354,1376,1415,1485,1536,1528,1457,1368,1248,1134,1072,1003,889,842,790,731,707,696,703,708,736,789,878,1014,1130,1233,1362,1536,1738,1873,1977,1962,1892,1811,1731,1661,1616,1516,1448,1412,1434,1438,1425,1477,1515,1547,1568,1675,1838,2058,2094,2239,2368,2444,2602,2655,2572,2493,2418,2302,2212,2261,2176,2080,
1,4,4,6,10,13,15,19,25,27,35,46,55,74,103,160,223,306,387,480,572,686,802,973,1107,1340,1674,1990,2247,2449,2621,2756,2805,2739,2717,2664,2571,2556,2410,2222,2011,1821,1579,1436,1331,1265,1166,1115,1037,990,886,851,782,770,769,778,828,845,835,828,759,719,694,659,627,626,622,666,746,840,908,1045,1187,1304,1345,1271,1241,1275,1284,1267,1220,1187,1137,1064,1032,1014,976,976,1000,1020,1058,1112,1153,1228,1339,1394,1358,1313,1244,1143,1011,942,904,876,878,895,986,1043,1065,1103,1174,1182,1218,1286,1325,1479,1509,1547,1534,1490,1474,1465,1457,1474,1473,1363,1319,1280,1285,1250,1254,1210,1210,1203,1278,1354,1376,1415,1485,1536,1528,1457,1368,1248,1134,1072,1003,889,842,790,731,707,696,703,708,736,789,878,1014,1130,1233,1362,1536,1738,1873,1977,1962,1892,1811,1731,1661,1616,1516,1448,1412,1434,1438,1425,1477,1515,1547,1568,1675,1838,2058,2094,2239,2368,2444,2602,2655,2572,2493,2418,2302,2212,2261,2176,2080,
1,4,4,6,10,13,15,19,25,27,35,46,55,74,103,160,223,306,387,480,572,686,802,973,1107,1340,1674,1990,2247,2449,2621,2756,2805,2739,2717,2664,2571,2556,2410,2222,2011,1821,1579,1436,1331,1265,1166,1115,1037,990,886,851,782,770,769,778,828,845,835,828,759,719,694,659,627,626,622,666,746,840,908,1045,1187,1304,1345,1271,1241,1275,1284,1267,1220,1187,1137,1064,1032,1014,976,976,1000,1020,1058,1112,1153,1228,1339,1394,1358,1313,1244,1143,1011,942,904,876,878,895,986,1043,1065,1103,1174,1182,1218,1286,1325,1479,1509,1547,1534,1490,1474,1465,1457,1474,1473,1363,1319,1280,1285,1250,1254,1210,1210,1203,1278,1354,1376,1415,1485,1536,1528,1457,1368,1248,1134,1072,1003,889,842,790,731,707,696,703,708,736,789,878,1014,1130,1233,1362,1536,1738,1873,1977,1962,1892,1811,1731,1661,1616,1516,1448,1412,1434,1438,1425,1477,1515,1547,1568,1675,1838,2058,2094,2239,2368,2444,2602,2655,2572,2493,2418,2302,2212,2261,2176,2080,
1,4,4,6,10,13,15,19,25,27,35,46,55,74,103,160,223,306,387,480,572,686,802,973,1107,1340,1674,1990,2247,2449,2621,2756,2805,2739,2717,2664,2571,2556,2410,2222,2011,1821,1579,1436,1331,1265,1166,1115,1037,990,886,851,782,770,769,778,828,845,835,828,759,719,694,659,627,626,622,666,746,840,908,1045,1187,1304,1345,1271,1241,1275,1284,1267,1220,1187,1137,1064,1032,1014,976,976,1000,1020,1058,1112,1153,1228,1339,1394,1358,1313,1244,1143,1011,942,904,876,878,895,986,1043,1065,1103,1174,1182,1218,1286,1325,1479,1509,1547,1534,1490,1474,1465,1457,1474,1473,1363,1319,1280,1285,1250,1254,1210,1210,1203,1278,1354,1376,1415,1485,1536,1528,1457,1368,1248,1134,1072,1003,889,842,790,731,707,696,703,708,736,789,878,1014,1130,1233,1362,1536,1738,1873,1977,1962,1892,1811,1731,1661,1616,1516,1448,1412,1434,1438,1425,1477,1515,1547,1568,1675,1838,2058,2094,2239,2368,2444,2602,2655,2572,2493,2418,2302,2212,2261,2176,2080,
1,2,5,7,8,11,19,22,38,44,47,62,80,96,131,175,207,256,319,387,461,526,678,851,1096,1283,1486,1760,1917,2059,2383,2647,2860,2914,3058,2905,2704,2576,2498,2547,2485,2319,2176,1916,1623,1393,1168,1048,916,825,808,816,761,726,711,714,699,686,683,711,698,732,758,795,823,915,981,1058,1065,1182,1238,1277,1277,1299,1353,1370,1298,1339,1336,1422,1516,1544,1585,1572,1650,1782,1843,1932,1877,1857,1922,1833,1742,1724,1689,1692,1650,1681,1685,1695,1642,1590,1556,1573,1565,1559,1545,1482,1420,1306,1243,1181,1102,1117,1090,1104,1101,1119,1124,1138,1082,1034,1040,1027,1018,996,1057,1053,1079,1062,1033,993,971,862,863,877,886,975,1014,1022,992,1000,1012,1055,1102,1104,1077,1118,1151,1172,1123,1112,1065,1043,985,948,954,1031,1007,1127,1178,1255,1328,1311,1246,1190,1139,1039,946,885,855,793,766,764,794,788,838,857,905,948,1040,1149,1310,1527,1841,2090,2287,2535,2832,2980,3247,3522,3668,3928,4130,4173,4345,4644,4728,
1,3,4,4,5,7,14,25,40,38,44,58,71,87,119,150,194,249,350,459,590,757,972,1192,1438,1774,2015,2302,2539,2735,2742,2783,2685,2608,2543,2451,2447,2388,2307,2165,2027,1998,1881,1755,1656,1547,1396,1283,1256,1129,1033,893,804,732,680,668,673,679,652,651,663,681,712,709,718,805,876,952,1052,1128,1118,1198,1311,1366,1328,1301,1201,1160,1130,1171,1200,1275,1307,1319,1381,1400,1385,1348,1330,1328,1309,1219,1163,1155,1151,1128,1123,1118,1093,998,947,908,863,845,808,825,846,864,850,879,956,1019,1059,1073,1045,989,939,1012,1060,1103,1154,1234,1383,1443,1503,1463,1500,1511,1500,1481,1552,1535,1528,1478,1432,1409,1337,1277,1272,1222,1132,1097,1086,1035,952,840,743,677,643,651,651,673,677,677,730,760,874,972,1086,1232,1380,1533,1694,1754,1814,1857,1891,1819,1778,1691,1638,1591,1487,1404,1356,1339,1328,1335,1360,1379,1390,1448,1424,1480,1560,1689,1762,1770,1744,1730,1750,1829,2030,2199,2285,2339,2400,2533,2782,
1,3,4,5,11,16,20,19,31,33,43,52,66,97,129,166,215,318,462,622,708,819,939,1114,1331,1559,1860,2161,2505,2801,3080,3165,3296,3339,3307,3272,3167,3050,2902,2739,2564,2370,2029,1714,1563,1467,1316,1180,1123,1007,902,786,678,656,646,675,691,705,723,722,669,648,611,599,583,569,551,525,549,577,614,645,717,694,726,723,750,776,841,867,876,892,906,964,973,967,995,993,978,964,969,971,975,1001,965,943,925,877,864,881,852,814,845,856,877,844,831,819,839,832,758,707,735,756,800,856,831,812,819,916,990,1038,1064,1125,1184,1244,1258,1337,1368,1480,1584,1735,1845,1932,2036,2004,1971,1971,1931,1781,1617,1464,1312,1172,1106,1109,1071,1087,1106,1131,1130,1098,1060,1045,1059,997,951,955,926,879,879,846,851,865,885,897,915,937,1018,1008,997,1062,1078,1055,1074,1132,1186,1265,1302,1289,1326,1358,1369,1425,1591,1651,1769,1874,1878,1913,1890,1734,1541,1383,1196,999,834,748,674,
1,3,4,5,11,16,20,19,31,33,43,52,66,97,129,166,215,318,462,622,708,819,939,1114,1331,1559,1860,2161,2505,2801,3080,3165,3296,3339,3307,3272,3167,3050,2902,2739,2564,2370,2029,1714,1563,1467,1316,1180,1123,1007,902,786,678,656,646,675,691,705,723,722,669,648,611,599,583,569,551,525,549,577,614,645,717,694,726,723,750,776,841,867,876,892,906,964,973,967,995,993,978,964,969,971,975,1001,965,943,925,877,864,881,852,814,845,856,877,844,831,819,839,832,758,707,735,756,800,856,831,812,819,916,990,1038,1064,1125,1184,1244,1258,1337,1368,1480,1584,1735,1845,1932,2036,2004,1971,1971,1931,1781,1617,1464,1312,1172,1106,1109,1071,1087,1106,1131,1130,1098,1060,1045,1059,997,951,955,926,879,879,846,851,865,885,897,915,937,1018,1008,997,1062,1078,1055,1074,1132,1186,1265,1302,1289,1326,1358,1369,1425,1591,1651,1769,1874,1878,1913,1890,1734,1541,1383,1196,999,834,748,674,
1,3,4,5,11,16,20,19,31,33,43,52,66,97,129,166,215,318,462,622,708,819,939,1114,1331,1559,1860,2161,2505,2801,3080,3165,3296,3339,3307,3272,3167,3050,2902,2739,2564,2370,2029,1714,1563,1467,1316,1180,1123,1007,902,786,678,656,646,675,691,705,723,722,669,648,611,599,583,569,551,525,549,577,614,645,717,694,726,723,750,776,841,867,876,892,906,964,973,967,995,993,978,964,969,971,975,1001,965,943,925,877,864,881,852,814,845,856,877,844,831,819,839,832,758,707,735,756,800,856,831,812,819,916,990,1038,1064,1125,1184,1244,1258,1337,1368,1480,1584,1735,1845,1932,2036,2004,1971,1971,1931,1781,1617,1464,1312,1172,1106,1109,1071,1087,1106,1131,1130,1098,1060,1045,1059,997,951,955,926,879,879,846,851,865,885,897,915,937,1018,1008,997,1062,1078,1055,1074,1132,1186,1265,1302,1289,1326,1358,1369,1425,1591,1651,1769,1874,1878,1913,1890,1734,1541,1383,1196,999,834,748,674,
1,3,4,5,11,16,20,19,31,33,43,52,66,97,129,166,215,318,462,622,708,819,939,1114,1331,1559,1860,2161,2505,2801,3080,3165,3296,3339,3307,3272,3167,3050,2902,2739,2564,2370,2029,1714,1563,1467,1316,1180,1123,1007,902,786,678,656,646,675,691,705,723,722,669,648,611,599,583,569,551,525,549,577,614,645,717,694,726,723,750,776,841,867,876,892,906,964,973,967,995,993,978,964,969,971,975,1001,965,943,925,877,864,881,852,814,845,856,877,844,831,819,839,832,758,707,735,756,800,856,831,812,819,916,990,1038,1064,1125,1184,1244,1258,1337,1368,1480,1584,1735,1845,1932,2036,2004,1971,1971,1931,1781,1617,1464,1312,1172,1106,1109,1071,1087,1106,1131,1130,1098,1060,1045,1059,997,951,955,926,879,879,846,851,865,885,897,915,937,1018,1008,997,1062,1078,1055,1074,1132,1186,1265,1302,1289,1326,1358,1369,1425,1591,1651,1769,1874,1878,1913,1890,1734,1541,1383,1196,999,834,748,674,
1,3,4,5,11,16,20,19,31,33,43,52,66,97,129,166,215,318,462,622,708,819,939,1114,1331,1559,1860,2161,2505,2801,3080,3165,3296,3339,3307,3272,3167,3050,2902,2739,2564,2370,2029,1714,1563,1467,1316,1180,1123,1007,902,786,678,656,646,675,691,705,723,722,669,648,611,599,583,569,551,525,549,577,614,645,717,694,726,723,750,776,841,867,876,892,906,964,973,967,995,993,978,964,969,971,975,1001,965,943,925,877,864,881,852,814,845,856,877,844,831,819,839,832,758,707,735,756,800,856,831,812,819,916,990,1038,1064,1125,1184,1244,1258,1337,1368,1480,1584,1735,1845,1932,2036,2004,1971,1971,1931,1781,1617,1464,1312,1172,1106,1109,1071,1087,1106,1131,1130,1098,1060,1045,1059,997,951,955,926,879,879,846,851,865,885,897,915,937,1018,1008,997,1062,1078,1055,1074,1132,1186,1265,1302,1289,1326,1358,1369,1425,1591,1651,1769,1874,1878,1913,1890,1734,1541,1383,1196,999,834,748,674,
1,2,4,3,6,11,15,24,32,41,56,65,79,92,129,174,246,326,394,488,593,717,863,1087,1324,1586,1852,2097,2348,2638,2883,2986,3061,3125,3072,2902,2907,2748,2685,2593,2342,2151,2046,1906,1828,1779,1702,1535,1497,1393,1295,1217,1206,1256,1294,1323,1314,1353,1319,1312,1262,1244,1247,1193,1177,1171,1080,1076,1049,1076,1136,1214,1301,1326,1311,1250,1233,1233,1285,1396,1438,1446,1460,1579,1641,1659,1692,1713,1750,1697,1688,1592,1556,1473,1404,1303,1186,1054,973,925,904,868,815,797,754,767,803,828,867,914,931,971,1003,1027,1031,1064,1061,1094,1037,1029,1058,1091,1136,1173,1248,1313,1407,1493,1521,1499,1450,1389,1415,1448,1458,1440,1341,1339,1337,1434,1418,1492,1562,1617,1576,1530,1516,1473,1499,1463,1343,1261,1222,1212,1269,1210,1158,1113,1110,1115,1178,1213,1217,1262,1265,1289,1306,1385,1393,1364,1307,1321,1305,1416,1479,1590,1759,1902,1966,2055,2082,2044,1926,1875,1862,1856,1882,1977,2016,2034,2069,2111,2159,2254,2389,2575,2818,3109,3353,
1,2,4,3,6,11,15,24,32,41,56,65,79,92,129,174,246,326,394,488,593,717,863,1087,1324,1586,1852,2097,2348,2638,2883,2986,3061,3125,3072,2902,2907,2748,2685,2593,2342,2151,2046,1906,1828,1779,1702,1535,1497,1393,1295,1217,1206,1256,1294,1323,1314,1353,1319,1312,1262,1244,1247,1193,1177,1171,1080,1076,1049,1076,1136,1214,1301,1326,1311,1250,1233,1233,1285,1396,1438,1446,1460,1579,1641,1659,1692,1713,1750,1697,1688,1592,1556,1473,1404,1303,1186,1054,973,925,904,868,815,797,754,767,803,828,867,914,931,971,1003,1027,1031,1064,1061,1094,1037,1029,1058,1091,1136,1173,1248,1313,1407,1493,1521,1499,1450,1389,1415,1448,1458,1440,1341,1339,1337,1434,1418,1492,1562,1617,1576,1530,1516,1473,1499,1463,1343,1261,1222,1212,1269,1210,1158,1113,1110,1115,1178,1213,1217,1262,1265,1289,1306,1385,1393,1364,1307,1321,1305,1416,1479,1590,1759,1902,1966,2055,2082,2044,1926,1875,1862,1856,1882,1977,2016,2034,2069,2111,2159,2254,2389,2575,2818,3109,3353,
1,2,4,3,6,11,15,24,32,41,56,65,79,92,129,174,246,326,394,488,593,717,863,1087,1324,1586,1852,2097,2348,2638,2883,2986,3061,3125,3072,2902,2907,2748,2685,2593,2342,2151,2046,1906,1828,1779,1702,1535,1497,1393,1295,1217,1206,1256,1294,1323,1314,1353,1319,1312,1262,1244,1247,1193,1177,1171,1080,1076,1049,1076,1136,1214,1301,1326,1311,1250,1233,1233,1285,1396,1438,1446,1460,1579,1641,1659,1692,1713,1750,1697,1688,1592,1556,1473,1404,1303,1186,1054,973,925,904,868,815,797,754,767,803,828,867,914,931,971,1003,1027,1031,1064,1061,1094,1037,1029,1058,1091,1136,1173,1248,1313,1407,1493,1521,1499,1450,1389,1415,1448,1458,1440,1341,1339,1337,1434,1418,1492,1562,1617,1576,1530,1516,1473,1499,1463,1343,1261,1222,1212,1269,1210,1158,1113,1110,1115,1178,1213,1217,1262,1265,1289,1306,1385,1393,1364,1307,1321,1305,1416,1479,1590,1759,1902,1966,2055,2082,2044,1926,1875,1862,1856,1882,1977,2016,2034,2069,2111,2159,2254,2389,2575,2818,3109,3353,
1,2,4,3,6,11,15,24,32,41,56,65,79,92,129,174,246,326,394,488,593,717,863,1087,1324,1586,1852,2097,2348,2638,2883,2986,3061,3125,3072,2902,2907,2748,2685,2593,2342,2151,2046,1906,1828,1779,1702,1535,1497,1393,1295,1217,1206,1256,1294,1323,1314,1353,1319,1312,1262,1244,1247,1193,1177,1171,1080,1076,1049,1076,1136,1214,1301,1326,1311,1250,1233,1233,1285,1396,1438,1446,1460,1579,1641,1659,1692,1713,1750,1697,1688,1592,1556,1473,1404,1303,1186,1054,973,925,904,868,815,797,754,767,803,828,867,914,931,971,1003,1027,1031,1064,1061,1094,1037,1029,1058,1091,1136,1173,1248,1313,1407,1493,1521,1499,1450,1389,1415,1448,1458,1440,1341,1339,1337,1434,1418,1492,1562,1617,1576,1530,1516,1473,1499,1463,1343,1261,1222,1212,1269,1210,1158,1113,1110,1115,1178,1213,1217,1262,1265,1289,1306,1385,1393,1364,1307,1321,1305,1416,1479,1590,1759,1902,1966,2055,2082,2044,1926,1875,1862,1856,1882,1977,2016,2034,2069,2111,2159,2254,2389,2575,2818,3109,3353,
1,2,4,3,6,11,15,24,32,41,56,65,79,92,129,174,246,326,394,488,593,717,863,1087,1324,1586,1852,2097,2348,2638,2883,2986,3061,3125,3072,2902,2907,2748,2685,2593,2342,2151,2046,1906,1828,1779,1702,1535,1497,1393,1295,1217,1206,1256,1294,1323,1314,1353,1319,1312,1262,1244,1247,1193,1177,1171,1080,1076,1049,1076,1136,1214,1301,1326,1311,1250,1233,1233,1285,1396,1438,1446,1460,1579,1641,1659,1692,1713,1750,1697,1688,1592,1556,1473,1404,1303,1186,1054,973,925,904,868,815,797,754,767,803,828,867,914,931,971,1003,1027,1031,1064,1061,1094,1037,1029,1058,1091,1136,1173,1248,1313,1407,1493,1521,1499,1450,1389,1415,1448,1458,1440,1341,1339,1337,1434,1418,1492,1562,1617,1576,1530,1516,1473,1499,1463,1343,1261,1222,1212,1269,1210,1158,1113,1110,1115,1178,1213,1217,1262,1265,1289,1306,1385,1393,1364,1307,1321,1305,1416,1479,1590,1759,1902,1966,2055,2082,2044,1926,1875,1862,1856,1882,1977,2016,2034,2069,2111,2159,2254,2389,2575,2818,3109,3353,
1,2,4,3,6,11,15,24,32,41,56,65,79,92,129,174,246,326,394,488,593,717,863,1087,1324,1586,1852,2097,2348,2638,2883,2986,3061,3125,3072,2902,2907,2748,2685,2593,2342,2151,2046,1906,1828,1779,1702,1535,1497,1393,1295,1217,1206,1256,1294,1323,1314,1353,1319,1312,1262,1244,1247,1193,1177,1171,1080,1076,1049,1076,1136,1214,1301,1326,1311,1250,1233,1233,1285,1396,1438,1446,1460,1579,1641,1659,1692,1713,1750,1697,1688,1592,1556,1473,1404,1303,1186,1054,973,925,904,868,815,797,754,767,803,828,867,914,931,971,1003,1027,1031,1064,1061,1094,1037,1029,1058,1091,1136,1173,1248,1313,1407,1493,1521,1499,1450,1389,1415,1448,1458,1440,1341,1339,1337,1434,1418,1492,1562,1617,1576,1530,1516,1473,1499,1463,1343,1261,1222,1212,1269,1210,1158,1113,1110,1115,1178,1213,1217,1262,1265,1289,1306,1385,1393,1364,1307,1321,1305,1416,1479,1590,1759,1902,1966,2055,2082,2044,1926,1875,1862,1856,1882,1977,2016,2034,2069,2111,2159,2254,2389,2575,2818,3109,3353,
1,2,4,3,6,11,15,24,32,41,56,65,79,92,129,174,246,326,394,488,593,717,863,1087,1324,1586,1852,2097,2348,2638,2883,2986,3061,3125,3072,2902,2907,2748,2685,2593,2342,2151,2046,1906,1828,1779,1702,1535,1497,1393,1295,1217,1206,1256,1294,1323,1314,1353,1319,1312,1262,1244,1247,1193,1177,1171,1080,1076,1049,1076,1136,1214,1301,1326,1311,1250,1233,1233,1285,1396,1438,1446,1460,1579,1641,1659,1692,1713,1750,1697,1688,1592,1556,1473,1404,1303,1186,1054,973,925,904,868,815,797,754,767,803,828,867,914,931,971,1003,1027,1031,1064,1061,1094,1037,1029,1058,1091,1136,1173,1248,1313,1407,1493,1521,1499,1450,1389,1415,1448,1458,1440,1341,1339,1337,1434,1418,1492,1562,1617,1576,1530,1516,1473,1499,1463,1343,1261,1222,1212,1269,1210,1158,1113,1110,1115,1178,1213,1217,1262,1265,1289,1306,1385,1393,1364,1307,1321,1305,1416,1479,1590,1759,1902,1966,2055,2082,2044,1926,1875,1862,1856,1882,1977,2016,2034,2069,2111,2159,2254,2389,2575,2818,3109,3353,
1,2,4,3,6,11,15,24,32,41,56,65,79,92,129,174,246,326,394,488,593,717,863,1087,1324,1586,1852,2097,2348,2638,2883,2986,3061,3125,3072,2902,2907,2748,2685,2593,2342,2151,2046,1906,1828,1779,1702,1535,1497,1393,1295,1217,1206,1256,1294,1323,1314,1353,1319,1312,1262,1244,1247,1193,1177,1171,1080,1076,1049,1076,1136,1214,1301,1326,1311,1250,1233,1233,1285,1396,1438,1446,1460,1579,1641,1659,1692,1713,1750,1697,1688,1592,1556,1473,1404,1303,1186,1054,973,925,904,868,815,797,754,767,803,828,867,914,931,971,1003,1027,1031,1064,1061,1094,1037,1029,1058,1091,1136,1173,1248,1313,1407,1493,1521,1499,1450,1389,1415,1448,1458,1440,1341,1339,1337,1434,1418,1492,1562,1617,1576,1530,1516,1473,1499,1463,1343,1261,1222,1212,1269,1210,1158,1113,1110,1115,1178,1213,1217,1262,1265,1289,1306,1385,1393,1364,1307,1321,1305,1416,1479,1590,1759,1902,1966,2055,2082,2044,1926,1875,1862,1856,1882,1977,2016,2034,2069,2111,2159,2254,2389,2575,2818,3109,3353,
1,2,4,3,6,11,15,24,32,41,56,65,79,92,129,174,246,326,394,488,593,717,863,1087,1324,1586,1852,2097,2348,2638,2883,2986,3061,3125,3072,2902,2907,2748,2685,2593,2342,2151,2046,1906,1828,1779,1702,1535,1497,1393,1295,1217,1206,1256,1294,1323,1314,1353,1319,1312,1262,1244,1247,1193,1177,1171,1080,1076,1049,1076,1136,1214,1301,1326,1311,1250,1233,1233,1285,1396,1438,1446,1460,1579,1641,1659,1692,1713,1750,1697,1688,1592,1556,1473,1404,1303,1186,1054,973,925,904,868,815,797,754,767,803,828,867,914,931,971,1003,1027,1031,1064,1061,1094,1037,1029,1058,1091,1136,1173,1248,1313,1407,1493,1521,1499,1450,1389,1415,1448,1458,1440,1341,1339,1337,1434,1418,1492,1562,1617,1576,1530,1516,1473,1499,1463,1343,1261,1222,1212,1269,1210,1158,1113,1110,1115,1178,1213,1217,1262,1265,1289,1306,1385,1393,1364,1307,1321,1305,1416,1479,1590,1759,1902,1966,2055,2082,2044,1926,1875,1862,1856,1882,1977,2016,2034,2069,2111,2159,2254,2389,2575,2818,3109,3353,
1,2,4,3,6,11,15,24,32,41,56,65,79,92,129,174,246,326,394,488,593,717,863,1087,1324,1586,1852,2097,2348,2638,2883,2986,3061,3125,3072,2902,2907,2748,2685,2593,2342,2151,2046,1906,1828,1779,1702,1535,1497,1393,1295,1217,1206,1256,1294,1323,1314,1353,1319,1312,1262,1244,1247,1193,1177,1171,1080,1076,1049,1076,1136,1214,1301,1326,1311,1250,1233,1233,1285,1396,1438,1446,1460,1579,1641,1659,1692,1713,1750,1697,1688,1592,1556,1473,1404,1303,1186,1054,973,925,904,868,815,797,754,767,803,828,867,914,931,971,1003,1027,1031,1064,1061,1094,1037,1029,1058,1091,1136,1173,1248,1313,1407,1493,1521,1499,1450,1389,1415,1448,1458,1440,1341,1339,1337,1434,1418,1492,1562,1617,1576,1530,1516,1473,1499,1463,1343,1261,1222,1212,1269,1210,1158,1113,1110,1115,1178,1213,1217,1262,1265,1289,1306,1385,1393,1364,1307,1321,1305,1416,1479,1590,1759,1902,1966,2055,2082,2044,1926,1875,1862,1856,1882,1977,2016,2034,2069,2111,2159,2254,2389,2575,2818,3109,3353,
1,2,4,3,6,11,15,24,32,41,56,65,79,92,129,174,246,326,394,488,593,717,863,1087,1324,1586,1852,2097,2348,2638,2883,2986,3061,3125,3072,2902,2907,2748,2685,2593,2342,2151,2046,1906,1828,1779,1702,1535,1497,1393,1295,1217,1206,1256,1294,1323,1314,1353,1319,1312,1262,1244,1247,1193,1177,1171,1080,1076,1049,1076,1136,1214,1301,1326,1311,1250,1233,1233,1285,1396,1438,1446,1460,1579,1641,1659,1692,1713,1750,1697,1688,1592,1556,1473,1404,1303,1186,1054,973,925,904,868,815,797,754,767,803,828,867,914,931,971,1003,1027,1031,1064,1061,1094,1037,1029,1058,1091,1136,1173,1248,1313,1407,1493,1521,1499,1450,1389,1415,1448,1458,1440,1341,1339,1337,1434,1418,1492,1562,1617,1576,1530,1516,1473,1499,1463,1343,1261,1222,1212,1269,1210,1158,1113,1110,1115,1178,1213,1217,1262,1265,1289,1306,1385,1393,1364,1307,1321,1305,1416,1479,1590,1759,1902,1966,2055,2082,2044,1926,1875,1862,1856,1882,1977,2016,2034,2069,2111,2159,2254,2389,2575,2818,3109,3353,
1,2,4,3,6,11,15,24,32,41,56,65,79,92,129,174,246,326,394,488,593,717,863,1087,1324,1586,1852,2097,2348,2638,2883,2986,3061,3125,3072,2902,2907,2748,2685,2593,2342,2151,2046,1906,1828,1779,1702,1535,1497,1393,1295,1217,1206,1256,1294,1323,1314,1353,1319,1312,1262,1244,1247,1193,1177,1171,1080,1076,1049,1076,1136,1214,1301,1326,1311,1250,1233,1233,1285,1396,1438,1446,1460,1579,1641,1659,1692,1713,1750,1697,1688,1592,1556,1473,1404,1303,1186,1054,973,925,904,868,815,797,754,767,803,828,867,914,931,971,1003,1027,1031,1064,1061,1094,1037,1029,1058,1091,1136,1173,1248,1313,1407,1493,1521,1499,1450,1389,1415,1448,1458,1440,1341,1339,1337,1434,1418,1492,1562,1617,1576,1530,1516,1473,1499,1463,1343,1261,1222,1212,1269,1210,1158,1113,1110,1115,1178,1213,1217,1262,1265,1289,1306,1385,1393,1364,1307,1321,1305,1416,1479,1590,1759,1902,1966,2055,2082,2044,1926,1875,1862,1856,1882,1977,2016,2034,2069,2111,2159,2254,2389,2575,2818,3109,3353,
1,2,4,3,6,11,15,24,32,41,56,65,79,92,129,174,246,326,394,488,593,717,863,1087,1324,1586,1852,2097,2348,2638,2883,2986,3061,3125,3072,2902,2907,2748,2685,2593,2342,2151,2046,1906,1828,1779,1702,1535,1497,1393,1295,1217,1206,1256,1294,1323,1314,1353,1319,1312,1262,1244,1247,1193,1177,1171,1080,1076,1049,1076,1136,1214,1301,1326,1311,1250,1233,1233,1285,1396,1438,1446,1460,1579,1641,1659,1692,1713,1750,1697,1688,1592,1556,1473,1404,1303,1186,1054,973,925,904,868,815,797,754,767,803,828,867,914,931,971,1003,1027,1031,1064,1061,1094,1037,1029,1058,1091,1136,1173,1248,1313,1407,1493,1521,1499,1450,1389,1415,1448,1458,1440,1341,1339,1337,1434,1418,1492,1562,1617,1576,1530,1516,1473,1499,1463,1343,1261,1222,1212,1269,1210,1158,1113,1110,1115,1178,1213,1217,1262,1265,1289,1306,1385,1393,1364,1307,1321,1305,1416,1479,1590,1759,1902,1966,2055,2082,2044,1926,1875,1862,1856,1882,1977,2016,2034,2069,2111,2159,2254,2389,2575,2818,3109,3353,
1,2,4,3,6,11,15,24,32,41,56,65,79,92,129,174,246,326,394,488,593,717,863,1087,1324,1586,1852,2097,2348,2638,2883,2986,3061,3125,3072,2902,2907,2748,2685,2593,2342,2151,2046,1906,1828,1779,1702,1535,1497,1393,1295,1217,1206,1256,1294,1323,1314,1353,1319,1312,1262,1244,1247,1193,1177,1171,1080,1076,1049,1076,1136,1214,1301,1326,1311,1250,1233,1233,1285,1396,1438,1446,1460,1579,1641,1659,1692,1713,1750,1697,1688,1592,1556,1473,1404,1303,1186,1054,973,925,904,868,815,797,754,767,803,828,867,914,931,971,1003,1027,1031,1064,1061,1094,1037,1029,1058,1091,1136,1173,1248,1313,1407,1493,1521,1499,1450,1389,1415,1448,1458,1440,1341,1339,1337,1434,1418,1492,1562,1617,1576,1530,1516,1473,1499,1463,1343,1261,1222,1212,1269,1210,1158,1113,1110,1115,1178,1213,1217,1262,1265,1289,1306,1385,1393,1364,1307,1321,1305,1416,1479,1590,1759,1902,1966,2055,2082,2044,1926,1875,1862,1856,1882,1977,2016,2034,2069,2111,2159,2254,2389,2575,2818,3109,3353,
1,2,4,3,6,11,15,24,32,41,56,65,79,92,129,174,246,326,394,488,593,717,863,1087,1324,1586,1852,2097,2348,2638,2883,2986,3061,3125,3072,2902,2907,2748,2685,2593,2342,2151,2046,1906,1828,1779,1702,1535,1497,1393,1295,1217,1206,1256,1294,1323,1314,1353,1319,1312,1262,1244,1247,1193,1177,1171,1080,1076,1049,1076,1136,1214,1301,1326,1311,1250,1233,1233,1285,1396,1438,1446,1460,1579,1641,1659,1692,1713,1750,1697,1688,1592,1556,1473,1404,1303,1186,1054,973,925,904,868,815,797,754,767,803,828,867,914,931,971,1003,1027,1031,1064,1061,1094,1037,1029,1058,1091,1136,1173,1248,1313,1407,1493,1521,1499,1450,1389,1415,1448,1458,1440,1341,1339,1337,1434,1418,1492,1562,1617,1576,1530,1516,1473,1499,1463,1343,1261,1222,1212,1269,1210,1158,1113,1110,1115,1178,1213,1217,1262,1265,1289,1306,1385,1393,1364,1307,1321,1305,1416,1479,1590,1759,1902,1966,2055,2082,2044,1926,1875,1862,1856,1882,1977,2016,2034,2069,2111,2159,2254,2389,2575,2818,3109,3353,
1,2,4,3,6,11,15,24,32,41,56,65,79,92,129,174,246,326,394,488,593,717,863,1087,1324,1586,1852,2097,2348,2638,2883,2986,3061,3125,3072,2902,2907,2748,2685,2593,2342,2151,2046,1906,1828,1779,1702,1535,1497,1393,1295,1217,1206,1256,1294,1323,1314,1353,1319,1312,1262,1244,1247,1193,1177,1171,1080,1076,1049,1076,1136,1214,1301,1326,1311,1250,1233,1233,1285,1396,1438,1446,1460,1579,1641,1659,1692,1713,1750,1697,1688,1592,1556,1473,1404,1303,1186,1054,973,925,904,868,815,797,754,767,803,828,867,914,931,971,1003,1027,1031,1064,1061,1094,1037,1029,1058,1091,1136,1173,1248,1313,1407,1493,1521,1499,1450,1389,1415,1448,1458,1440,1341,1339,1337,1434,1418,1492,1562,1617,1576,1530,1516,1473,1499,1463,1343,1261,1222,1212,1269,1210,1158,1113,1110,1115,1178,1213,1217,1262,1265,1289,1306,1385,1393,1364,1307,1321,1305,1416,1479,1590,1759,1902,1966,2055,2082,2044,1926,1875,1862,1856,1882,1977,2016,2034,2069,2111,2159,2254,2389,2575,2818,3109,3353,
1,2,4,3,6,11,15,24,32,41,56,65,79,92,129,174,246,326,394,488,593,717,863,1087,1324,1586,1852,2097,2348,2638,2883,2986,3061,3125,3072,2902,2907,2748,2685,2593,2342,2151,2046,1906,1828,1779,1702,1535,1497,1393,1295,1217,1206,1256,1294,1323,1314,1353,1319,1312,1262,1244,1247,1193,1177,1171,1080,1076,1049,1076,1136,1214,1301,1326,1311,1250,1233,1233,1285,1396,1438,1446,1460,1579,1641,1659,1692,1713,1750,1697,1688,1592,1556,1473,1404,1303,1186,1054,973,925,904,868,815,797,754,767,803,828,867,914,931,971,1003,1027,1031,1064,1061,1094,1037,1029,1058,1091,1136,1173,1248,1313,1407,1493,1521,1499,1450,1389,1415,1448,1458,1440,1341,1339,1337,1434,1418,1492,1562,1617,1576,1530,1516,1473,1499,1463,1343,1261,1222,1212,1269,1210,1158,1113,1110,1115,1178,1213,1217,1262,1265,1289,1306,1385,1393,1364,1307,1321,1305,1416,1479,1590,1759,1902,1966,2055,2082,2044,1926,1875,1862,1856,1882,1977,2016,2034,2069,2111,2159,2254,2389,2575,2818,3109,3353,
1,2,4,3,6,11,15,24,32,41,56,65,79,92,129,174,246,326,394,488,593,717,863,1087,1324,1586,1852,2097,2348,2638,2883,2986,3061,3125,3072,2902,2907,2748,2685,2593,2342,2151,2046,1906,1828,1779,1702,1535,1497,1393,1295,1217,1206,1256,1294,1323,1314,1353,1319,1312,1262,1244,1247,1193,1177,1171,1080,1076,1049,1076,1136,1214,1301,1326,1311,1250,1233,1233,1285,1396,1438,1446,1460,1579,1641,1659,1692,1713,1750,1697,1688,1592,1556,1473,1404,1303,1186,1054,973,925,904,868,815,797,754,767,803,828,867,914,931,971,1003,1027,1031,1064,1061,1094,1037,1029,1058,1091,1136,1173,1248,1313,1407,1493,1521,1499,1450,1389,1415,1448,1458,1440,1341,1339,1337,1434,1418,1492,1562,1617,1576,1530,1516,1473,1499,1463,1343,1261,1222,1212,1269,1210,1158,1113,1110,1115,1178,1213,1217,1262,1265,1289,1306,1385,1393,1364,1307,1321,1305,1416,1479,1590,1759,1902,1966,2055,2082,2044,1926,1875,1862,1856,1882,1977,2016,2034,2069,2111,2159,2254,2389,2575,2818,3109,3353,
1,2,4,3,6,11,15,24,32,41,56,65,79,92,129,174,246,326,394,488,593,717,863,1087,1324,1586,1852,2097,2348,2638,2883,2986,3061,3125,3072,2902,2907,2748,2685,2593,2342,2151,2046,1906,1828,1779,1702,1535,1497,1393,1295,1217,1206,1256,1294,1323,1314,1353,1319,1312,1262,1244,1247,1193,1177,1171,1080,1076,1049,1076,1136,1214,1301,1326,1311,1250,1233,1233,1285,1396,1438,1446,1460,1579,1641,1659,1692,1713,1750,1697,1688,1592,1556,1473,1404,1303,1186,1054,973,925,904,868,815,797,754,767,803,828,867,914,931,971,1003,1027,1031,1064,1061,1094,1037,1029,1058,1091,1136,1173,1248,1313,1407,1493,1521,1499,1450,1389,1415,1448,1458,1440,1341,1339,1337,1434,1418,1492,1562,1617,1576,1530,1516,1473,1499,1463,1343,1261,1222,1212,1269,1210,1158,1113,1110,1115,1178,1213,1217,1262,1265,1289,1306,1385,1393,1364,1307,1321,1305,1416,1479,1590,1759,1902,1966,2055,2082,2044,1926,1875,1862,1856,1882,1977,2016,2034,2069,2111,2159,2254,2389,2575,2818,3109,3353,
1,2,4,3,6,11,15,24,32,41,56,65,79,92,129,174,246,326,394,488,593,717,863,1087,1324,1586,1852,2097,2348,2638,2883,2986,3061,3125,3072,2902,2907,2748,2685,2593,2342,2151,2046,1906,1828,1779,1702,1535,1497,1393,1295,1217,1206,1256,1294,1323,1314,1353,1319,1312,1262,1244,1247,1193,1177,1171,1080,1076,1049,1076,1136,1214,1301,1326,1311,1250,1233,1233,1285,1396,1438,1446,1460,1579,1641,1659,1692,1713,1750,1697,1688,1592,1556,1473,1404,1303,1186,1054,973,925,904,868,815,797,754,767,803,828,867,914,931,971,1003,1027,1031,1064,1061,1094,1037,1029,1058,1091,1136,1173,1248,1313,1407,1493,1521,1499,1450,1389,1415,1448,1458,1440,1341,1339,1337,1434,1418,1492,1562,1617,1576,1530,1516,1473,1499,1463,1343,1261,1222,1212,1269,1210,1158,1113,1110,1115,1178,1213,1217,1262,1265,1289,1306,1385,1393,1364,1307,1321,1305,1416,1479,1590,1759,1902,1966,2055,2082,2044,1926,1875,1862,1856,1882,1977,2016,2034,2069,2111,2159,2254,2389,2575,2818,3109,3353,
1,2,4,3,6,11,15,24,32,41,56,65,79,92,129,174,246,326,394,488,593,717,863,1087,1324,1586,1852,2097,2348,2638,2883,2986,3061,3125,3072,2902,2907,2748,2685,2593,2342,2151,2046,1906,1828,1779,1702,1535,1497,1393,1295,1217,1206,1256,1294,1323,1314,1353,1319,1312,1262,1244,1247,1193,1177,1171,1080,1076,1049,1076,1136,1214,1301,1326,1311,1250,1233,1233,1285,1396,1438,1446,1460,1579,1641,1659,1692,1713,1750,1697,1688,1592,1556,1473,1404,1303,1186,1054,973,925,904,868,815,797,754,767,803,828,867,914,931,971,1003,1027,1031,1064,1061,1094,1037,1029,1058,1091,1136,1173,1248,1313,1407,1493,1521,1499,1450,1389,1415,1448,1458,1440,1341,1339,1337,1434,1418,1492,1562,1617,1576,1530,1516,1473,1499,1463,1343,1261,1222,1212,1269,1210,1158,1113,1110,1115,1178,1213,1217,1262,1265,1289,1306,1385,1393,1364,1307,1321,1305,1416,1479,1590,1759,1902,1966,2055,2082,2044,1926,1875,1862,1856,1882,1977,2016,2034,2069,2111,2159,2254,2389,2575,2818,3109,3353,
1,2,4,3,6,11,15,24,32,41,56,65,79,92,129,174,246,326,394,488,593,717,863,1087,1324,1586,1852,2097,2348,2638,2883,2986,3061,3125,3072,2902,2907,2748,2685,2593,2342,2151,2046,1906,1828,1779,1702,1535,1497,1393,1295,1217,1206,1256,1294,1323,1314,1353,1319,1312,1262,1244,1247,1193,1177,1171,1080,1076,1049,1076,1136,1214,1301,1326,1311,1250,1233,1233,1285,1396,1438,1446,1460,1579,1641,1659,1692,1713,1750,1697,1688,1592,1556,1473,1404,1303,1186,1054,973,925,904,868,815,797,754,767,803,828,867,914,931,971,1003,1027,1031,1064,1061,1094,1037,1029,1058,1091,1136,1173,1248,1313,1407,1493,1521,1499,1450,1389,1415,1448,1458,1440,1341,1339,1337,1434,1418,1492,1562,1617,1576,1530,1516,1473,1499,1463,1343,1261,1222,1212,1269,1210,1158,1113,1110,1115,1178,1213,1217,1262,1265,1289,1306,1385,1393,1364,1307,1321,1305,1416,1479,1590,1759,1902,1966,2055,2082,2044,1926,1875,1862,1856,1882,1977,2016,2034,2069,2111,2159,2254,2389,2575,2818,3109,3353,
1,2,4,3,6,11,15,24,32,41,56,65,79,92,129,174,246,326,394,488,593,717,863,1087,1324,1586,1852,2097,2348,2638,2883,2986,3061,3125,3072,2902,2907,2748,2685,2593,2342,2151,2046,1906,1828,1779,1702,1535,1497,1393,1295,1217,1206,1256,1294,1323,1314,1353,1319,1312,1262,1244,1247,1193,1177,1171,1080,1076,1049,1076,1136,1214,1301,1326,1311,1250,1233,1233,1285,1396,1438,1446,1460,1579,1641,1659,1692,1713,1750,1697,1688,1592,1556,1473,1404,1303,1186,1054,973,925,904,868,815,797,754,767,803,828,867,914,931,971,1003,1027,1031,1064,1061,1094,1037,1029,1058,1091,1136,1173,1248,1313,1407,1493,1521,1499,1450,1389,1415,1448,1458,1440,1341,1339,1337,1434,1418,1492,1562,1617,1576,1530,1516,1473,1499,1463,1343,1261,1222,1212,1269,1210,1158,1113,1110,1115,1178,1213,1217,1262,1265,1289,1306,1385,1393,1364,1307,1321,1305,1416,1479,1590,1759,1902,1966,2055,2082,2044,1926,1875,1862,1856,1882,1977,2016,2034,2069,2111,2159,2254,2389,2575,2818,3109,3353,
1,2,4,3,6,11,15,24,32,41,56,65,79,92,129,174,246,326,394,488,593,717,863,1087,1324,1586,1852,2097,2348,2638,2883,2986,3061,3125,3072,2902,2907,2748,2685,2593,2342,2151,2046,1906,1828,1779,1702,1535,1497,1393,1295,1217,1206,1256,1294,1323,1314,1353,1319,1312,1262,1244,1247,1193,1177,1171,1080,1076,1049,1076,1136,1214,1301,1326,1311,1250,1233,1233,1285,1396,1438,1446,1460,1579,1641,1659,1692,1713,1750,1697,1688,1592,1556,1473,1404,1303,1186,1054,973,925,904,868,815,797,754,767,803,828,867,914,931,971,1003,1027,1031,1064,1061,1094,1037,1029,1058,1091,1136,1173,1248,1313,1407,1493,1521,1499,1450,1389,1415,1448,1458,1440,1341,1339,1337,1434,1418,1492,1562,1617,1576,1530,1516,1473,1499,1463,1343,1261,1222,1212,1269,1210,1158,1113,1110,1115,1178,1213,1217,1262,1265,1289,1306,1385,1393,1364,1307,1321,1305,1416,1479,1590,1759,1902,1966,2055,2082,2044,1926,1875,1862,1856,1882,1977,2016,2034,2069,2111,2159,2254,2389,2575,2818,3109,3353,
1,2,4,3,6,11,15,24,32,41,56,65,79,92,129,174,246,326,394,488,593,717,863,1087,1324,1586,1852,2097,2348,2638,2883,2986,3061,3125,3072,2902,2907,2748,2685,2593,2342,2151,2046,1906,1828,1779,1702,1535,1497,1393,1295,1217,1206,1256,1294,1323,1314,1353,1319,1312,1262,1244,1247,1193,1177,1171,1080,1076,1049,1076,1136,1214,1301,1326,1311,1250,1233,1233,1285,1396,1438,1446,1460,1579,1641,1659,1692,1713,1750,1697,1688,1592,1556,1473,1404,1303,1186,1054,973,925,904,868,815,797,754,767,803,828,867,914,931,971,1003,1027,1031,1064,1061,1094,1037,1029,1058,1091,1136,1173,1248,1313,1407,1493,1521,1499,1450,1389,1415,1448,1458,1440,1341,1339,1337,1434,1418,1492,1562,1617,1576,1530,1516,1473,1499,1463,1343,1261,1222,1212,1269,1210,1158,1113,1110,1115,1178,1213,1217,1262,1265,1289,1306,1385,1393,1364,1307,1321,1305,1416,1479,1590,1759,1902,1966,2055,2082,2044,1926,1875,1862,1856,1882,1977,2016,2034,2069,2111,2159,2254,2389,2575,2818,3109,3353,
1,2,4,3,6,11,15,24,32,41,56,65,79,92,129,174,246,326,394,488,593,717,863,1087,1324,1586,1852,2097,2348,2638,2883,2986,3061,3125,3072,2902,2907,2748,2685,2593,2342,2151,2046,1906,1828,1779,1702,1535,1497,1393,1295,1217,1206,1256,1294,1323,1314,1353,1319,1312,1262,1244,1247,1193,1177,1171,1080,1076,1049,1076,1136,1214,1301,1326,1311,1250,1233,1233,1285,1396,1438,1446,1460,1579,1641,1659,1692,1713,1750,1697,1688,1592,1556,1473,1404,1303,1186,1054,973,925,904,868,815,797,754,767,803,828,867,914,931,971,1003,1027,1031,1064,1061,1094,1037,1029,1058,1091,1136,1173,1248,1313,1407,1493,1521,1499,1450,1389,1415,1448,1458,1440,1341,1339,1337,1434,1418,1492,1562,1617,1576,1530,1516,1473,1499,1463,1343,1261,1222,1212,1269,1210,1158,1113,1110,1115,1178,1213,1217,1262,1265,1289,1306,1385,1393,1364,1307,1321,1305,1416,1479,1590,1759,1902,1966,2055,2082,2044,1926,1875,1862,1856,1882,1977,2016,2034,2069,2111,2159,2254,2389,2575,2818,3109,3353,
1,2,4,3,6,11,15,24,32,41,56,65,79,92,129,174,246,326,394,488,593,717,863,1087,1324,1586,1852,2097,2348,2638,2883,2986,3061,3125,3072,2902,2907,2748,2685,2593,2342,2151,2046,1906,1828,1779,1702,1535,1497,1393,1295,1217,1206,1256,1294,1323,1314,1353,1319,1312,1262,1244,1247,1193,1177,1171,1080,1076,1049,1076,1136,1214,1301,1326,1311,1250,1233,1233,1285,1396,1438,1446,1460,1579,1641,1659,1692,1713,1750,1697,1688,1592,1556,1473,1404,1303,1186,1054,973,925,904,868,815,797,754,767,803,828,867,914,931,971,1003,1027,1031,1064,1061,1094,1037,1029,1058,1091,1136,1173,1248,1313,1407,1493,1521,1499,1450,1389,1415,1448,1458,1440,1341,1339,1337,1434,1418,1492,1562,1617,1576,1530,1516,1473,1499,1463,1343,1261,1222,1212,1269,1210,1158,1113,1110,1115,1178,1213,1217,1262,1265,1289,1306,1385,1393,1364,1307,1321,1305,1416,1479,1590,1759,1902,1966,2055,2082,2044,1926,1875,1862,1856,1882,1977,2016,2034,2069,2111,2159,2254,2389,2575,2818,3109,3353,
1,2,4,3,6,11,15,24,32,41,56,65,79,92,129,174,246,326,394,488,593,717,863,1087,1324,1586,1852,2097,2348,2638,2883,2986,3061,3125,3072,2902,2907,2748,2685,2593,2342,2151,2046,1906,1828,1779,1702,1535,1497,1393,1295,1217,1206,1256,1294,1323,1314,1353,1319,1312,1262,1244,1247,1193,1177,1171,1080,1076,1049,1076,1136,1214,1301,1326,1311,1250,1233,1233,1285,1396,1438,1446,1460,1579,1641,1659,1692,1713,1750,1697,1688,1592,1556,1473,1404,1303,1186,1054,973,925,904,868,815,797,754,767,803,828,867,914,931,971,1003,1027,1031,1064,1061,1094,1037,1029,1058,1091,1136,1173,1248,1313,1407,1493,1521,1499,1450,1389,1415,1448,1458,1440,1341,1339,1337,1434,1418,1492,1562,1617,1576,1530,1516,1473,1499,1463,1343,1261,1222,1212,1269,1210,1158,1113,1110,1115,1178,1213,1217,1262,1265,1289,1306,1385,1393,1364,1307,1321,1305,1416,1479,1590,1759,1902,1966,2055,2082,2044,1926,1875,1862,1856,1882,1977,2016,2034,2069,2111,2159,2254,2389,2575,2818,3109,3353,
1,2,4,3,6,11,15,24,32,41,56,65,79,92,129,174,246,326,394,488,593,717,863,1087,1324,1586,1852,2097,2348,2638,2883,2986,3061,3125,3072,2902,2907,2748,2685,2593,2342,2151,2046,1906,1828,1779,1702,1535,1497,1393,1295,1217,1206,1256,1294,1323,1314,1353,1319,1312,1262,1244,1247,1193,1177,1171,1080,1076,1049,1076,1136,1214,1301,1326,1311,1250,1233,1233,1285,1396,1438,1446,1460,1579,1641,1659,1692,1713,1750,1697,1688,1592,1556,1473,1404,1303,1186,1054,973,925,904,868,815,797,754,767,803,828,867,914,931,971,1003,1027,1031,1064,1061,1094,1037,1029,1058,1091,1136,1173,1248,1313,1407,1493,1521,1499,1450,1389,1415,1448,1458,1440,1341,1339,1337,1434,1418,1492,1562,1617,1576,1530,1516,1473,1499,1463,1343,1261,1222,1212,1269,1210,1158,1113,1110,1115,1178,1213,1217,1262,1265,1289,1306,1385,1393,1364,1307,1321,1305,1416,1479,1590,1759,1902,1966,2055,2082,2044,1926,1875,1862,1856,1882,1977,2016,2034,2069,2111,2159,2254,2389,2575,2818,3109,3353,
1,2,4,3,6,11,15,24,32,41,56,65,79,92,129,174,246,326,394,488,593,717,863,1087,1324,1586,1852,2097,2348,2638,2883,2986,3061,3125,3072,2902,2907,2748,2685,2593,2342,2151,2046,1906,1828,1779,1702,1535,1497,1393,1295,1217,1206,1256,1294,1323,1314,1353,1319,1312,1262,1244,1247,1193,1177,1171,1080,1076,1049,1076,1136,1214,1301,1326,1311,1250,1233,1233,1285,1396,1438,1446,1460,1579,1641,1659,1692,1713,1750,1697,1688,1592,1556,1473,1404,1303,1186,1054,973,925,904,868,815,797,754,767,803,828,867,914,931,971,1003,1027,1031,1064,1061,1094,1037,1029,1058,1091,1136,1173,1248,1313,1407,1493,1521,1499,1450,1389,1415,1448,1458,1440,1341,1339,1337,1434,1418,1492,1562,1617,1576,1530,1516,1473,1499,1463,1343,1261,1222,1212,1269,1210,1158,1113,1110,1115,1178,1213,1217,1262,1265,1289,1306,1385,1393,1364,1307,1321,1305,1416,1479,1590,1759,1902,1966,2055,2082,2044,1926,1875,1862,1856,1882,1977,2016,2034,2069,2111,2159,2254,2389,2575,2818,3109,3353,
1,2,4,3,6,11,15,24,32,41,56,65,79,92,129,174,246,326,394,488,593,717,863,1087,1324,1586,1852,2097,2348,2638,2883,2986,3061,3125,3072,2902,2907,2748,2685,2593,2342,2151,2046,1906,1828,1779,1702,1535,1497,1393,1295,1217,1206,1256,1294,1323,1314,1353,1319,1312,1262,1244,1247,1193,1177,1171,1080,1076,1049,1076,1136,1214,1301,1326,1311,1250,1233,1233,1285,1396,1438,1446,1460,1579,1641,1659,1692,1713,1750,1697,1688,1592,1556,1473,1404,1303,1186,1054,973,925,904,868,815,797,754,767,803,828,867,914,931,971,1003,1027,1031,1064,1061,1094,1037,1029,1058,1091,1136,1173,1248,1313,1407,1493,1521,1499,1450,1389,1415,1448,1458,1440,1341,1339,1337,1434,1418,1492,1562,1617,1576,1530,1516,1473,1499,1463,1343,1261,1222,1212,1269,1210,1158,1113,1110,1115,1178,1213,1217,1262,1265,1289,1306,1385,1393,1364,1307,1321,1305,1416,1479,1590,1759,1902,1966,2055,2082,2044,1926,1875,1862,1856,1882,1977,2016,2034,2069,2111,2159,2254,2389,2575,2818,3109,3353,
1,2,4,3,6,11,15,24,32,41,56,65,79,92,129,174,246,326,394,488,593,717,863,1087,1324,1586,1852,2097,2348,2638,2883,2986,3061,3125,3072,2902,2907,2748,2685,2593,2342,2151,2046,1906,1828,1779,1702,1535,1497,1393,1295,1217,1206,1256,1294,1323,1314,1353,1319,1312,1262,1244,1247,1193,1177,1171,1080,1076,1049,1076,1136,1214,1301,1326,1311,1250,1233,1233,1285,1396,1438,1446,1460,1579,1641,1659,1692,1713,1750,1697,1688,1592,1556,1473,1404,1303,1186,1054,973,925,904,868,815,797,754,767,803,828,867,914,931,971,1003,1027,1031,1064,1061,1094,1037,1029,1058,1091,1136,1173,1248,1313,1407,1493,1521,1499,1450,1389,1415,1448,1458,1440,1341,1339,1337,1434,1418,1492,1562,1617,1576,1530,1516,1473,1499,1463,1343,1261,1222,1212,1269,1210,1158,1113,1110,1115,1178,1213,1217,1262,1265,1289,1306,1385,1393,1364,1307,1321,1305,1416,1479,1590,1759,1902,1966,2055,2082,2044,1926,1875,1862,1856,1882,1977,2016,2034,2069,2111,2159,2254,2389,2575,2818,3109,3353,
1,2,4,3,6,11,15,24,32,41,56,65,79,92,129,174,246,326,394,488,593,717,863,1087,1324,1586,1852,2097,2348,2638,2883,2986,3061,3125,3072,2902,2907,2748,2685,2593,2342,2151,2046,1906,1828,1779,1702,1535,1497,1393,1295,1217,1206,1256,1294,1323,1314,1353,1319,1312,1262,1244,1247,1193,1177,1171,1080,1076,1049,1076,1136,1214,1301,1326,1311,1250,1233,1233,1285,1396,1438,1446,1460,1579,1641,1659,1692,1713,1750,1697,1688,1592,1556,1473,1404,1303,1186,1054,973,925,904,868,815,797,754,767,803,828,867,914,931,971,1003,1027,1031,1064,1061,1094,1037,1029,1058,1091,1136,1173,1248,1313,1407,1493,1521,1499,1450,1389,1415,1448,1458,1440,1341,1339,1337,1434,1418,1492,1562,1617,1576,1530,1516,1473,1499,1463,1343,1261,1222,1212,1269,1210,1158,1113,1110,1115,1178,1213,1217,1262,1265,1289,1306,1385,1393,1364,1307,1321,1305,1416,1479,1590,1759,1902,1966,2055,2082,2044,1926,1875,1862,1856,1882,1977,2016,2034,2069,2111,2159,2254,2389,2575,2818,3109,3353,
1,2,4,3,6,11,15,24,32,41,56,65,79,92,129,174,246,326,394,488,593,717,863,1087,1324,1586,1852,2097,2348,2638,2883,2986,3061,3125,3072,2902,2907,2748,2685,2593,2342,2151,2046,1906,1828,1779,1702,1535,1497,1393,1295,1217,1206,1256,1294,1323,1314,1353,1319,1312,1262,1244,1247,1193,1177,1171,1080,1076,1049,1076,1136,1214,1301,1326,1311,1250,1233,1233,1285,1396,1438,1446,1460,1579,1641,1659,1692,1713,1750,1697,1688,1592,1556,1473,1404,1303,1186,1054,973,925,904,868,815,797,754,767,803,828,867,914,931,971,1003,1027,1031,1064,1061,1094,1037,1029,1058,1091,1136,1173,1248,1313,1407,1493,1521,1499,1450,1389,1415,1448,1458,1440,1341,1339,1337,1434,1418,1492,1562,1617,1576,1530,1516,1473,1499,1463,1343,1261,1222,1212,1269,1210,1158,1113,1110,1115,1178,1213,1217,1262,1265,1289,1306,1385,1393,1364,1307,1321,1305,1416,1479,1590,1759,1902,1966,2055,2082,2044,1926,1875,1862,1856,1882,1977,2016,2034,2069,2111,2159,2254,2389,2575,2818,3109,3353,
1,2,4,3,6,11,15,24,32,41,56,65,79,92,129,174,246,326,394,488,593,717,863,1087,1324,1586,1852,2097,2348,2638,2883,2986,3061,3125,3072,2902,2907,2748,2685,2593,2342,2151,2046,1906,1828,1779,1702,1535,1497,1393,1295,1217,1206,1256,1294,1323,1314,1353,1319,1312,1262,1244,1247,1193,1177,1171,1080,1076,1049,1076,1136,1214,1301,1326,1311,1250,1233,1233,1285,1396,1438,1446,1460,1579,1641,1659,1692,1713,1750,1697,1688,1592,1556,1473,1404,1303,1186,1054,973,925,904,868,815,797,754,767,803,828,867,914,931,971,1003,1027,1031,1064,1061,1094,1037,1029,1058,1091,1136,1173,1248,1313,1407,1493,1521,1499,1450,1389,1415,1448,1458,1440,1341,1339,1337,1434,1418,1492,1562,1617,1576,1530,1516,1473,1499,1463,1343,1261,1222,1212,1269,1210,1158,1113,1110,1115,1178,1213,1217,1262,1265,1289,1306,1385,1393,1364,1307,1321,1305,1416,1479,1590,1759,1902,1966,2055,2082,2044,1926,1875,1862,1856,1882,1977,2016,2034,2069,2111,2159,2254,2389,2575,2818,3109,3353,
1,2,4,3,6,11,15,24,32,41,56,65,79,92,129,174,246,326,394,488,593,717,863,1087,1324,1586,1852,2097,2348,2638,2883,2986,3061,3125,3072,2902,2907,2748,2685,2593,2342,2151,2046,1906,1828,1779,1702,1535,1497,1393,1295,1217,1206,1256,1294,1323,1314,1353,1319,1312,1262,1244,1247,1193,1177,1171,1080,1076,1049,1076,1136,1214,1301,1326,1311,1250,1233,1233,1285,1396,1438,1446,1460,1579,1641,1659,1692,1713,1750,1697,1688,1592,1556,1473,1404,1303,1186,1054,973,925,904,868,815,797,754,767,803,828,867,914,931,971,1003,1027,1031,1064,1061,1094,1037,1029,1058,1091,1136,1173,1248,1313,1407,1493,1521,1499,1450,1389,1415,1448,1458,1440,1341,1339,1337,1434,1418,1492,1562,1617,1576,1530,1516,1473,1499,1463,1343,1261,1222,1212,1269,1210,1158,1113,1110,1115,1178,1213,1217,1262,1265,1289,1306,1385,1393,1364,1307,1321,1305,1416,1479,1590,1759,1902,1966,2055,2082,2044,1926,1875,1862,1856,1882,1977,2016,2034,2069,2111,2159,2254,2389,2575,2818,3109,3353,
1,2,4,3,6,11,15,24,32,41,56,65,79,92,129,174,246,326,394,488,593,717,863,1087,1324,1586,1852,2097,2348,2638,2883,2986,3061,3125,3072,2902,2907,2748,2685,2593,2342,2151,2046,1906,1828,1779,1702,1535,1497,1393,1295,1217,1206,1256,1294,1323,1314,1353,1319,1312,1262,1244,1247,1193,1177,1171,1080,1076,1049,1076,1136,1214,1301,1326,1311,1250,1233,1233,1285,1396,1438,1446,1460,1579,1641,1659,1692,1713,1750,1697,1688,1592,1556,1473,1404,1303,1186,1054,973,925,904,868,815,797,754,767,803,828,867,914,931,971,1003,1027,1031,1064,1061,1094,1037,1029,1058,1091,1136,1173,1248,1313,1407,1493,1521,1499,1450,1389,1415,1448,1458,1440,1341,1339,1337,1434,1418,1492,1562,1617,1576,1530,1516,1473,1499,1463,1343,1261,1222,1212,1269,1210,1158,1113,1110,1115,1178,1213,1217,1262,1265,1289,1306,1385,1393,1364,1307,1321,1305,1416,1479,1590,1759,1902,1966,2055,2082,2044,1926,1875,1862,1856,1882,1977,2016,2034,2069,2111,2159,2254,2389,2575,2818,3109,3353,
1,6,5,5,5,6,14,28,40,37,46,53,73,96,117,153,208,286,390,499,603,722,938,1171,1382,1663,1911,2174,2376,2629,2858,3130,3358,3720,3871,3832,3536,3451,3178,2900,2465,2189,2005,1813,1547,1290,1102,1026,964,931,946,923,912,902,896,886,853,829,820,811,822,808,803,785,717,713,700,689,683,723,766,849,882,916,889,908,944,997,1103,1178,1134,1076,1088,1058,1006,982,1002,973,987,968,973,908,914,951,944,933,925,942,934,896,868,843,852,865,850,871,865,837,796,786,812,803,846,888,939,976,999,1077,1077,1055,1065,1073,1113,1121,1181,1304,1339,1394,1450,1546,1596,1668,1812,1902,2033,2175,2299,2340,2454,2500,2484,2431,2392,2390,2302,2110,2036,1976,1865,1846,1845,1801,1653,1628,1598,1532,1512,1402,1303,1241,1259,1258,1324,1366,1356,1388,1298,1141,1112,1028,990,932,955,986,963,956,981,983,1018,1079,1114,1183,1214,1279,1356,1435,1462,1433,1412,1372,1357,1374,1289,1189,1115,1095,1068,941,869,
1,6,5,5,5,6,14,28,40,37,46,53,73,96,117,153,208,286,390,499,603,722,938,1171,1382,1663,1911,2174,2376,2629,2858,3130,3358,3720,3871,3832,3536,3451,3178,2900,2465,2189,2005,1813,1547,1290,1102,1026,964,931,946,923,912,902,896,886,853,829,820,811,822,808,803,785,717,713,700,689,683,723,766,849,882,916,889,908,944,997,1103,1178,1134,1076,1088,1058,1006,982,1002,973,987,968,973,908,914,951,944,933,925,942,934,896,868,843,852,865,850,871,865,837,796,786,812,803,846,888,939,976,999,1077,1077,1055,1065,1073,1113,1121,1181,1304,1339,1394,1450,1546,1596,1668,1812,1902,2033,2175,2299,2340,2454,2500,2484,2431,2392,2390,2302,2110,2036,1976,1865,1846,1845,1801,1653,1628,1598,1532,1512,1402,1303,1241,1259,1258,1324,1366,1356,1388,1298,1141,1112,1028,990,932,955,986,963,956,981,983,1018,1079,1114,1183,1214,1279,1356,1435,1462,1433,1412,1372,1357,1374,1289,1189,1115,1095,1068,941,869,
1,5,7,11,14,19,26,38,49,52,52,63,80,89,141,187,245,316,372,447,509,619,826,1075,1391,1748,2118,2475,2815,3216,3537,3790,3776,3794,3656,3393,3262,2987,2695,2436,2271,2054,1760,1590,1443,1345,1254,1191,1064,1003,957,944,926,904,888,876,862,866,870,864,835,847,838,823,797,790,795,849,892,967,973,992,979,928,879,871,838,803,837,822,839,859,832,773,719,709,743,773,809,830,887,954,1011,1090,1232,1305,1380,1378,1380,1382,1287,1229,1192,1144,1113,1075,1076,1069,1061,1084,1100,1146,1181,1167,1175,1210,1234,1245,1237,1245,1269,1243,1266,1314,1220,1206,1185,1175,1186,1207,1224,1252,1261,1264,1283,1323,1335,1319,1308,1236,1238,1235,1244,1258,1208,1202,1126,1088,1076,1016,964,979,996,1011,1039,1012,996,1037,1103,1129,1205,1285,1289,1351,1395,1465,1513,1533,1567,1632,1563,1604,1603,1616,1621,1604,1656,1737,1758,1745,1668,1600,1578,1565,1600,1590,1652,1686,1767,1835,1934,2056,2080,2085,1987,1822,1658,1475,1289,
1,5,7,11,14,19,26,38,49,52,52,63,80,89,141,187,245,316,372,447,509,619,826,1075,1391,1748,2118,2475,2815,3216,3537,3790,3776,3794,3656,3393,3262,2987,2695,2436,2271,2054,1760,1590,1443,1345,1254,1191,1064,1003,957,944,926,904,888,876,862,866,870,864,835,847,838,823,797,790,795,849,892,967,973,992,979,928,879,871,838,803,837,822,839,859,832,773,719,709,743,773,809,830,887,954,1011,1090,1232,1305,1380,1378,1380,1382,1287,1229,1192,1144,1113,1075,1076,1069,1061,1084,1100,1146,1181,1167,1175,1210,1234,1245,1237,1245,1269,1243,1266,1314,1220,1206,1185,1175,1186,1207,1224,1252,1261,1264,1283,1323,1335,1319,1308,1236,1238,1235,1244,1258,1208,1202,1126,1088,1076,1016,964,979,996,1011,1039,1012,996,1037,1103,1129,1205,1285,1289,1351,1395,1465,1513,1533,1567,1632,1563,1604,1603,1616,1621,1604,1656,1737,1758,1745,1668,1600,1578,1565,1600,1590,1652,1686,1767,1835,1934,2056,2080,2085,1987,1822,1658,1475,1289,
1,5,7,11,14,19,26,38,49,52,52,63,80,89,141,187,245,316,372,447,509,619,826,1075,1391,1748,2118,2475,2815,3216,3537,3790,3776,3794,3656,3393,3262,2987,2695,2436,2271,2054,1760,1590,1443,1345,1254,1191,1064,1003,957,944,926,904,888,876,862,866,870,864,835,847,838,823,797,790,795,849,892,967,973,992,979,928,879,871,838,803,837,822,839,859,832,773,719,709,743,773,809,830,887,954,1011,1090,1232,1305,1380,1378,1380,1382,1287,1229,1192,1144,1113,1075,1076,1069,1061,1084,1100,1146,1181,1167,1175,1210,1234,1245,1237,1245,1269,1243,1266,1314,1220,1206,1185,1175,1186,1207,1224,1252,1261,1264,1283,1323,1335,1319,1308,1236,1238,1235,1244,1258,1208,1202,1126,1088,1076,1016,964,979,996,1011,1039,1012,996,1037,1103,1129,1205,1285,1289,1351,1395,1465,1513,1533,1567,1632,1563,1604,1603,1616,1621,1604,1656,1737,1758,1745,1668,1600,1578,1565,1600,1590,1652,1686,1767,1835,1934,2056,2080,2085,1987,1822,1658,1475,1289,
1,5,7,11,14,19,26,38,49,52,52,63,80,89,141,187,245,316,372,447,509,619,826,1075,1391,1748,2118,2475,2815,3216,3537,3790,3776,3794,3656,3393,3262,2987,2695,2436,2271,2054,1760,1590,1443,1345,1254,1191,1064,1003,957,944,926,904,888,876,862,866,870,864,835,847,838,823,797,790,795,849,892,967,973,992,979,928,879,871,838,803,837,822,839,859,832,773,719,709,743,773,809,830,887,954,1011,1090,1232,1305,1380,1378,1380,1382,1287,1229,1192,1144,1113,1075,1076,1069,1061,1084,1100,1146,1181,1167,1175,1210,1234,1245,1237,1245,1269,1243,1266,1314,1220,1206,1185,1175,1186,1207,1224,1252,1261,1264,1283,1323,1335,1319,1308,1236,1238,1235,1244,1258,1208,1202,1126,1088,1076,1016,964,979,996,1011,1039,1012,996,1037,1103,1129,1205,1285,1289,1351,1395,1465,1513,1533,1567,1632,1563,1604,1603,1616,1621,1604,1656,1737,1758,1745,1668,1600,1578,1565,1600,1590,1652,1686,1767,1835,1934,2056,2080,2085,1987,1822,1658,1475,1289,
1,5,7,11,14,19,26,38,49,52,52,63,80,89,141,187,245,316,372,447,509,619,826,1075,1391,1748,2118,2475,2815,3216,3537,3790,3776,3794,3656,3393,3262,2987,2695,2436,2271,2054,1760,1590,1443,1345,1254,1191,1064,1003,957,944,926,904,888,876,862,866,870,864,835,847,838,823,797,790,795,849,892,967,973,992,979,928,879,871,838,803,837,822,839,859,832,773,719,709,743,773,809,830,887,954,1011,1090,1232,1305,1380,1378,1380,1382,1287,1229,1192,1144,1113,1075,1076,1069,1061,1084,1100,1146,1181,1167,1175,1210,1234,1245,1237,1245,1269,1243,1266,1314,1220,1206,1185,1175,1186,1207,1224,1252,1261,1264,1283,1323,1335,1319,1308,1236,1238,1235,1244,1258,1208,1202,1126,1088,1076,1016,964,979,996,1011,1039,1012,996,1037,1103,1129,1205,1285,1289,1351,1395,1465,1513,1533,1567,1632,1563,1604,1603,1616,1621,1604,1656,1737,1758,1745,1668,1600,1578,1565,1600,1590,1652,1686,1767,1835,1934,2056,2080,2085,1987,1822,1658,1475,1289,
1,4,6,7,9,13,14,18,27,31,35,45,67,97,130,168,229,284,341,438,522,670,850,1109,1356,1625,1880,2145,2388,2684,3119,3451,3653,3813,3805,3665,3507,3246,3172,3061,3079,2992,2848,2554,2255,1960,1680,1443,1304,1208,1133,1032,1023,983,941,903,876,954,966,955,925,894,883,870,924,933,918,937,1046,1021,988,985,1003,977,967,939,926,911,900,901,903,922,1024,1047,1062,1128,1145,1170,1169,1205,1170,1223,1334,1373,1417,1465,1505,1539,1559,1563,1522,1444,1375,1357,1280,1181,1068,995,955,939,900,867,887,914,1025,1105,1118,1136,1208,1326,1347,1330,1346,1410,1492,1573,1707,1786,1870,1931,1978,1955,1924,1847,1733,1664,1523,1428,1410,1346,1296,1221,1102,1011,949,898,830,762,712,727,762,795,812,854,911,964,1075,1176,1286,1386,1467,1459,1462,1442,1415,1350,1242,1145,1091,1086,1089,1052,1083,1083,1106,1127,1148,1189,1284,1418,1598,1762,1915,2031,2159,2366,2560,2669,2747,2727,2653,2629,2602,2613,2644,2527,2409,2299,2143,
1,4,6,7,9,13,14,18,27,31,35,45,67,97,130,168,229,284,341,438,522,670,850,1109,1356,1625,1880,2145,2388,2684,3119,3451,3653,3813,3805,3665,3507,3246,3172,3061,3079,2992,2848,2554,2255,1960,1680,1443,1304,1208,1133,1032,1023,983,941,903,876,954,966,955,925,894,883,870,924,933,918,937,1046,1021,988,985,1003,977,967,939,926,911,900,901,903,922,1024,1047,1062,1128,1145,1170,1169,1205,1170,1223,1334,1373,1417,1465,1505,1539,1559,1563,1522,1444,1375,1357,1280,1181,1068,995,955,939,900,867,887,914,1025,1105,1118,1136,1208,1326,1347,1330,1346,1410,1492,1573,1707,1786,1870,1931,1978,1955,1924,1847,1733,1664,1523,1428,1410,1346,1296,1221,1102,1011,949,898,830,762,712,727,762,795,812,854,911,964,1075,1176,1286,1386,1467,1459,1462,1442,1415,1350,1242,1145,1091,1086,1089,1052,1083,1083,1106,1127,1148,1189,1284,1418,1598,1762,1915,2031,2159,2366,2560,2669,2747,2727,2653,2629,2602,2613,2644,2527,2409,2299,2143,
1,4,6,7,9,13,14,18,27,31,35,45,67,97,130,168,229,284,341,438,522,670,850,1109,1356,1625,1880,2145,2388,2684,3119,3451,3653,3813,3805,3665,3507,3246,3172,3061,3079,2992,2848,2554,2255,1960,1680,1443,1304,1208,1133,1032,1023,983,941,903,876,954,966,955,925,894,883,870,924,933,918,937,1046,1021,988,985,1003,977,967,939,926,911,900,901,903,922,1024,1047,1062,1128,1145,1170,1169,1205,1170,1223,1334,1373,1417,1465,1505,1539,1559,1563,1522,1444,1375,1357,1280,1181,1068,995,955,939,900,867,887,914,1025,1105,1118,1136,1208,1326,1347,1330,1346,1410,1492,1573,1707,1786,1870,1931,1978,1955,1924,1847,1733,1664,1523,1428,1410,1346,1296,1221,1102,1011,949,898,830,762,712,727,762,795,812,854,911,964,1075,1176,1286,1386,1467,1459,1462,1442,1415,1350,1242,1145,1091,1086,1089,1052,1083,1083,1106,1127,1148,1189,1284,1418,1598,1762,1915,2031,2159,2366,2560,2669,2747,2727,2653,2629,2602,2613,2644,2527,2409,2299,2143,
1,4,6,7,9,13,14,18,27,31,35,45,67,97,130,168,229,284,341,438,522,670,850,1109,1356,1625,1880,2145,2388,2684,3119,3451,3653,3813,3805,3665,3507,3246,3172,3061,3079,2992,2848,2554,2255,1960,1680,1443,1304,1208,1133,1032,1023,983,941,903,876,954,966,955,925,894,883,870,924,933,918,937,1046,1021,988,985,1003,977,967,939,926,911,900,901,903,922,1024,1047,1062,1128,1145,1170,1169,1205,1170,1223,1334,1373,1417,1465,1505,1539,1559,1563,1522,1444,1375,1357,1280,1181,1068,995,955,939,900,867,887,914,1025,1105,1118,1136,1208,1326,1347,1330,1346,1410,1492,1573,1707,1786,1870,1931,1978,1955,1924,1847,1733,1664,1523,1428,1410,1346,1296,1221,1102,1011,949,898,830,762,712,727,762,795,812,854,911,964,1075,1176,1286,1386,1467,1459,1462,1442,1415,1350,1242,1145,1091,1086,1089,1052,1083,1083,1106,1127,1148,1189,1284,1418,1598,1762,1915,2031,2159,2366,2560,2669,2747,2727,2653,2629,2602,2613,2644,2527,2409,2299,2143,
1,4,6,7,9,13,14,18,27,31,35,45,67,97,130,168,229,284,341,438,522,670,850,1109,1356,1625,1880,2145,2388,2684,3119,3451,3653,3813,3805,3665,3507,3246,3172,3061,3079,2992,2848,2554,2255,1960,1680,1443,1304,1208,1133,1032,1023,983,941,903,876,954,966,955,925,894,883,870,924,933,918,937,1046,1021,988,985,1003,977,967,939,926,911,900,901,903,922,1024,1047,1062,1128,1145,1170,1169,1205,1170,1223,1334,1373,1417,1465,1505,1539,1559,1563,1522,1444,1375,1357,1280,1181,1068,995,955,939,900,867,887,914,1025,1105,1118,1136,1208,1326,1347,1330,1346,1410,1492,1573,1707,1786,1870,1931,1978,1955,1924,1847,1733,1664,1523,1428,1410,1346,1296,1221,1102,1011,949,898,830,762,712,727,762,795,812,854,911,964,1075,1176,1286,1386,1467,1459,1462,1442,1415,1350,1242,1145,1091,1086,1089,1052,1083,1083,1106,1127,1148,1189,1284,1418,1598,1762,1915,2031,2159,2366,2560,2669,2747,2727,2653,2629,2602,2613,2644,2527,2409,2299,2143,
1,4,6,7,9,13,14,18,27,31,35,45,67,97,130,168,229,284,341,438,522,670,850,1109,1356,1625,1880,2145,2388,2684,3119,3451,3653,3813,3805,3665,3507,3246,3172,3061,3079,2992,2848,2554,2255,1960,1680,1443,1304,1208,1133,1032,1023,983,941,903,876,954,966,955,925,894,883,870,924,933,918,937,1046,1021,988,985,1003,977,967,939,926,911,900,901,903,922,1024,1047,1062,1128,1145,1170,1169,1205,1170,1223,1334,1373,1417,1465,1505,1539,1559,1563,1522,1444,1375,1357,1280,1181,1068,995,955,939,900,867,887,914,1025,1105,1118,1136,1208,1326,1347,1330,1346,1410,1492,1573,1707,1786,1870,1931,1978,1955,1924,1847,1733,1664,1523,1428,1410,1346,1296,1221,1102,1011,949,898,830,762,712,727,762,795,812,854,911,964,1075,1176,1286,1386,1467,1459,1462,1442,1415,1350,1242,1145,1091,1086,1089,1052,1083,1083,1106,1127,1148,1189,1284,1418,1598,1762,1915,2031,2159,2366,2560,2669,2747,2727,2653,2629,2602,2613,2644,2527,2409,2299,2143,
1,4,6,7,9,13,14,18,27,31,35,45,67,97,130,168,229,284,341,438,522,670,850,1109,1356,1625,1880,2145,2388,2684,3119,3451,3653,3813,3805,3665,3507,3246,3172,3061,3079,2992,2848,2554,2255,1960,1680,1443,1304,1208,1133,1032,1023,983,941,903,876,954,966,955,925,894,883,870,924,933,918,937,1046,1021,988,985,1003,977,967,939,926,911,900,901,903,922,1024,1047,1062,1128,1145,1170,1169,1205,1170,1223,1334,1373,1417,1465,1505,1539,1559,1563,1522,1444,1375,1357,1280,1181,1068,995,955,939,900,867,887,914,1025,1105,1118,1136,1208,1326,1347,1330,1346,1410,1492,1573,1707,1786,1870,1931,1978,1955,1924,1847,1733,1664,1523,1428,1410,1346,1296,1221,1102,1011,949,898,830,762,712,727,762,795,812,854,911,964,1075,1176,1286,1386,1467,1459,1462,1442,1415,1350,1242,1145,1091,1086,1089,1052,1083,1083,1106,1127,1148,1189,1284,1418,1598,1762,1915,2031,2159,2366,2560,2669,2747,2727,2653,2629,2602,2613,2644,2527,2409,2299,2143,
1,2,4,7,8,11,19,27,44,53,65,84,109,138,172,226,278,362,462,550,560,642,723,804,942,1142,1339,1503,1787,2053,2297,2613,3057,3456,3643,3772,3805,3587,3496,3270,3134,3051,2983,2852,2725,2643,2468,2261,2097,1888,1525,1368,1247,1170,1135,1118,1108,1077,1084,1078,1058,1129,1079,1012,1008,1049,1022,1025,986,905,882,908,870,881,921,943,969,1040,1113,1171,1213,1231,1261,1234,1240,1276,1281,1288,1291,1313,1318,1367,1403,1420,1455,1417,1411,1396,1357,1332,1326,1314,1277,1158,1077,1027,1008,964,921,928,900,843,806,807,806,788,774,782,828,890,972,1042,1094,1206,1298,1432,1543,1599,1657,1651,1662,1629,1674,1614,1607,1600,1547,1527,1449,1401,1345,1328,1263,1267,1250,1190,1152,1134,1069,1019,980,950,918,908,895,908,926,904,949,983,1032,1051,1088,1087,1136,1104,1123,1162,1175,1180,1228,1277,1326,1407,1385,1391,1345,1338,1355,1400,1421,1477,1553,1684,1846,2061,2222,2348,2526,2623,2616,2560,2518,2537,2460,2208,2030,1884,1815,
1,3,4,5,8,11,15,25,34,39,49,54,73,93,124,144,212,271,337,412,522,636,785,943,1115,1295,1576,1862,2104,2356,2569,2828,3067,3246,3285,3473,3674,3542,3364,3244,2947,2610,2244,2030,1826,1679,1614,1534,1442,1392,1351,1311,1245,1244,1221,1214,1224,1241,1224,1130,1076,1077,1056,1072,1056,1096,1051,1044,1024,1026,939,947,928,944,983,1032,1065,1090,1097,1099,1113,1159,1137,1158,1098,1052,1065,1091,1131,1161,1187,1181,1241,1269,1258,1253,1273,1257,1223,1272,1293,1319,1272,1235,1186,1194,1168,1169,1223,1229,1224,1166,1159,1148,1096,1081,1088,1095,1092,1070,1058,1031,1022,1004,1009,1089,1168,1246,1329,1369,1562,1650,1777,1782,1846,1870,1956,2001,2022,2055,2054,2007,1922,1849,1843,1866,1887,1957,1921,1829,1772,1696,1588,1474,1441,1387,1350,1313,1311,1310,1374,1397,1422,1383,1329,1267,1213,1145,1138,1168,1232,1353,1404,1501,1505,1550,1576,1596,1697,1743,1877,2041,2124,2237,2400,2569,2644,2786,2883,2959,2881,2784,2810,2963,3043,3018,3082,3142,3001,
1,3,4,5,8,11,15,25,34,39,49,54,73,93,124,144,212,271,337,412,522,636,785,943,1115,1295,1576,1862,2104,2356,2569,2828,3067,3246,3285,3473,3674,3542,3364,3244,2947,2610,2244,2030,1826,1679,1614,1534,1442,1392,1351,1311,1245,1244,1221,1214,1224,1241,1224,1130,1076,1077,1056,1072,1056,1096,1051,1044,1024,1026,939,947,928,944,983,1032,1065,1090,1097,1099,1113,1159,1137,1158,1098,1052,1065,1091,1131,1161,1187,1181,1241,1269,1258,1253,1273,1257,1223,1272,1293,1319,1272,1235,1186,1194,1168,1169,1223,1229,1224,1166,1159,1148,1096,1081,1088,1095,1092,1070,1058,1031,1022,1004,1009,1089,1168,1246,1329,1369,1562,1650,1777,1782,1846,1870,1956,2001,2022,2055,2054,2007,1922,1849,1843,1866,1887,1957,1921,1829,1772,1696,1588,1474,1441,1387,1350,1313,1311,1310,1374,1397,1422,1383,1329,1267,1213,1145,1138,1168,1232,1353,1404,1501,1505,1550,1576,1596,1697,1743,1877,2041,2124,2237,2400,2569,2644,2786,2883,2959,2881,2784,2810,2963,3043,3018,3082,3142,3001,
1,3,4,5,8,11,15,25,34,39,49,54,73,93,124,144,212,271,337,412,522,636,785,943,1115,1295,1576,1862,2104,2356,2569,2828,3067,3246,3285,3473,3674,3542,3364,3244,2947,2610,2244,2030,1826,1679,1614,1534,1442,1392,1351,1311,1245,1244,1221,1214,1224,1241,1224,1130,1076,1077,1056,1072,1056,1096,1051,1044,1024,1026,939,947,928,944,983,1032,1065,1090,1097,1099,1113,1159,1137,1158,1098,1052,1065,1091,1131,1161,1187,1181,1241,1269,1258,1253,1273,1257,1223,1272,1293,1319,1272,1235,1186,1194,1168,1169,1223,1229,1224,1166,1159,1148,1096,1081,1088,1095,1092,1070,1058,1031,1022,1004,1009,1089,1168,1246,1329,1369,1562,1650,1777,1782,1846,1870,1956,2001,2022,2055,2054,2007,1922,1849,1843,1866,1887,1957,1921,1829,1772,1696,1588,1474,1441,1387,1350,1313,1311,1310,1374,1397,1422,1383,1329,1267,1213,1145,1138,1168,1232,1353,1404,1501,1505,1550,1576,1596,1697,1743,1877,2041,2124,2237,2400,2569,2644,2786,2883,2959,2881,2784,2810,2963,3043,3018,3082,3142,3001,
1,3,4,5,8,11,15,25,34,39,49,54,73,93,124,144,212,271,337,412,522,636,785,943,1115,1295,1576,1862,2104,2356,2569,2828,3067,3246,3285,3473,3674,3542,3364,3244,2947,2610,2244,2030,1826,1679,1614,1534,1442,1392,1351,1311,1245,1244,1221,1214,1224,1241,1224,1130,1076,1077,1056,1072,1056,1096,1051,1044,1024,1026,939,947,928,944,983,1032,1065,1090,1097,1099,1113,1159,1137,1158,1098,1052,1065,1091,1131,1161,1187,1181,1241,1269,1258,1253,1273,1257,1223,1272,1293,1319,1272,1235,1186,1194,1168,1169,1223,1229,1224,1166,1159,1148,1096,1081,1088,1095,1092,1070,1058,1031,1022,1004,1009,1089,1168,1246,1329,1369,1562,1650,1777,1782,1846,1870,1956,2001,2022,2055,2054,2007,1922,1849,1843,1866,1887,1957,1921,1829,1772,1696,1588,1474,1441,1387,1350,1313,1311,1310,1374,1397,1422,1383,1329,1267,1213,1145,1138,1168,1232,1353,1404,1501,1505,1550,1576,1596,1697,1743,1877,2041,2124,2237,2400,2569,2644,2786,2883,2959,2881,2784,2810,2963,3043,3018,3082,3142,3001,
1,3,7,9,12,16,22,25,39,41,49,61,77,99,133,185,246,324,423,553,678,814,1000,1264,1544,1799,2070,2429,2622,2841,3073,3260,3455,3587,3757,3909,3852,3851,3666,3487,3274,3086,2862,2597,2331,2053,1853,1665,1495,1372,1274,1184,1085,1053,985,961,924,878,853,823,845,857,863,853,852,890,897,959,997,1022,1061,1087,1108,1158,1113,1077,1085,1085,1090,1107,1089,1055,1103,1119,1146,1125,1108,1052,1021,1052,1068,1109,1111,1125,1171,1186,1131,1112,1047,996,992,1003,1016,981,940,875,850,839,818,765,764,746,748,757,796,823,833,846,848,850,868,857,902,941,1018,1074,1136,1207,1225,1337,1428,1529,1515,1603,1623,1626,1636,1602,1600,1579,1567,1600,1624,1581,1526,1454,1376,1322,1234,1193,1190,1169,1127,1101,1070,992,933,881,902,919,970,1017,1028,1017,1037,999,1046,1082,1115,1196,1221,1241,1228,1268,1288,1313,1282,1267,1253,1273,1324,1373,1382,1396,1517,1657,1789,1943,2067,2228,2317,2447,2500,2593,2635,2707,2812,2831,2843,
1,3,7,9,12,16,22,25,39,41,49,61,77,99,133,185,246,324,423,553,678,814,1000,1264,1544,1799,2070,2429,2622,2841,3073,3260,3455,3587,3757,3909,3852,3851,3666,3487,3274,3086,2862,2597,2331,2053,1853,1665,1495,1372,1274,1184,1085,1053,985,961,924,878,853,823,845,857,863,853,852,890,897,959,997,1022,1061,1087,1108,1158,1113,1077,1085,1085,1090,1107,1089,1055,1103,1119,1146,1125,1108,1052,1021,1052,1068,1109,1111,1125,1171,1186,1131,1112,1047,996,992,1003,1016,981,940,875,850,839,818,765,764,746,748,757,796,823,833,846,848,850,868,857,902,941,1018,1074,1136,1207,1225,1337,1428,1529,1515,1603,1623,1626,1636,1602,1600,1579,1567,1600,1624,1581,1526,1454,1376,1322,1234,1193,1190,1169,1127,1101,1070,992,933,881,902,919,970,1017,1028,1017,1037,999,1046,1082,1115,1196,1221,1241,1228,1268,1288,1313,1282,1267,1253,1273,1324,1373,1382,1396,1517,1657,1789,1943,2067,2228,2317,2447,2500,2593,2635,2707,2812,2831,2843,
1,4,6,8,10,13,16,24,36,45,57,74,95,130,180,236,285,361,410,513,605,746,945,1154,1389,1641,2097,2541,2873,3190,3370,3455,3586,3683,3668,3582,3452,3297,3119,2982,2729,2471,2172,1905,1676,1509,1366,1278,1196,1106,1070,1064,1036,1016,1023,986,970,934,902,902,892,911,967,1024,1125,1186,1248,1216,1207,1212,1188,1197,1130,1040,996,963,925,907,899,901,877,880,885,920,977,1014,1034,1075,1078,1083,1138,1142,1185,1175,1184,1153,1170,1151,1091,1031,997,992,1009,1003,1001,961,920,898,900,906,882,891,916,908,899,894,917,941,1019,1097,1130,1117,1140,1093,1082,1070,1076,1072,1072,1033,1005,945,943,905,872,877,869,883,890,858,829,803,806,820,811,828,868,875,885,895,898,921,929,911,892,920,941,1018,1133,1222,1335,1477,1533,1561,1587,1615,1657,1675,1765,1857,1927,2055,2119,2200,2246,2315,2394,2370,2355,2304,2289,2168,2167,2243,2304,2382,2486,2531,2691,2828,2803,2786,2848,2856,2894,2913,3106,3426,3774,
1,3,6,10,13,15,19,28,44,46,63,73,93,119,146,190,247,312,380,472,608,755,916,1182,1453,1701,2033,2326,2597,2833,3194,3214,3224,3430,3377,3229,3172,2992,2784,2605,2353,2166,1987,1851,1732,1633,1552,1467,1348,1321,1225,1186,1154,1126,1096,1098,1072,1069,1031,972,896,865,863,842,817,834,860,884,912,895,866,892,938,977,993,954,895,878,841,878,870,855,823,807,779,783,804,821,872,893,922,970,983,1016,1058,1097,1114,1126,1110,1068,1044,1025,1068,1151,1181,1196,1169,1174,1195,1240,1235,1191,1189,1203,1253,1288,1321,1358,1388,1394,1431,1435,1479,1406,1339,1252,1220,1194,1209,1224,1284,1300,1366,1357,1360,1430,1426,1414,1473,1474,1427,1381,1358,1354,1307,1316,1310,1323,1222,1227,1257,1214,1220,1235,1259,1258,1280,1302,1307,1318,1324,1363,1327,1296,1248,1208,1170,1133,1062,1047,1023,1012,1039,1057,1073,1105,1148,1205,1280,1350,1464,1521,1591,1638,1752,1862,2033,2137,2271,2316,2306,2321,2279,2250,2255,2135,2051,1962,1863,
1,3,4,5,7,12,20,27,40,46,51,71,102,109,117,164,216,289,368,481,596,744,905,1112,1374,1715,2111,2444,2804,3225,3466,3701,3846,3916,3741,3553,3309,3101,2855,2560,2350,2074,1952,1756,1496,1324,1135,963,846,805,730,747,778,814,834,782,779,806,836,819,829,801,767,739,736,716,717,735,747,802,799,845,852,866,903,962,1041,1132,1186,1247,1281,1295,1183,1115,1064,1080,1059,1035,1013,1052,1101,1102,1099,1120,1188,1200,1192,1147,1099,1068,1001,958,966,934,917,920,983,1051,1143,1151,1167,1239,1262,1300,1281,1309,1323,1258,1286,1313,1382,1443,1461,1534,1631,1696,1689,1632,1583,1557,1504,1514,1566,1668,1690,1679,1683,1692,1707,1755,1736,1742,1786,1768,1729,1729,1680,1633,1564,1507,1454,1353,1280,1269,1200,1253,1250,1247,1235,1254,1222,1230,1192,1168,1153,1202,1199,1224,1223,1323,1361,1439,1433,1459,1441,1535,1537,1627,1626,1687,1784,1934,2003,2089,2147,2161,2092,2096,2139,2198,2315,2461,2608,2752,2958,3206,3508,3766,4169,
1,3,5,4,8,11,19,27,43,45,51,77,114,131,177,206,266,333,412,523,597,726,889,998,1206,1475,1787,2064,2241,2366,2544,2784,2766,2819,2800,2835,2812,2741,2716,2528,2306,2220,2079,2069,1934,1728,1602,1475,1330,1269,1244,1216,1126,1049,1008,988,922,856,855,850,949,964,1003,1024,981,943,902,884,773,728,692,728,724,709,690,718,705,721,743,783,843,870,933,960,1009,1068,1093,1089,1024,986,959,941,951,946,895,905,862,827,770,748,735,716,708,687,723,729,779,851,872,888,929,961,952,939,925,945,945,931,940,1015,1059,1082,1133,1158,1208,1247,1295,1250,1233,1158,1074,1034,1010,1027,1028,1067,1094,1147,1135,1117,1064,1010,1010,980,943,962,907,894,857,841,800,839,817,856,827,765,739,738,754,759,749,779,827,882,935,962,941,918,892,853,858,881,911,984,1031,1109,1183,1245,1331,1429,1478,1580,1660,1833,1963,2076,2204,2360,2553,2597,2537,2476,2470,2623,2791,2949,3131,3314,3683,
1,2,5,6,11,12,19,31,43,49,58,69,85,116,131,155,203,277,361,498,656,851,1071,1339,1615,1962,2212,2438,2703,2917,3198,3304,3336,3314,3276,3210,3074,2763,2510,2286,2162,1969,1774,1512,1332,1187,1116,1098,1040,997,984,974,899,916,903,850,843,828,795,802,793,804,803,812,804,854,863,926,907,886,849,833,853,849,829,840,856,846,895,930,951,941,962,945,908,864,841,849,801,801,820,851,854,861,814,808,836,879,915,914,908,923,902,906,972,983,1035,1086,1081,1073,1084,1073,1086,1069,1106,1136,1174,1212,1315,1400,1464,1451,1522,1510,1481,1493,1398,1392,1409,1387,1368,1436,1376,1319,1270,1242,1215,1187,1124,1095,1091,1086,1085,1073,1000,924,856,807,800,803,751,704,666,626,590,591,604,647,670,702,716,748,769,819,866,974,1055,1151,1214,1303,1365,1294,1325,1353,1394,1440,1445,1427,1464,1458,1405,1372,1424,1474,1573,1656,1765,1895,1976,2096,2167,2243,2274,2324,2392,2519,2810,3052,3305,
1,3,5,6,11,13,17,22,32,41,48,59,78,93,133,151,182,234,307,404,479,564,732,904,1091,1308,1520,1804,2133,2550,2805,2912,3050,3171,3153,3079,3102,3231,3300,3263,3124,2964,2589,2174,1876,1644,1520,1392,1262,1159,1102,1056,1044,992,968,982,955,921,941,933,923,916,942,942,912,863,828,788,730,708,734,722,776,799,847,933,984,1043,1095,1122,1157,1133,1175,1165,1154,1069,997,927,887,830,786,792,796,780,749,765,762,770,742,730,708,706,678,641,651,594,611,614,621,623,638,666,684,726,767,802,878,906,946,1020,1064,1115,1113,1128,1179,1211,1262,1286,1327,1372,1376,1370,1366,1285,1308,1292,1324,1367,1380,1362,1313,1364,1364,1288,1300,1240,1176,1146,1081,1012,982,963,954,945,923,924,973,975,921,902,872,832,847,884,881,946,953,980,961,1002,1022,996,976,993,1020,1034,1091,1215,1297,1328,1388,1386,1466,1561,1588,1619,1693,1762,1865,1892,1969,1999,2103,2249,2376,2500,2650,2889,2952,
1,3,4,5,9,10,19,23,35,43,56,75,95,120,162,196,264,317,363,443,505,615,733,903,1143,1432,1662,1924,2190,2523,2751,3019,3248,3287,3118,2925,2958,2965,2953,2884,2877,2898,2746,2542,2420,2151,1892,1700,1567,1453,1363,1289,1230,1184,1103,1070,1074,1001,1021,1044,1015,1013,972,979,939,938,947,927,926,958,973,1051,1079,1128,1204,1203,1149,1146,1162,1160,1172,1186,1164,1173,1144,1145,1093,1009,894,905,901,899,909,845,847,867,876,928,970,1041,1114,1142,1137,1136,1095,1070,1070,1010,1005,1017,1042,1044,999,961,883,898,968,993,989,1037,1051,1065,1102,1100,1132,1153,1136,1144,1114,1133,1129,1151,1119,1111,1143,1228,1240,1243,1279,1313,1341,1252,1154,1067,992,916,863,819,791,773,776,774,783,783,776,747,800,828,872,912,930,969,980,1008,1111,1196,1278,1299,1313,1347,1390,1404,1416,1453,1380,1327,1301,1335,1321,1314,1296,1332,1412,1509,1638,1687,1720,1753,1835,1876,1947,2038,2215,2406,2542,2571,2404,2337,2290,
1,4,6,5,7,7,16,27,38,52,61,75,90,122,143,175,203,256,307,393,455,564,704,862,1088,1259,1516,1751,2014,2399,2732,3034,3375,3551,3598,3725,3620,3450,3242,3057,2765,2471,2172,1876,1577,1426,1268,1142,1032,979,910,866,803,805,803,806,823,817,818,825,839,861,839,883,866,889,897,923,920,945,956,1032,1048,1083,1080,1111,1132,1125,1126,1176,1208,1250,1290,1261,1243,1168,1145,1130,1123,1112,1075,1058,1037,1036,1012,963,940,912,896,924,885,859,901,944,968,987,1014,1093,1161,1191,1205,1204,1216,1254,1287,1355,1418,1463,1509,1587,1566,1533,1474,1444,1476,1484,1505,1523,1440,1449,1391,1374,1363,1377,1347,1345,1302,1259,1273,1324,1432,1509,1595,1563,1517,1485,1458,1416,1351,1319,1308,1300,1309,1273,1302,1385,1496,1490,1628,1668,1669,1683,1720,1687,1618,1587,1598,1583,1559,1532,1529,1465,1474,1511,1569,1632,1734,1777,1821,1879,1835,1815,1767,1789,1851,1804,1816,1837,1886,1949,2057,2055,2243,2596,2937,3182,3360,3484,3514,
1,3,5,8,8,10,15,26,36,45,48,67,74,83,105,135,187,231,299,394,526,646,807,1044,1295,1615,1845,2061,2224,2468,2549,2673,2766,2837,2920,2933,2898,2994,2922,2762,2567,2412,2188,1917,1736,1599,1441,1228,1081,964,897,872,844,806,826,773,752,759,739,732,775,811,805,827,871,891,945,1010,1084,1119,1126,1121,1134,1032,1004,971,941,933,908,968,1017,1038,1064,1090,1091,1101,1059,1075,1021,1062,1106,1160,1229,1209,1221,1177,1077,1020,962,940,944,958,972,976,967,951,992,1020,1100,1110,1057,1061,1002,970,946,948,934,885,855,880,925,979,1054,1090,1163,1233,1336,1370,1409,1437,1446,1409,1452,1488,1504,1522,1607,1626,1641,1631,1648,1704,1699,1661,1612,1567,1541,1445,1325,1302,1238,1143,1082,1013,921,819,741,705,666,680,674,690,678,672,656,634,633,677,704,704,732,730,710,704,763,870,940,1013,1132,1205,1379,1497,1640,1777,1942,2148,2353,2458,2600,2665,2711,2807,2935,2986,3141,3302,3541,3724,4096,
1,3,5,8,8,10,15,26,36,45,48,67,74,83,105,135,187,231,299,394,526,646,807,1044,1295,1615,1845,2061,2224,2468,2549,2673,2766,2837,2920,2933,2898,2994,2922,2762,2567,2412,2188,1917,1736,1599,1441,1228,1081,964,897,872,844,806,826,773,752,759,739,732,775,811,805,827,871,891,945,1010,1084,1119,1126,1121,1134,1032,1004,971,941,933,908,968,1017,1038,1064,1090,1091,1101,1059,1075,1021,1062,1106,1160,1229,1209,1221,1177,1077,1020,962,940,944,958,972,976,967,951,992,1020,1100,1110,1057,1061,1002,970,946,948,934,885,855,880,925,979,1054,1090,1163,1233,1336,1370,1409,1437,1446,1409,1452,1488,1504,1522,1607,1626,1641,1631,1648,1704,1699,1661,1612,1567,1541,1445,1325,1302,1238,1143,1082,1013,921,819,741,705,666,680,674,690,678,672,656,634,633,677,704,704,732,730,710,704,763,870,940,1013,1132,1205,1379,1497,1640,1777,1942,2148,2353,2458,2600,2665,2711,2807,2935,2986,3141,3302,3541,3724,4096,
1,3,5,8,8,10,15,26,36,45,48,67,74,83,105,135,187,231,299,394,526,646,807,1044,1295,1615,1845,2061,2224,2468,2549,2673,2766,2837,2920,2933,2898,2994,2922,2762,2567,2412,2188,1917,1736,1599,1441,1228,1081,964,897,872,844,806,826,773,752,759,739,732,775,811,805,827,871,891,945,1010,1084,1119,1126,1121,1134,1032,1004,971,941,933,908,968,1017,1038,1064,1090,1091,1101,1059,1075,1021,1062,1106,1160,1229,1209,1221,1177,1077,1020,962,940,944,958,972,976,967,951,992,1020,1100,1110,1057,1061,1002,970,946,948,934,885,855,880,925,979,1054,1090,1163,1233,1336,1370,1409,1437,1446,1409,1452,1488,1504,1522,1607,1626,1641,1631,1648,1704,1699,1661,1612,1567,1541,1445,1325,1302,1238,1143,1082,1013,921,819,741,705,666,680,674,690,678,672,656,634,633,677,704,704,732,730,710,704,763,870,940,1013,1132,1205,1379,1497,1640,1777,1942,2148,2353,2458,2600,2665,2711,2807,2935,2986,3141,3302,3541,3724,4096,
1,3,5,8,8,10,15,26,36,45,48,67,74,83,105,135,187,231,299,394,526,646,807,1044,1295,1615,1845,2061,2224,2468,2549,2673,2766,2837,2920,2933,2898,2994,2922,2762,2567,2412,2188,1917,1736,1599,1441,1228,1081,964,897,872,844,806,826,773,752,759,739,732,775,811,805,827,871,891,945,1010,1084,1119,1126,1121,1134,1032,1004,971,941,933,908,968,1017,1038,1064,1090,1091,1101,1059,1075,1021,1062,1106,1160,1229,1209,1221,1177,1077,1020,962,940,944,958,972,976,967,951,992,1020,1100,1110,1057,1061,1002,970,946,948,934,885,855,880,925,979,1054,1090,1163,1233,1336,1370,1409,1437,1446,1409,1452,1488,1504,1522,1607,1626,1641,1631,1648,1704,1699,1661,1612,1567,1541,1445,1325,1302,1238,1143,1082,1013,921,819,741,705,666,680,674,690,678,672,656,634,633,677,704,704,732,730,710,704,763,870,940,1013,1132,1205,1379,1497,1640,1777,1942,2148,2353,2458,2600,2665,2711,2807,2935,2986,3141,3302,3541,3724,4096,
1,3,5,8,8,10,15,26,36,45,48,67,74,83,105,135,187,231,299,394,526,646,807,1044,1295,1615,1845,2061,2224,2468,2549,2673,2766,2837,2920,2933,2898,2994,2922,2762,2567,2412,2188,1917,1736,1599,1441,1228,1081,964,897,872,844,806,826,773,752,759,739,732,775,811,805,827,871,891,945,1010,1084,1119,1126,1121,1134,1032,1004,971,941,933,908,968,1017,1038,1064,1090,1091,1101,1059,1075,1021,1062,1106,1160,1229,1209,1221,1177,1077,1020,962,940,944,958,972,976,967,951,992,1020,1100,1110,1057,1061,1002,970,946,948,934,885,855,880,925,979,1054,1090,1163,1233,1336,1370,1409,1437,1446,1409,1452,1488,1504,1522,1607,1626,1641,1631,1648,1704,1699,1661,1612,1567,1541,1445,1325,1302,1238,1143,1082,1013,921,819,741,705,666,680,674,690,678,672,656,634,633,677,704,704,732,730,710,704,763,870,940,1013,1132,1205,1379,1497,1640,1777,1942,2148,2353,2458,2600,2665,2711,2807,2935,2986,3141,3302,3541,3724,4096,
1,3,5,8,8,10,15,26,36,45,48,67,74,83,105,135,187,231,299,394,526,646,807,1044,1295,1615,1845,2061,2224,2468,2549,2673,2766,2837,2920,2933,2898,2994,2922,2762,2567,2412,2188,1917,1736,1599,1441,1228,1081,964,897,872,844,806,826,773,752,759,739,732,775,811,805,827,871,891,945,1010,1084,1119,1126,1121,1134,1032,1004,971,941,933,908,968,1017,1038,1064,1090,1091,1101,1059,1075,1021,1062,1106,1160,1229,1209,1221,1177,1077,1020,962,940,944,958,972,976,967,951,992,1020,1100,1110,1057,1061,1002,970,946,948,934,885,855,880,925,979,1054,1090,1163,1233,1336,1370,1409,1437,1446,1409,1452,1488,1504,1522,1607,1626,1641,1631,1648,1704,1699,1661,1612,1567,1541,1445,1325,1302,1238,1143,1082,1013,921,819,741,705,666,680,674,690,678,672,656,634,633,677,704,704,732,730,710,704,763,870,940,1013,1132,1205,1379,1497,1640,1777,1942,2148,2353,2458,2600,2665,2711,2807,2935,2986,3141,3302,3541,3724,4096,
1,3,5,8,8,10,15,26,36,45,48,67,74,83,105,135,187,231,299,394,526,646,807,1044,1295,1615,1845,2061,2224,2468,2549,2673,2766,2837,2920,2933,2898,2994,2922,2762,2567,2412,2188,1917,1736,1599,1441,1228,1081,964,897,872,844,806,826,773,752,759,739,732,775,811,805,827,871,891,945,1010,1084,1119,1126,1121,1134,1032,1004,971,941,933,908,968,1017,1038,1064,1090,1091,1101,1059,1075,1021,1062,1106,1160,1229,1209,1221,1177,1077,1020,962,940,944,958,972,976,967,951,992,1020,1100,1110,1057,1061,1002,970,946,948,934,885,855,880,925,979,1054,1090,1163,1233,1336,1370,1409,1437,1446,1409,1452,1488,1504,1522,1607,1626,1641,1631,1648,1704,1699,1661,1612,1567,1541,1445,1325,1302,1238,1143,1082,1013,921,819,741,705,666,680,674,690,678,672,656,634,633,677,704,704,732,730,710,704,763,870,940,1013,1132,1205,1379,1497,1640,1777,1942,2148,2353,2458,2600,2665,2711,2807,2935,2986,3141,3302,3541,3724,4096,
1,3,5,8,8,10,15,26,36,45,48,67,74,83,105,135,187,231,299,394,526,646,807,1044,1295,1615,1845,2061,2224,2468,2549,2673,2766,2837,2920,2933,2898,2994,2922,2762,2567,2412,2188,1917,1736,1599,1441,1228,1081,964,897,872,844,806,826,773,752,759,739,732,775,811,805,827,871,891,945,1010,1084,1119,1126,1121,1134,1032,1004,971,941,933,908,968,1017,1038,1064,1090,1091,1101,1059,1075,1021,1062,1106,1160,1229,1209,1221,1177,1077,1020,962,940,944,958,972,976,967,951,992,1020,1100,1110,1057,1061,1002,970,946,948,934,885,855,880,925,979,1054,1090,1163,1233,1336,1370,1409,1437,1446,1409,1452,1488,1504,1522,1607,1626,1641,1631,1648,1704,1699,1661,1612,1567,1541,1445,1325,1302,1238,1143,1082,1013,921,819,741,705,666,680,674,690,678,672,656,634,633,677,704,704,732,730,710,704,763,870,940,1013,1132,1205,1379,1497,1640,1777,1942,2148,2353,2458,2600,2665,2711,2807,2935,2986,3141,3302,3541,3724,4096,
1,3,5,8,8,10,15,26,36,45,48,67,74,83,105,135,187,231,299,394,526,646,807,1044,1295,1615,1845,2061,2224,2468,2549,2673,2766,2837,2920,2933,2898,2994,2922,2762,2567,2412,2188,1917,1736,1599,1441,1228,1081,964,897,872,844,806,826,773,752,759,739,732,775,811,805,827,871,891,945,1010,1084,1119,1126,1121,1134,1032,1004,971,941,933,908,968,1017,1038,1064,1090,1091,1101,1059,1075,1021,1062,1106,1160,1229,1209,1221,1177,1077,1020,962,940,944,958,972,976,967,951,992,1020,1100,1110,1057,1061,1002,970,946,948,934,885,855,880,925,979,1054,1090,1163,1233,1336,1370,1409,1437,1446,1409,1452,1488,1504,1522,1607,1626,1641,1631,1648,1704,1699,1661,1612,1567,1541,1445,1325,1302,1238,1143,1082,1013,921,819,741,705,666,680,674,690,678,672,656,634,633,677,704,704,732,730,710,704,763,870,940,1013,1132,1205,1379,1497,1640,1777,1942,2148,2353,2458,2600,2665,2711,2807,2935,2986,3141,3302,3541,3724,4096,
1,3,5,8,8,10,15,26,36,45,48,67,74,83,105,135,187,231,299,394,526,646,807,1044,1295,1615,1845,2061,2224,2468,2549,2673,2766,2837,2920,2933,2898,2994,2922,2762,2567,2412,2188,1917,1736,1599,1441,1228,1081,964,897,872,844,806,826,773,752,759,739,732,775,811,805,827,871,891,945,1010,1084,1119,1126,1121,1134,1032,1004,971,941,933,908,968,1017,1038,1064,1090,1091,1101,1059,1075,1021,1062,1106,1160,1229,1209,1221,1177,1077,1020,962,940,944,958,972,976,967,951,992,1020,1100,1110,1057,1061,1002,970,946,948,934,885,855,880,925,979,1054,1090,1163,1233,1336,1370,1409,1437,1446,1409,1452,1488,1504,1522,1607,1626,1641,1631,1648,1704,1699,1661,1612,1567,1541,1445,1325,1302,1238,1143,1082,1013,921,819,741,705,666,680,674,690,678,672,656,634,633,677,704,704,732,730,710,704,763,870,940,1013,1132,1205,1379,1497,1640,1777,1942,2148,2353,2458,2600,2665,2711,2807,2935,2986,3141,3302,3541,3724,4096,
1,2,5,7,9,17,19,28,39,38,48,52,63,78,119,152,188,242,319,404,514,617,748,918,1081,1364,1584,2026,2472,2958,3478,3876,4056,3982,3771,3522,3225,2917,2570,2267,1960,1698,1543,1383,1234,1124,1021,992,909,849,798,746,738,681,658,659,647,693,686,677,698,729,762,784,825,875,873,874,928,965,1010,1033,1013,1039,1037,1032,1113,1133,1158,1163,1216,1195,1199,1191,1205,1226,1273,1209,1143,1131,1163,1258,1360,1427,1440,1348,1300,1269,1266,1265,1230,1201,1167,1168,1125,1101,1079,1092,1092,1139,1172,1213,1232,1263,1267,1301,1312,1355,1394,1383,1356,1321,1278,1283,1334,1348,1374,1427,1457,1404,1384,1360,1387,1411,1466,1463,1375,1368,1385,1379,1333,1390,1345,1341,1293,1271,1199,1178,1154,1198,1219,1243,1229,1239,1258,1230,1267,1315,1302,1329,1380,1363,1369,1376,1394,1357,1325,1284,1199,1170,1126,1086,1068,1109,1103,1162,1177,1217,1270,1373,1445,1527,1650,1786,1942,2074,2297,2521,2559,2663,2820,2878,2895,2809,2737,2628,2444,2355,2264,
1,2,5,7,9,17,19,28,39,38,48,52,63,78,119,152,188,242,319,404,514,617,748,918,1081,1364,1584,2026,2472,2958,3478,3876,4056,3982,3771,3522,3225,2917,2570,2267,1960,1698,1543,1383,1234,1124,1021,992,909,849,798,746,738,681,658,659,647,693,686,677,698,729,762,784,825,875,873,874,928,965,1010,1033,1013,1039,1037,1032,1113,1133,1158,1163,1216,1195,1199,1191,1205,1226,1273,1209,1143,1131,1163,1258,1360,1427,1440,1348,1300,1269,1266,1265,1230,1201,1167,1168,1125,1101,1079,1092,1092,1139,1172,1213,1232,1263,1267,1301,1312,1355,1394,1383,1356,1321,1278,1283,1334,1348,1374,1427,1457,1404,1384,1360,1387,1411,1466,1463,1375,1368,1385,1379,1333,1390,1345,1341,1293,1271,1199,1178,1154,1198,1219,1243,1229,1239,1258,1230,1267,1315,1302,1329,1380,1363,1369,1376,1394,1357,1325,1284,1199,1170,1126,1086,1068,1109,1103,1162,1177,1217,1270,1373,1445,1527,1650,1786,1942,2074,2297,2521,2559,2663,2820,2878,2895,2809,2737,2628,2444,2355,2264,
1,2,5,7,9,17,19,28,39,38,48,52,63,78,119,152,188,242,319,404,514,617,748,918,1081,1364,1584,2026,2472,2958,3478,3876,4056,3982,3771,3522,3225,2917,2570,2267,1960,1698,1543,1383,1234,1124,1021,992,909,849,798,746,738,681,658,659,647,693,686,677,698,729,762,784,825,875,873,874,928,965,1010,1033,1013,1039,1037,1032,1113,1133,1158,1163,1216,1195,1199,1191,1205,1226,1273,1209,1143,1131,1163,1258,1360,1427,1440,1348,1300,1269,1266,1265,1230,1201,1167,1168,1125,1101,1079,1092,1092,1139,1172,1213,1232,1263,1267,1301,1312,1355,1394,1383,1356,1321,1278,1283,1334,1348,1374,1427,1457,1404,1384,1360,1387,1411,1466,1463,1375,1368,1385,1379,1333,1390,1345,1341,1293,1271,1199,1178,1154,1198,1219,1243,1229,1239,1258,1230,1267,1315,1302,1329,1380,1363,1369,1376,1394,1357,1325,1284,1199,1170,1126,1086,1068,1109,1103,1162,1177,1217,1270,1373,1445,1527,1650,1786,1942,2074,2297,2521,2559,2663,2820,2878,2895,2809,2737,2628,2444,2355,2264,
1,2,5,7,9,17,19,28,39,38,48,52,63,78,119,152,188,242,319,404,514,617,748,918,1081,1364,1584,2026,2472,2958,3478,3876,4056,3982,3771,3522,3225,2917,2570,2267,1960,1698,1543,1383,1234,1124,1021,992,909,849,798,746,738,681,658,659,647,693,686,677,698,729,762,784,825,875,873,874,928,965,1010,1033,1013,1039,1037,1032,1113,1133,1158,1163,1216,1195,1199,1191,1205,1226,1273,1209,1143,1131,1163,1258,1360,1427,1440,1348,1300,1269,1266,1265,1230,1201,1167,1168,1125,1101,1079,1092,1092,1139,1172,1213,1232,1263,1267,1301,1312,1355,1394,1383,1356,1321,1278,1283,1334,1348,1374,1427,1457,1404,1384,1360,1387,1411,1466,1463,1375,1368,1385,1379,1333,1390,1345,1341,1293,1271,1199,1178,1154,1198,1219,1243,1229,1239,1258,1230,1267,1315,1302,1329,1380,1363,1369,1376,1394,1357,1325,1284,1199,1170,1126,1086,1068,1109,1103,1162,1177,1217,1270,1373,1445,1527,1650,1786,1942,2074,2297,2521,2559,2663,2820,2878,2895,2809,2737,2628,2444,2355,2264,
1,2,5,7,9,17,19,28,39,38,48,52,63,78,119,152,188,242,319,404,514,617,748,918,1081,1364,1584,2026,2472,2958,3478,3876,4056,3982,3771,3522,3225,2917,2570,2267,1960,1698,1543,1383,1234,1124,1021,992,909,849,798,746,738,681,658,659,647,693,686,677,698,729,762,784,825,875,873,874,928,965,1010,1033,1013,1039,1037,1032,1113,1133,1158,1163,1216,1195,1199,1191,1205,1226,1273,1209,1143,1131,1163,1258,1360,1427,1440,1348,1300,1269,1266,1265,1230,1201,1167,1168,1125,1101,1079,1092,1092,1139,1172,1213,1232,1263,1267,1301,1312,1355,1394,1383,1356,1321,1278,1283,1334,1348,1374,1427,1457,1404,1384,1360,1387,1411,1466,1463,1375,1368,1385,1379,1333,1390,1345,1341,1293,1271,1199,1178,1154,1198,1219,1243,1229,1239,1258,1230,1267,1315,1302,1329,1380,1363,1369,1376,1394,1357,1325,1284,1199,1170,1126,1086,1068,1109,1103,1162,1177,1217,1270,1373,1445,1527,1650,1786,1942,2074,2297,2521,2559,2663,2820,2878,2895,2809,2737,2628,2444,2355,2264,
1,2,5,7,9,17,19,28,39,38,48,52,63,78,119,152,188,242,319,404,514,617,748,918,1081,1364,1584,2026,2472,2958,3478,3876,4056,3982,3771,3522,3225,2917,2570,2267,1960,1698,1543,1383,1234,1124,1021,992,909,849,798,746,738,681,658,659,647,693,686,677,698,729,762,784,825,875,873,874,928,965,1010,1033,1013,1039,1037,1032,1113,1133,1158,1163,1216,1195,1199,1191,1205,1226,1273,1209,1143,1131,1163,1258,1360,1427,1440,1348,1300,1269,1266,1265,1230,1201,1167,1168,1125,1101,1079,1092,1092,1139,1172,1213,1232,1263,1267,1301,1312,1355,1394,1383,1356,1321,1278,1283,1334,1348,1374,1427,1457,1404,1384,1360,1387,1411,1466,1463,1375,1368,1385,1379,1333,1390,1345,1341,1293,1271,1199,1178,1154,1198,1219,1243,1229,1239,1258,1230,1267,1315,1302,1329,1380,1363,1369,1376,1394,1357,1325,1284,1199,1170,1126,1086,1068,1109,1103,1162,1177,1217,1270,1373,1445,1527,1650,1786,1942,2074,2297,2521,2559,2663,2820,2878,2895,2809,2737,2628,2444,2355,2264,
1,2,5,7,9,17,19,28,39,38,48,52,63,78,119,152,188,242,319,404,514,617,748,918,1081,1364,1584,2026,2472,2958,3478,3876,4056,3982,3771,3522,3225,2917,2570,2267,1960,1698,1543,1383,1234,1124,1021,992,909,849,798,746,738,681,658,659,647,693,686,677,698,729,762,784,825,875,873,874,928,965,1010,1033,1013,1039,1037,1032,1113,1133,1158,1163,1216,1195,1199,1191,1205,1226,1273,1209,1143,1131,1163,1258,1360,1427,1440,1348,1300,1269,1266,1265,1230,1201,1167,1168,1125,1101,1079,1092,1092,1139,1172,1213,1232,1263,1267,1301,1312,1355,1394,1383,1356,1321,1278,1283,1334,1348,1374,1427,1457,1404,1384,1360,1387,1411,1466,1463,1375,1368,1385,1379,1333,1390,1345,1341,1293,1271,1199,1178,1154,1198,1219,1243,1229,1239,1258,1230,1267,1315,1302,1329,1380,1363,1369,1376,1394,1357,1325,1284,1199,1170,1126,1086,1068,1109,1103,1162,1177,1217,1270,1373,1445,1527,1650,1786,1942,2074,2297,2521,2559,2663,2820,2878,2895,2809,2737,2628,2444,2355,2264,
1,6,6,7,8,9,11,18,32,47,55,70,88,109,153,212,264,314,397,498,618,746,974,1205,1401,1675,1936,2216,2425,2732,2961,3216,3365,3454,3546,3412,3446,3354,3187,2999,2765,2538,2341,2068,1800,1529,1295,1062,848,741,654,607,595,583,576,559,573,626,706,738,758,799,825,829,781,796,844,836,867,816,767,762,717,691,726,723,764,812,875,918,974,997,1029,1055,1159,1214,1219,1265,1244,1274,1293,1255,1253,1227,1189,1185,1144,1148,1112,1113,1092,1090,1062,977,952,934,909,936,919,915,941,916,891,891,901,963,1052,1091,1100,1145,1137,1143,1109,1151,1159,1188,1260,1270,1230,1178,1148,1149,1152,1168,1207,1251,1323,1391,1485,1542,1532,1520,1512,1451,1320,1227,1146,1108,1056,1022,964,870,812,804,742,735,723,763,787,784,818,861,860,908,884,921,945,978,1035,1100,1115,1147,1092,1076,1037,1024,985,1009,1036,1092,1172,1193,1265,1369,1483,1649,1811,1903,2048,2219,2414,2471,2546,2616,2636,2663,2694,2764,2759,
1,3,6,4,7,8,13,18,31,42,46,62,72,103,122,150,200,266,356,421,497,585,721,865,989,1111,1288,1530,1728,1947,2128,2275,2481,2652,2790,2810,2810,2746,2533,2349,2322,2244,2010,1854,1671,1494,1312,1157,994,883,833,809,758,733,704,697,685,723,731,716,710,724,791,795,794,830,820,773,742,715,671,682,665,636,619,608,586,580,544,546,546,573,556,579,597,591,601,590,624,670,700,735,858,901,891,869,886,893,903,915,926,909,878,861,841,838,821,864,864,902,906,905,907,933,958,983,1030,1032,1018,1062,1048,1053,1049,1031,1018,1021,1020,1070,1130,1185,1275,1364,1464,1533,1601,1611,1631,1586,1493,1454,1371,1252,1154,1090,1033,1002,930,927,907,882,855,867,817,794,788,788,796,823,816,847,888,883,867,857,835,838,876,900,921,949,935,949,993,987,998,1033,1038,1122,1142,1176,1178,1152,1215,1254,1249,1335,1456,1591,1787,1982,2097,2338,2519,2652,2807,2990,3184,3536,3876,
1,3,5,6,9,21,26,33,47,52,65,78,97,110,139,177,251,312,374,429,509,581,713,870,985,1236,1474,1713,1910,2129,2349,2604,2732,2857,2900,2793,2682,2548,2433,2354,2246,2107,1878,1640,1475,1297,1191,1133,1142,1134,1083,1084,1064,1026,997,968,927,919,901,932,976,965,960,983,969,943,932,941,928,922,952,961,952,968,946,933,934,939,908,856,890,889,887,910,923,948,946,978,1039,1072,1085,1062,1062,1070,1105,1091,1082,1098,1087,1080,1046,1018,1009,1025,1040,1062,1119,1141,1170,1137,1122,1079,1074,1033,1042,1057,1045,1012,967,972,976,924,933,954,981,1019,1068,1097,1128,1139,1142,1202,1223,1254,1341,1420,1460,1465,1355,1282,1215,1126,1047,995,936,871,753,679,613,582,588,553,520,549,575,600,625,658,688,773,851,891,918,989,1046,1041,1052,1046,1028,1019,949,918,854,872,916,905,936,946,982,1021,1115,1230,1318,1384,1488,1519,1494,1560,1542,1581,1642,1743,1760,1761,1789,1769,1812,1767,1698,
1,4,6,7,9,11,17,29,33,36,48,57,72,85,107,144,192,252,324,416,506,547,628,752,844,939,1059,1167,1253,1351,1494,1661,1773,1931,2044,2124,2073,2042,2028,1944,1857,1753,1609,1492,1383,1251,1155,1034,1006,1000,979,966,951,928,916,914,893,816,777,753,719,671,658,644,670,680,706,725,740,749,732,736,759,738,716,703,737,733,761,748,753,721,724,723,744,737,714,736,737,746,761,765,757,770,765,808,818,859,927,910,930,920,943,918,945,948,965,979,1044,1045,1066,1078,1133,1185,1215,1222,1190,1128,1052,1003,916,854,812,813,795,778,832,868,869,905,986,1050,1070,1057,1067,1044,1049,1027,1024,1002,995,951,905,866,845,798,769,764,774,794,767,755,748,765,773,729,701,661,648,652,677,689,703,713,726,693,666,664,682,703,697,727,751,787,833,885,914,927,956,999,1031,1055,1113,1170,1282,1400,1547,1732,1766,1919,2022,2077,2127,2273,2354,2402,2453,2512,2588,
1,4,6,7,9,11,17,29,33,36,48,57,72,85,107,144,192,252,324,416,506,547,628,752,844,939,1059,1167,1253,1351,1494,1661,1773,1931,2044,2124,2073,2042,2028,1944,1857,1753,1609,1492,1383,1251,1155,1034,1006,1000,979,966,951,928,916,914,893,816,777,753,719,671,658,644,670,680,706,725,740,749,732,736,759,738,716,703,737,733,761,748,753,721,724,723,744,737,714,736,737,746,761,765,757,770,765,808,818,859,927,910,930,920,943,918,945,948,965,979,1044,1045,1066,1078,1133,1185,1215,1222,1190,1128,1052,1003,916,854,812,813,795,778,832,868,869,905,986,1050,1070,1057,1067,1044,1049,1027,1024,1002,995,951,905,866,845,798,769,764,774,794,767,755,748,765,773,729,701,661,648,652,677,689,703,713,726,693,666,664,682,703,697,727,751,787,833,885,914,927,956,999,1031,1055,1113,1170,1282,1400,1547,1732,1766,1919,2022,2077,2127,2273,2354,2402,2453,2512,2588,
1,4,6,7,9,11,17,29,33,36,48,57,72,85,107,144,192,252,324,416,506,547,628,752,844,939,1059,1167,1253,1351,1494,1661,1773,1931,2044,2124,2073,2042,2028,1944,1857,1753,1609,1492,1383,1251,1155,1034,1006,1000,979,966,951,928,916,914,893,816,777,753,719,671,658,644,670,680,706,725,740,749,732,736,759,738,716,703,737,733,761,748,753,721,724,723,744,737,714,736,737,746,761,765,757,770,765,808,818,859,927,910,930,920,943,918,945,948,965,979,1044,1045,1066,1078,1133,1185,1215,1222,1190,1128,1052,1003,916,854,812,813,795,778,832,868,869,905,986,1050,1070,1057,1067,1044,1049,1027,1024,1002,995,951,905,866,845,798,769,764,774,794,767,755,748,765,773,729,701,661,648,652,677,689,703,713,726,693,666,664,682,703,697,727,751,787,833,885,914,927,956,999,1031,1055,1113,1170,1282,1400,1547,1732,1766,1919,2022,2077,2127,2273,2354,2402,2453,2512,2588,
1,4,6,7,9,11,17,29,33,36,48,57,72,85,107,144,192,252,324,416,506,547,628,752,844,939,1059,1167,1253,1351,1494,1661,1773,1931,2044,2124,2073,2042,2028,1944,1857,1753,1609,1492,1383,1251,1155,1034,1006,1000,979,966,951,928,916,914,893,816,777,753,719,671,658,644,670,680,706,725,740,749,732,736,759,738,716,703,737,733,761,748,753,721,724,723,744,737,714,736,737,746,761,765,757,770,765,808,818,859,927,910,930,920,943,918,945,948,965,979,1044,1045,1066,1078,1133,1185,1215,1222,1190,1128,1052,1003,916,854,812,813,795,778,832,868,869,905,986,1050,1070,1057,1067,1044,1049,1027,1024,1002,995,951,905,866,845,798,769,764,774,794,767,755,748,765,773,729,701,661,648,652,677,689,703,713,726,693,666,664,682,703,697,727,751,787,833,885,914,927,956,999,1031,1055,1113,1170,1282,1400,1547,1732,1766,1919,2022,2077,2127,2273,2354,2402,2453,2512,2588,
1,4,6,7,9,11,17,29,33,36,48,57,72,85,107,144,192,252,324,416,506,547,628,752,844,939,1059,1167,1253,1351,1494,1661,1773,1931,2044,2124,2073,2042,2028,1944,1857,1753,1609,1492,1383,1251,1155,1034,1006,1000,979,966,951,928,916,914,893,816,777,753,719,671,658,644,670,680,706,725,740,749,732,736,759,738,716,703,737,733,761,748,753,721,724,723,744,737,714,736,737,746,761,765,757,770,765,808,818,859,927,910,930,920,943,918,945,948,965,979,1044,1045,1066,1078,1133,1185,1215,1222,1190,1128,1052,1003,916,854,812,813,795,778,832,868,869,905,986,1050,1070,1057,1067,1044,1049,1027,1024,1002,995,951,905,866,845,798,769,764,774,794,767,755,748,765,773,729,701,661,648,652,677,689,703,713,726,693,666,664,682,703,697,727,751,787,833,885,914,927,956,999,1031,1055,1113,1170,1282,1400,1547,1732,1766,1919,2022,2077,2127,2273,2354,2402,2453,2512,2588,
1,4,6,7,9,11,17,29,33,36,48,57,72,85,107,144,192,252,324,416,506,547,628,752,844,939,1059,1167,1253,1351,1494,1661,1773,1931,2044,2124,2073,2042,2028,1944,1857,1753,1609,1492,1383,1251,1155,1034,1006,1000,979,966,951,928,916,914,893,816,777,753,719,671,658,644,670,680,706,725,740,749,732,736,759,738,716,703,737,733,761,748,753,721,724,723,744,737,714,736,737,746,761,765,757,770,765,808,818,859,927,910,930,920,943,918,945,948,965,979,1044,1045,1066,1078,1133,1185,1215,1222,1190,1128,1052,1003,916,854,812,813,795,778,832,868,869,905,986,1050,1070,1057,1067,1044,1049,1027,1024,1002,995,951,905,866,845,798,769,764,774,794,767,755,748,765,773,729,701,661,648,652,677,689,703,713,726,693,666,664,682,703,697,727,751,787,833,885,914,927,956,999,1031,1055,1113,1170,1282,1400,1547,1732,1766,1919,2022,2077,2127,2273,2354,2402,2453,2512,2588,
1,4,6,7,9,11,17,29,33,36,48,57,72,85,107,144,192,252,324,416,506,547,628,752,844,939,1059,1167,1253,1351,1494,1661,1773,1931,2044,2124,2073,2042,2028,1944,1857,1753,1609,1492,1383,1251,1155,1034,1006,1000,979,966,951,928,916,914,893,816,777,753,719,671,658,644,670,680,706,725,740,749,732,736,759,738,716,703,737,733,761,748,753,721,724,723,744,737,714,736,737,746,761,765,757,770,765,808,818,859,927,910,930,920,943,918,945,948,965,979,1044,1045,1066,1078,1133,1185,1215,1222,1190,1128,1052,1003,916,854,812,813,795,778,832,868,869,905,986,1050,1070,1057,1067,1044,1049,1027,1024,1002,995,951,905,866,845,798,769,764,774,794,767,755,748,765,773,729,701,661,648,652,677,689,703,713,726,693,666,664,682,703,697,727,751,787,833,885,914,927,956,999,1031,1055,1113,1170,1282,1400,1547,1732,1766,1919,2022,2077,2127,2273,2354,2402,2453,2512,2588,
1,4,6,7,9,11,17,29,33,36,48,57,72,85,107,144,192,252,324,416,506,547,628,752,844,939,1059,1167,1253,1351,1494,1661,1773,1931,2044,2124,2073,2042,2028,1944,1857,1753,1609,1492,1383,1251,1155,1034,1006,1000,979,966,951,928,916,914,893,816,777,753,719,671,658,644,670,680,706,725,740,749,732,736,759,738,716,703,737,733,761,748,753,721,724,723,744,737,714,736,737,746,761,765,757,770,765,808,818,859,927,910,930,920,943,918,945,948,965,979,1044,1045,1066,1078,1133,1185,1215,1222,1190,1128,1052,1003,916,854,812,813,795,778,832,868,869,905,986,1050,1070,1057,1067,1044,1049,1027,1024,1002,995,951,905,866,845,798,769,764,774,794,767,755,748,765,773,729,701,661,648,652,677,689,703,713,726,693,666,664,682,703,697,727,751,787,833,885,914,927,956,999,1031,1055,1113,1170,1282,1400,1547,1732,1766,1919,2022,2077,2127,2273,2354,2402,2453,2512,2588,
1,4,6,7,9,11,17,29,33,36,48,57,72,85,107,144,192,252,324,416,506,547,628,752,844,939,1059,1167,1253,1351,1494,1661,1773,1931,2044,2124,2073,2042,2028,1944,1857,1753,1609,1492,1383,1251,1155,1034,1006,1000,979,966,951,928,916,914,893,816,777,753,719,671,658,644,670,680,706,725,740,749,732,736,759,738,716,703,737,733,761,748,753,721,724,723,744,737,714,736,737,746,761,765,757,770,765,808,818,859,927,910,930,920,943,918,945,948,965,979,1044,1045,1066,1078,1133,1185,1215,1222,1190,1128,1052,1003,916,854,812,813,795,778,832,868,869,905,986,1050,1070,1057,1067,1044,1049,1027,1024,1002,995,951,905,866,845,798,769,764,774,794,767,755,748,765,773,729,701,661,648,652,677,689,703,713,726,693,666,664,682,703,697,727,751,787,833,885,914,927,956,999,1031,1055,1113,1170,1282,1400,1547,1732,1766,1919,2022,2077,2127,2273,2354,2402,2453,2512,2588,
1,4,6,7,9,11,17,29,33,36,48,57,72,85,107,144,192,252,324,416,506,547,628,752,844,939,1059,1167,1253,1351,1494,1661,1773,1931,2044,2124,2073,2042,2028,1944,1857,1753,1609,1492,1383,1251,1155,1034,1006,1000,979,966,951,928,916,914,893,816,777,753,719,671,658,644,670,680,706,725,740,749,732,736,759,738,716,703,737,733,761,748,753,721,724,723,744,737,714,736,737,746,761,765,757,770,765,808,818,859,927,910,930,920,943,918,945,948,965,979,1044,1045,1066,1078,1133,1185,1215,1222,1190,1128,1052,1003,916,854,812,813,795,778,832,868,869,905,986,1050,1070,1057,1067,1044,1049,1027,1024,1002,995,951,905,866,845,798,769,764,774,794,767,755,748,765,773,729,701,661,648,652,677,689,703,713,726,693,666,664,682,703,697,727,751,787,833,885,914,927,956,999,1031,1055,1113,1170,1282,1400,1547,1732,1766,1919,2022,2077,2127,2273,2354,2402,2453,2512,2588,
1,4,6,7,9,11,17,29,33,36,48,57,72,85,107,144,192,252,324,416,506,547,628,752,844,939,1059,1167,1253,1351,1494,1661,1773,1931,2044,2124,2073,2042,2028,1944,1857,1753,1609,1492,1383,1251,1155,1034,1006,1000,979,966,951,928,916,914,893,816,777,753,719,671,658,644,670,680,706,725,740,749,732,736,759,738,716,703,737,733,761,748,753,721,724,723,744,737,714,736,737,746,761,765,757,770,765,808,818,859,927,910,930,920,943,918,945,948,965,979,1044,1045,1066,1078,1133,1185,1215,1222,1190,1128,1052,1003,916,854,812,813,795,778,832,868,869,905,986,1050,1070,1057,1067,1044,1049,1027,1024,1002,995,951,905,866,845,798,769,764,774,794,767,755,748,765,773,729,701,661,648,652,677,689,703,713,726,693,666,664,682,703,697,727,751,787,833,885,914,927,956,999,1031,1055,1113,1170,1282,1400,1547,1732,1766,1919,2022,2077,2127,2273,2354,2402,2453,2512,2588,
1,4,6,7,9,11,17,29,33,36,48,57,72,85,107,144,192,252,324,416,506,547,628,752,844,939,1059,1167,1253,1351,1494,1661,1773,1931,2044,2124,2073,2042,2028,1944,1857,1753,1609,1492,1383,1251,1155,1034,1006,1000,979,966,951,928,916,914,893,816,777,753,719,671,658,644,670,680,706,725,740,749,732,736,759,738,716,703,737,733,761,748,753,721,724,723,744,737,714,736,737,746,761,765,757,770,765,808,818,859,927,910,930,920,943,918,945,948,965,979,1044,1045,1066,1078,1133,1185,1215,1222,1190,1128,1052,1003,916,854,812,813,795,778,832,868,869,905,986,1050,1070,1057,1067,1044,1049,1027,1024,1002,995,951,905,866,845,798,769,764,774,794,767,755,748,765,773,729,701,661,648,652,677,689,703,713,726,693,666,664,682,703,697,727,751,787,833,885,914,927,956,999,1031,1055,1113,1170,1282,1400,1547,1732,1766,1919,2022,2077,2127,2273,2354,2402,2453,2512,2588,
1,4,6,7,9,11,17,29,33,36,48,57,72,85,107,144,192,252,324,416,506,547,628,752,844,939,1059,1167,1253,1351,1494,1661,1773,1931,2044,2124,2073,2042,2028,1944,1857,1753,1609,1492,1383,1251,1155,1034,1006,1000,979,966,951,928,916,914,893,816,777,753,719,671,658,644,670,680,706,725,740,749,732,736,759,738,716,703,737,733,761,748,753,721,724,723,744,737,714,736,737,746,761,765,757,770,765,808,818,859,927,910,930,920,943,918,945,948,965,979,1044,1045,1066,1078,1133,1185,1215,1222,1190,1128,1052,1003,916,854,812,813,795,778,832,868,869,905,986,1050,1070,1057,1067,1044,1049,1027,1024,1002,995,951,905,866,845,798,769,764,774,794,767,755,748,765,773,729,701,661,648,652,677,689,703,713,726,693,666,664,682,703,697,727,751,787,833,885,914,927,956,999,1031,1055,1113,1170,1282,1400,1547,1732,1766,1919,2022,2077,2127,2273,2354,2402,2453,2512,2588,
1,4,6,7,9,11,17,29,33,36,48,57,72,85,107,144,192,252,324,416,506,547,628,752,844,939,1059,1167,1253,1351,1494,1661,1773,1931,2044,2124,2073,2042,2028,1944,1857,1753,1609,1492,1383,1251,1155,1034,1006,1000,979,966,951,928,916,914,893,816,777,753,719,671,658,644,670,680,706,725,740,749,732,736,759,738,716,703,737,733,761,748,753,721,724,723,744,737,714,736,737,746,761,765,757,770,765,808,818,859,927,910,930,920,943,918,945,948,965,979,1044,1045,1066,1078,1133,1185,1215,1222,1190,1128,1052,1003,916,854,812,813,795,778,832,868,869,905,986,1050,1070,1057,1067,1044,1049,1027,1024,1002,995,951,905,866,845,798,769,764,774,794,767,755,748,765,773,729,701,661,648,652,677,689,703,713,726,693,666,664,682,703,697,727,751,787,833,885,914,927,956,999,1031,1055,1113,1170,1282,1400,1547,1732,1766,1919,2022,2077,2127,2273,2354,2402,2453,2512,2588,
1,4,6,7,9,11,17,29,33,36,48,57,72,85,107,144,192,252,324,416,506,547,628,752,844,939,1059,1167,1253,1351,1494,1661,1773,1931,2044,2124,2073,2042,2028,1944,1857,1753,1609,1492,1383,1251,1155,1034,1006,1000,979,966,951,928,916,914,893,816,777,753,719,671,658,644,670,680,706,725,740,749,732,736,759,738,716,703,737,733,761,748,753,721,724,723,744,737,714,736,737,746,761,765,757,770,765,808,818,859,927,910,930,920,943,918,945,948,965,979,1044,1045,1066,1078,1133,1185,1215,1222,1190,1128,1052,1003,916,854,812,813,795,778,832,868,869,905,986,1050,1070,1057,1067,1044,1049,1027,1024,1002,995,951,905,866,845,798,769,764,774,794,767,755,748,765,773,729,701,661,648,652,677,689,703,713,726,693,666,664,682,703,697,727,751,787,833,885,914,927,956,999,1031,1055,1113,1170,1282,1400,1547,1732,1766,1919,2022,2077,2127,2273,2354,2402,2453,2512,2588,
1,4,6,7,9,11,17,29,33,36,48,57,72,85,107,144,192,252,324,416,506,547,628,752,844,939,1059,1167,1253,1351,1494,1661,1773,1931,2044,2124,2073,2042,2028,1944,1857,1753,1609,1492,1383,1251,1155,1034,1006,1000,979,966,951,928,916,914,893,816,777,753,719,671,658,644,670,680,706,725,740,749,732,736,759,738,716,703,737,733,761,748,753,721,724,723,744,737,714,736,737,746,761,765,757,770,765,808,818,859,927,910,930,920,943,918,945,948,965,979,1044,1045,1066,1078,1133,1185,1215,1222,1190,1128,1052,1003,916,854,812,813,795,778,832,868,869,905,986,1050,1070,1057,1067,1044,1049,1027,1024,1002,995,951,905,866,845,798,769,764,774,794,767,755,748,765,773,729,701,661,648,652,677,689,703,713,726,693,666,664,682,703,697,727,751,787,833,885,914,927,956,999,1031,1055,1113,1170,1282,1400,1547,1732,1766,1919,2022,2077,2127,2273,2354,2402,2453,2512,2588,
1,4,6,7,9,11,17,29,33,36,48,57,72,85,107,144,192,252,324,416,506,547,628,752,844,939,1059,1167,1253,1351,1494,1661,1773,1931,2044,2124,2073,2042,2028,1944,1857,1753,1609,1492,1383,1251,1155,1034,1006,1000,979,966,951,928,916,914,893,816,777,753,719,671,658,644,670,680,706,725,740,749,732,736,759,738,716,703,737,733,761,748,753,721,724,723,744,737,714,736,737,746,761,765,757,770,765,808,818,859,927,910,930,920,943,918,945,948,965,979,1044,1045,1066,1078,1133,1185,1215,1222,1190,1128,1052,1003,916,854,812,813,795,778,832,868,869,905,986,1050,1070,1057,1067,1044,1049,1027,1024,1002,995,951,905,866,845,798,769,764,774,794,767,755,748,765,773,729,701,661,648,652,677,689,703,713,726,693,666,664,682,703,697,727,751,787,833,885,914,927,956,999,1031,1055,1113,1170,1282,1400,1547,1732,1766,1919,2022,2077,2127,2273,2354,2402,2453,2512,2588,
1,4,6,7,9,11,17,29,33,36,48,57,72,85,107,144,192,252,324,416,506,547,628,752,844,939,1059,1167,1253,1351,1494,1661,1773,1931,2044,2124,2073,2042,2028,1944,1857,1753,1609,1492,1383,1251,1155,1034,1006,1000,979,966,951,928,916,914,893,816,777,753,719,671,658,644,670,680,706,725,740,749,732,736,759,738,716,703,737,733,761,748,753,721,724,723,744,737,714,736,737,746,761,765,757,770,765,808,818,859,927,910,930,920,943,918,945,948,965,979,1044,1045,1066,1078,1133,1185,1215,1222,1190,1128,1052,1003,916,854,812,813,795,778,832,868,869,905,986,1050,1070,1057,1067,1044,1049,1027,1024,1002,995,951,905,866,845,798,769,764,774,794,767,755,748,765,773,729,701,661,648,652,677,689,703,713,726,693,666,664,682,703,697,727,751,787,833,885,914,927,956,999,1031,1055,1113,1170,1282,1400,1547,1732,1766,1919,2022,2077,2127,2273,2354,2402,2453,2512,2588,
1,4,6,7,9,11,17,29,33,36,48,57,72,85,107,144,192,252,324,416,506,547,628,752,844,939,1059,1167,1253,1351,1494,1661,1773,1931,2044,2124,2073,2042,2028,1944,1857,1753,1609,1492,1383,1251,1155,1034,1006,1000,979,966,951,928,916,914,893,816,777,753,719,671,658,644,670,680,706,725,740,749,732,736,759,738,716,703,737,733,761,748,753,721,724,723,744,737,714,736,737,746,761,765,757,770,765,808,818,859,927,910,930,920,943,918,945,948,965,979,1044,1045,1066,1078,1133,1185,1215,1222,1190,1128,1052,1003,916,854,812,813,795,778,832,868,869,905,986,1050,1070,1057,1067,1044,1049,1027,1024,1002,995,951,905,866,845,798,769,764,774,794,767,755,748,765,773,729,701,661,648,652,677,689,703,713,726,693,666,664,682,703,697,727,751,787,833,885,914,927,956,999,1031,1055,1113,1170,1282,1400,1547,1732,1766,1919,2022,2077,2127,2273,2354,2402,2453,2512,2588,
1,4,6,7,9,11,17,29,33,36,48,57,72,85,107,144,192,252,324,416,506,547,628,752,844,939,1059,1167,1253,1351,1494,1661,1773,1931,2044,2124,2073,2042,2028,1944,1857,1753,1609,1492,1383,1251,1155,1034,1006,1000,979,966,951,928,916,914,893,816,777,753,719,671,658,644,670,680,706,725,740,749,732,736,759,738,716,703,737,733,761,748,753,721,724,723,744,737,714,736,737,746,761,765,757,770,765,808,818,859,927,910,930,920,943,918,945,948,965,979,1044,1045,1066,1078,1133,1185,1215,1222,1190,1128,1052,1003,916,854,812,813,795,778,832,868,869,905,986,1050,1070,1057,1067,1044,1049,1027,1024,1002,995,951,905,866,845,798,769,764,774,794,767,755,748,765,773,729,701,661,648,652,677,689,703,713,726,693,666,664,682,703,697,727,751,787,833,885,914,927,956,999,1031,1055,1113,1170,1282,1400,1547,1732,1766,1919,2022,2077,2127,2273,2354,2402,2453,2512,2588,
1,4,6,7,9,11,17,29,33,36,48,57,72,85,107,144,192,252,324,416,506,547,628,752,844,939,1059,1167,1253,1351,1494,1661,1773,1931,2044,2124,2073,2042,2028,1944,1857,1753,1609,1492,1383,1251,1155,1034,1006,1000,979,966,951,928,916,914,893,816,777,753,719,671,658,644,670,680,706,725,740,749,732,736,759,738,716,703,737,733,761,748,753,721,724,723,744,737,714,736,737,746,761,765,757,770,765,808,818,859,927,910,930,920,943,918,945,948,965,979,1044,1045,1066,1078,1133,1185,1215,1222,1190,1128,1052,1003,916,854,812,813,795,778,832,868,869,905,986,1050,1070,1057,1067,1044,1049,1027,1024,1002,995,951,905,866,845,798,769,764,774,794,767,755,748,765,773,729,701,661,648,652,677,689,703,713,726,693,666,664,682,703,697,727,751,787,833,885,914,927,956,999,1031,1055,1113,1170,1282,1400,1547,1732,1766,1919,2022,2077,2127,2273,2354,2402,2453,2512,2588,
1,4,6,7,9,11,17,29,33,36,48,57,72,85,107,144,192,252,324,416,506,547,628,752,844,939,1059,1167,1253,1351,1494,1661,1773,1931,2044,2124,2073,2042,2028,1944,1857,1753,1609,1492,1383,1251,1155,1034,1006,1000,979,966,951,928,916,914,893,816,777,753,719,671,658,644,670,680,706,725,740,749,732,736,759,738,716,703,737,733,761,748,753,721,724,723,744,737,714,736,737,746,761,765,757,770,765,808,818,859,927,910,930,920,943,918,945,948,965,979,1044,1045,1066,1078,1133,1185,1215,1222,1190,1128,1052,1003,916,854,812,813,795,778,832,868,869,905,986,1050,1070,1057,1067,1044,1049,1027,1024,1002,995,951,905,866,845,798,769,764,774,794,767,755,748,765,773,729,701,661,648,652,677,689,703,713,726,693,666,664,682,703,697,727,751,787,833,885,914,927,956,999,1031,1055,1113,1170,1282,1400,1547,1732,1766,1919,2022,2077,2127,2273,2354,2402,2453,2512,2588,
1,4,6,7,9,11,17,29,33,36,48,57,72,85,107,144,192,252,324,416,506,547,628,752,844,939,1059,1167,1253,1351,1494,1661,1773,1931,2044,2124,2073,2042,2028,1944,1857,1753,1609,1492,1383,1251,1155,1034,1006,1000,979,966,951,928,916,914,893,816,777,753,719,671,658,644,670,680,706,725,740,749,732,736,759,738,716,703,737,733,761,748,753,721,724,723,744,737,714,736,737,746,761,765,757,770,765,808,818,859,927,910,930,920,943,918,945,948,965,979,1044,1045,1066,1078,1133,1185,1215,1222,1190,1128,1052,1003,916,854,812,813,795,778,832,868,869,905,986,1050,1070,1057,1067,1044,1049,1027,1024,1002,995,951,905,866,845,798,769,764,774,794,767,755,748,765,773,729,701,661,648,652,677,689,703,713,726,693,666,664,682,703,697,727,751,787,833,885,914,927,956,999,1031,1055,1113,1170,1282,1400,1547,1732,1766,1919,2022,2077,2127,2273,2354,2402,2453,2512,2588,
1,4,6,7,9,11,17,29,33,36,48,57,72,85,107,144,192,252,324,416,506,547,628,752,844,939,1059,1167,1253,1351,1494,1661,1773,1931,2044,2124,2073,2042,2028,1944,1857,1753,1609,1492,1383,1251,1155,1034,1006,1000,979,966,951,928,916,914,893,816,777,753,719,671,658,644,670,680,706,725,740,749,732,736,759,738,716,703,737,733,761,748,753,721,724,723,744,737,714,736,737,746,761,765,757,770,765,808,818,859,927,910,930,920,943,918,945,948,965,979,1044,1045,1066,1078,1133,1185,1215,1222,1190,1128,1052,1003,916,854,812,813,795,778,832,868,869,905,986,1050,1070,1057,1067,1044,1049,1027,1024,1002,995,951,905,866,845,798,769,764,774,794,767,755,748,765,773,729,701,661,648,652,677,689,703,713,726,693,666,664,682,703,697,727,751,787,833,885,914,927,956,999,1031,1055,1113,1170,1282,1400,1547,1732,1766,1919,2022,2077,2127,2273,2354,2402,2453,2512,2588,
1,4,6,7,9,11,17,29,33,36,48,57,72,85,107,144,192,252,324,416,506,547,628,752,844,939,1059,1167,1253,1351,1494,1661,1773,1931,2044,2124,2073,2042,2028,1944,1857,1753,1609,1492,1383,1251,1155,1034,1006,1000,979,966,951,928,916,914,893,816,777,753,719,671,658,644,670,680,706,725,740,749,732,736,759,738,716,703,737,733,761,748,753,721,724,723,744,737,714,736,737,746,761,765,757,770,765,808,818,859,927,910,930,920,943,918,945,948,965,979,1044,1045,1066,1078,1133,1185,1215,1222,1190,1128,1052,1003,916,854,812,813,795,778,832,868,869,905,986,1050,1070,1057,1067,1044,1049,1027,1024,1002,995,951,905,866,845,798,769,764,774,794,767,755,748,765,773,729,701,661,648,652,677,689,703,713,726,693,666,664,682,703,697,727,751,787,833,885,914,927,956,999,1031,1055,1113,1170,1282,1400,1547,1732,1766,1919,2022,2077,2127,2273,2354,2402,2453,2512,2588,
1,4,6,7,9,11,17,29,33,36,48,57,72,85,107,144,192,252,324,416,506,547,628,752,844,939,1059,1167,1253,1351,1494,1661,1773,1931,2044,2124,2073,2042,2028,1944,1857,1753,1609,1492,1383,1251,1155,1034,1006,1000,979,966,951,928,916,914,893,816,777,753,719,671,658,644,670,680,706,725,740,749,732,736,759,738,716,703,737,733,761,748,753,721,724,723,744,737,714,736,737,746,761,765,757,770,765,808,818,859,927,910,930,920,943,918,945,948,965,979,1044,1045,1066,1078,1133,1185,1215,1222,1190,1128,1052,1003,916,854,812,813,795,778,832,868,869,905,986,1050,1070,1057,1067,1044,1049,1027,1024,1002,995,951,905,866,845,798,769,764,774,794,767,755,748,765,773,729,701,661,648,652,677,689,703,713,726,693,666,664,682,703,697,727,751,787,833,885,914,927,956,999,1031,1055,1113,1170,1282,1400,1547,1732,1766,1919,2022,2077,2127,2273,2354,2402,2453,2512,2588,
1,4,6,7,9,11,17,29,33,36,48,57,72,85,107,144,192,252,324,416,506,547,628,752,844,939,1059,1167,1253,1351,1494,1661,1773,1931,2044,2124,2073,2042,2028,1944,1857,1753,1609,1492,1383,1251,1155,1034,1006,1000,979,966,951,928,916,914,893,816,777,753,719,671,658,644,670,680,706,725,740,749,732,736,759,738,716,703,737,733,761,748,753,721,724,723,744,737,714,736,737,746,761,765,757,770,765,808,818,859,927,910,930,920,943,918,945,948,965,979,1044,1045,1066,1078,1133,1185,1215,1222,1190,1128,1052,1003,916,854,812,813,795,778,832,868,869,905,986,1050,1070,1057,1067,1044,1049,1027,1024,1002,995,951,905,866,845,798,769,764,774,794,767,755,748,765,773,729,701,661,648,652,677,689,703,713,726,693,666,664,682,703,697,727,751,787,833,885,914,927,956,999,1031,1055,1113,1170,1282,1400,1547,1732,1766,1919,2022,2077,2127,2273,2354,2402,2453,2512,2588,
1,3,6,6,9,10,17,29,32,40,44,56,70,84,110,160,186,245,284,357,435,502,621,744,878,998,1092,1267,1399,1547,1665,1772,1924,2007,1999,2032,2096,2208,2420,2481,2517,2442,2323,2250,2213,2153,1944,1764,1587,1450,1309,1167,1060,985,902,853,829,838,816,813,828,808,796,788,763,734,710,689,658,652,657,674,693,691,676,701,707,721,721,700,691,706,737,737,751,801,809,813,835,844,873,958,984,1014,1032,1097,1157,1215,1199,1202,1155,1111,1012,939,876,857,843,849,860,814,770,761,771,774,770,780,793,814,835,831,824,837,828,828,858,905,922,944,965,953,947,916,902,914,916,918,889,868,873,888,872,811,793,799,767,771,764,767,766,764,702,675,660,661,666,674,728,747,781,851,891,892,940,1009,1060,1116,1178,1188,1193,1166,1136,1140,1117,1021,1019,1036,1064,1069,1116,1153,1160,1180,1228,1251,1306,1376,1458,1580,1672,1766,1817,1869,2003,2133,2165,2166,2138,2137,2115,
1,3,6,6,9,10,17,29,32,40,44,56,70,84,110,160,186,245,284,357,435,502,621,744,878,998,1092,1267,1399,1547,1665,1772,1924,2007,1999,2032,2096,2208,2420,2481,2517,2442,2323,2250,2213,2153,1944,1764,1587,1450,1309,1167,1060,985,902,853,829,838,816,813,828,808,796,788,763,734,710,689,658,652,657,674,693,691,676,701,707,721,721,700,691,706,737,737,751,801,809,813,835,844,873,958,984,1014,1032,1097,1157,1215,1199,1202,1155,1111,1012,939,876,857,843,849,860,814,770,761,771,774,770,780,793,814,835,831,824,837,828,828,858,905,922,944,965,953,947,916,902,914,916,918,889,868,873,888,872,811,793,799,767,771,764,767,766,764,702,675,660,661,666,674,728,747,781,851,891,892,940,1009,1060,1116,1178,1188,1193,1166,1136,1140,1117,1021,1019,1036,1064,1069,1116,1153,1160,1180,1228,1251,1306,1376,1458,1580,1672,1766,1817,1869,2003,2133,2165,2166,2138,2137,2115,
1,4,4,4,6,8,13,25,37,44,48,58,64,70,93,134,193,249,314,387,488,599,707,831,947,1068,1196,1328,1446,1553,1663,1759,1837,1915,1970,1933,1925,1850,1734,1627,1530,1444,1355,1281,1205,1193,1119,1052,996,900,797,742,711,695,664,634,625,626,610,610,634,653,660,686,684,693,709,733,748,724,750,775,814,830,806,781,763,733,715,677,638,636,618,606,597,589,565,581,576,574,564,567,604,636,651,683,655,646,632,640,645,699,703,703,705,717,739,752,757,797,833,859,843,808,772,755,732,740,752,759,785,837,870,948,1014,1066,1092,1158,1142,1082,1062,1060,1073,1129,1151,1120,1055,998,975,941,929,940,931,886,865,860,810,741,749,766,761,756,696,647,623,607,596,606,594,645,745,826,834,887,863,875,887,888,922,942,959,949,920,899,884,897,923,917,917,983,1033,1080,1116,1169,1213,1285,1297,1346,1433,1503,1580,1692,1784,1936,2017,2074,2146,2199,2192,
1,4,4,4,6,8,13,25,37,44,48,58,64,70,93,134,193,249,314,387,488,599,707,831,947,1068,1196,1328,1446,1553,1663,1759,1837,1915,1970,1933,1925,1850,1734,1627,1530,1444,1355,1281,1205,1193,1119,1052,996,900,797,742,711,695,664,634,625,626,610,610,634,653,660,686,684,693,709,733,748,724,750,775,814,830,806,781,763,733,715,677,638,636,618,606,597,589,565,581,576,574,564,567,604,636,651,683,655,646,632,640,645,699,703,703,705,717,739,752,757,797,833,859,843,808,772,755,732,740,752,759,785,837,870,948,1014,1066,1092,1158,1142,1082,1062,1060,1073,1129,1151,1120,1055,998,975,941,929,940,931,886,865,860,810,741,749,766,761,756,696,647,623,607,596,606,594,645,745,826,834,887,863,875,887,888,922,942,959,949,920,899,884,897,923,917,917,983,1033,1080,1116,1169,1213,1285,1297,1346,1433,1503,1580,1692,1784,1936,2017,2074,2146,2199,2192,
1,4,4,4,6,8,13,25,37,44,48,58,64,70,93,134,193,249,314,387,488,599,707,831,947,1068,1196,1328,1446,1553,1663,1759,1837,1915,1970,1933,1925,1850,1734,1627,1530,1444,1355,1281,1205,1193,1119,1052,996,900,797,742,711,695,664,634,625,626,610,610,634,653,660,686,684,693,709,733,748,724,750,775,814,830,806,781,763,733,715,677,638,636,618,606,597,589,565,581,576,574,564,567,604,636,651,683,655,646,632,640,645,699,703,703,705,717,739,752,757,797,833,859,843,808,772,755,732,740,752,759,785,837,870,948,1014,1066,1092,1158,1142,1082,1062,1060,1073,1129,1151,1120,1055,998,975,941,929,940,931,886,865,860,810,741,749,766,761,756,696,647,623,607,596,606,594,645,745,826,834,887,863,875,887,888,922,942,959,949,920,899,884,897,923,917,917,983,1033,1080,1116,1169,1213,1285,1297,1346,1433,1503,1580,1692,1784,1936,2017,2074,2146,2199,2192,
1,4,6,7,8,10,15,20,34,48,44,53,75,95,127,146,199,268,332,444,553,696,882,1100,1319,1496,1634,1875,2004,2145,2278,2338,2292,2291,2265,2236,2094,1923,1834,1712,1600,1529,1450,1366,1304,1254,1225,1180,1103,1074,1029,976,920,854,807,785,777,777,780,738,677,635,601,571,552,533,527,534,554,551,551,562,583,612,625,643,634,653,708,736,754,761,730,689,678,658,643,607,623,640,655,659,685,700,714,745,806,839,889,926,952,1017,1059,1077,1066,1086,1040,1084,1040,982,979,997,1005,989,997,996,1033,1079,1095,1116,1151,1176,1216,1251,1277,1293,1317,1288,1226,1194,1165,1132,1156,1156,1186,1180,1156,1187,1163,1163,1235,1253,1208,1126,1058,1015,964,953,939,947,879,895,921,914,941,952,960,972,985,1006,1079,1142,1177,1216,1255,1244,1207,1167,1152,1102,1140,1127,1121,1056,1025,1013,1022,963,969,997,1002,1035,1063,1103,1150,1178,1212,1242,1226,1288,1385,1494,1546,1728,1918,2168,2387,2655,3031,
1,4,6,7,8,10,15,20,34,48,44,53,75,95,127,146,199,268,332,444,553,696,882,1100,1319,1496,1634,1875,2004,2145,2278,2338,2292,2291,2265,2236,2094,1923,1834,1712,1600,1529,1450,1366,1304,1254,1225,1180,1103,1074,1029,976,920,854,807,785,777,777,780,738,677,635,601,571,552,533,527,534,554,551,551,562,583,612,625,643,634,653,708,736,754,761,730,689,678,658,643,607,623,640,655,659,685,700,714,745,806,839,889,926,952,1017,1059,1077,1066,1086,1040,1084,1040,982,979,997,1005,989,997,996,1033,1079,1095,1116,1151,1176,1216,1251,1277,1293,1317,1288,1226,1194,1165,1132,1156,1156,1186,1180,1156,1187,1163,1163,1235,1253,1208,1126,1058,1015,964,953,939,947,879,895,921,914,941,952,960,972,985,1006,1079,1142,1177,1216,1255,1244,1207,1167,1152,1102,1140,1127,1121,1056,1025,1013,1022,963,969,997,1002,1035,1063,1103,1150,1178,1212,1242,1226,1288,1385,1494,1546,1728,1918,2168,2387,2655,3031,
1,4,6,7,8,10,15,20,34,48,44,53,75,95,127,146,199,268,332,444,553,696,882,1100,1319,1496,1634,1875,2004,2145,2278,2338,2292,2291,2265,2236,2094,1923,1834,1712,1600,1529,1450,1366,1304,1254,1225,1180,1103,1074,1029,976,920,854,807,785,777,777,780,738,677,635,601,571,552,533,527,534,554,551,551,562,583,612,625,643,634,653,708,736,754,761,730,689,678,658,643,607,623,640,655,659,685,700,714,745,806,839,889,926,952,1017,1059,1077,1066,1086,1040,1084,1040,982,979,997,1005,989,997,996,1033,1079,1095,1116,1151,1176,1216,1251,1277,1293,1317,1288,1226,1194,1165,1132,1156,1156,1186,1180,1156,1187,1163,1163,1235,1253,1208,1126,1058,1015,964,953,939,947,879,895,921,914,941,952,960,972,985,1006,1079,1142,1177,1216,1255,1244,1207,1167,1152,1102,1140,1127,1121,1056,1025,1013,1022,963,969,997,1002,1035,1063,1103,1150,1178,1212,1242,1226,1288,1385,1494,1546,1728,1918,2168,2387,2655,3031,
1,4,6,7,8,10,15,20,34,48,44,53,75,95,127,146,199,268,332,444,553,696,882,1100,1319,1496,1634,1875,2004,2145,2278,2338,2292,2291,2265,2236,2094,1923,1834,1712,1600,1529,1450,1366,1304,1254,1225,1180,1103,1074,1029,976,920,854,807,785,777,777,780,738,677,635,601,571,552,533,527,534,554,551,551,562,583,612,625,643,634,653,708,736,754,761,730,689,678,658,643,607,623,640,655,659,685,700,714,745,806,839,889,926,952,1017,1059,1077,1066,1086,1040,1084,1040,982,979,997,1005,989,997,996,1033,1079,1095,1116,1151,1176,1216,1251,1277,1293,1317,1288,1226,1194,1165,1132,1156,1156,1186,1180,1156,1187,1163,1163,1235,1253,1208,1126,1058,1015,964,953,939,947,879,895,921,914,941,952,960,972,985,1006,1079,1142,1177,1216,1255,1244,1207,1167,1152,1102,1140,1127,1121,1056,1025,1013,1022,963,969,997,1002,1035,1063,1103,1150,1178,1212,1242,1226,1288,1385,1494,1546,1728,1918,2168,2387,2655,3031,
1,4,6,7,8,10,15,20,34,48,44,53,75,95,127,146,199,268,332,444,553,696,882,1100,1319,1496,1634,1875,2004,2145,2278,2338,2292,2291,2265,2236,2094,1923,1834,1712,1600,1529,1450,1366,1304,1254,1225,1180,1103,1074,1029,976,920,854,807,785,777,777,780,738,677,635,601,571,552,533,527,534,554,551,551,562,583,612,625,643,634,653,708,736,754,761,730,689,678,658,643,607,623,640,655,659,685,700,714,745,806,839,889,926,952,1017,1059,1077,1066,1086,1040,1084,1040,982,979,997,1005,989,997,996,1033,1079,1095,1116,1151,1176,1216,1251,1277,1293,1317,1288,1226,1194,1165,1132,1156,1156,1186,1180,1156,1187,1163,1163,1235,1253,1208,1126,1058,1015,964,953,939,947,879,895,921,914,941,952,960,972,985,1006,1079,1142,1177,1216,1255,1244,1207,1167,1152,1102,1140,1127,1121,1056,1025,1013,1022,963,969,997,1002,1035,1063,1103,1150,1178,1212,1242,1226,1288,1385,1494,1546,1728,1918,2168,2387,2655,3031,
1,4,6,7,8,10,15,20,34,48,44,53,75,95,127,146,199,268,332,444,553,696,882,1100,1319,1496,1634,1875,2004,2145,2278,2338,2292,2291,2265,2236,2094,1923,1834,1712,1600,1529,1450,1366,1304,1254,1225,1180,1103,1074,1029,976,920,854,807,785,777,777,780,738,677,635,601,571,552,533,527,534,554,551,551,562,583,612,625,643,634,653,708,736,754,761,730,689,678,658,643,607,623,640,655,659,685,700,714,745,806,839,889,926,952,1017,1059,1077,1066,1086,1040,1084,1040,982,979,997,1005,989,997,996,1033,1079,1095,1116,1151,1176,1216,1251,1277,1293,1317,1288,1226,1194,1165,1132,1156,1156,1186,1180,1156,1187,1163,1163,1235,1253,1208,1126,1058,1015,964,953,939,947,879,895,921,914,941,952,960,972,985,1006,1079,1142,1177,1216,1255,1244,1207,1167,1152,1102,1140,1127,1121,1056,1025,1013,1022,963,969,997,1002,1035,1063,1103,1150,1178,1212,1242,1226,1288,1385,1494,1546,1728,1918,2168,2387,2655,3031,
1,3,6,5,6,9,13,19,29,33,36,48,75,87,126,153,189,258,310,362,423,484,601,697,808,942,1071,1214,1340,1477,1604,1703,1787,1867,1985,2078,2115,2068,2008,1906,1834,1757,1653,1525,1345,1221,1102,997,851,781,745,677,639,616,607,598,623,605,596,568,572,566,568,535,539,580,599,638,688,711,712,758,789,783,808,832,831,842,888,956,971,971,965,962,958,979,969,982,962,952,940,962,974,1033,1088,1084,1105,1110,1054,1012,917,861,840,792,793,810,811,861,887,954,1012,1073,1108,1131,1123,1085,1029,1018,1092,1071,1021,1003,981,986,1021,1029,1075,1113,1128,1124,1126,1126,1119,1120,1095,1106,1111,1106,1117,1153,1144,1088,1030,991,915,852,826,769,732,687,635,628,617,621,625,598,604,584,637,683,777,793,873,944,977,982,938,929,897,899,904,887,856,869,888,874,879,883,922,951,1030,1072,1127,1109,1163,1254,1360,1395,1456,1526,1637,1736,1899,2025,2170,2318,2425,2470,2513,
1,3,6,5,6,9,13,19,29,33,36,48,75,87,126,153,189,258,310,362,423,484,601,697,808,942,1071,1214,1340,1477,1604,1703,1787,1867,1985,2078,2115,2068,2008,1906,1834,1757,1653,1525,1345,1221,1102,997,851,781,745,677,639,616,607,598,623,605,596,568,572,566,568,535,539,580,599,638,688,711,712,758,789,783,808,832,831,842,888,956,971,971,965,962,958,979,969,982,962,952,940,962,974,1033,1088,1084,1105,1110,1054,1012,917,861,840,792,793,810,811,861,887,954,1012,1073,1108,1131,1123,1085,1029,1018,1092,1071,1021,1003,981,986,1021,1029,1075,1113,1128,1124,1126,1126,1119,1120,1095,1106,1111,1106,1117,1153,1144,1088,1030,991,915,852,826,769,732,687,635,628,617,621,625,598,604,584,637,683,777,793,873,944,977,982,938,929,897,899,904,887,856,869,888,874,879,883,922,951,1030,1072,1127,1109,1163,1254,1360,1395,1456,1526,1637,1736,1899,2025,2170,2318,2425,2470,2513,
1,3,6,5,6,9,13,19,29,33,36,48,75,87,126,153,189,258,310,362,423,484,601,697,808,942,1071,1214,1340,1477,1604,1703,1787,1867,1985,2078,2115,2068,2008,1906,1834,1757,1653,1525,1345,1221,1102,997,851,781,745,677,639,616,607,598,623,605,596,568,572,566,568,535,539,580,599,638,688,711,712,758,789,783,808,832,831,842,888,956,971,971,965,962,958,979,969,982,962,952,940,962,974,1033,1088,1084,1105,1110,1054,1012,917,861,840,792,793,810,811,861,887,954,1012,1073,1108,1131,1123,1085,1029,1018,1092,1071,1021,1003,981,986,1021,1029,1075,1113,1128,1124,1126,1126,1119,1120,1095,1106,1111,1106,1117,1153,1144,1088,1030,991,915,852,826,769,732,687,635,628,617,621,625,598,604,584,637,683,777,793,873,944,977,982,938,929,897,899,904,887,856,869,888,874,879,883,922,951,1030,1072,1127,1109,1163,1254,1360,1395,1456,1526,1637,1736,1899,2025,2170,2318,2425,2470,2513,
1,3,6,5,6,9,13,19,29,33,36,48,75,87,126,153,189,258,310,362,423,484,601,697,808,942,1071,1214,1340,1477,1604,1703,1787,1867,1985,2078,2115,2068,2008,1906,1834,1757,1653,1525,1345,1221,1102,997,851,781,745,677,639,616,607,598,623,605,596,568,572,566,568,535,539,580,599,638,688,711,712,758,789,783,808,832,831,842,888,956,971,971,965,962,958,979,969,982,962,952,940,962,974,1033,1088,1084,1105,1110,1054,1012,917,861,840,792,793,810,811,861,887,954,1012,1073,1108,1131,1123,1085,1029,1018,1092,1071,1021,1003,981,986,1021,1029,1075,1113,1128,1124,1126,1126,1119,1120,1095,1106,1111,1106,1117,1153,1144,1088,1030,991,915,852,826,769,732,687,635,628,617,621,625,598,604,584,637,683,777,793,873,944,977,982,938,929,897,899,904,887,856,869,888,874,879,883,922,951,1030,1072,1127,1109,1163,1254,1360,1395,1456,1526,1637,1736,1899,2025,2170,2318,2425,2470,2513,
1,3,6,5,6,9,13,19,29,33,36,48,75,87,126,153,189,258,310,362,423,484,601,697,808,942,1071,1214,1340,1477,1604,1703,1787,1867,1985,2078,2115,2068,2008,1906,1834,1757,1653,1525,1345,1221,1102,997,851,781,745,677,639,616,607,598,623,605,596,568,572,566,568,535,539,580,599,638,688,711,712,758,789,783,808,832,831,842,888,956,971,971,965,962,958,979,969,982,962,952,940,962,974,1033,1088,1084,1105,1110,1054,1012,917,861,840,792,793,810,811,861,887,954,1012,1073,1108,1131,1123,1085,1029,1018,1092,1071,1021,1003,981,986,1021,1029,1075,1113,1128,1124,1126,1126,1119,1120,1095,1106,1111,1106,1117,1153,1144,1088,1030,991,915,852,826,769,732,687,635,628,617,621,625,598,604,584,637,683,777,793,873,944,977,982,938,929,897,899,904,887,856,869,888,874,879,883,922,951,1030,1072,1127,1109,1163,1254,1360,1395,1456,1526,1637,1736,1899,2025,2170,2318,2425,2470,2513,
1,3,6,5,6,9,13,19,29,33,36,48,75,87,126,153,189,258,310,362,423,484,601,697,808,942,1071,1214,1340,1477,1604,1703,1787,1867,1985,2078,2115,2068,2008,1906,1834,1757,1653,1525,1345,1221,1102,997,851,781,745,677,639,616,607,598,623,605,596,568,572,566,568,535,539,580,599,638,688,711,712,758,789,783,808,832,831,842,888,956,971,971,965,962,958,979,969,982,962,952,940,962,974,1033,1088,1084,1105,1110,1054,1012,917,861,840,792,793,810,811,861,887,954,1012,1073,1108,1131,1123,1085,1029,1018,1092,1071,1021,1003,981,986,1021,1029,1075,1113,1128,1124,1126,1126,1119,1120,1095,1106,1111,1106,1117,1153,1144,1088,1030,991,915,852,826,769,732,687,635,628,617,621,625,598,604,584,637,683,777,793,873,944,977,982,938,929,897,899,904,887,856,869,888,874,879,883,922,951,1030,1072,1127,1109,1163,1254,1360,1395,1456,1526,1637,1736,1899,2025,2170,2318,2425,2470,2513,
1,3,6,5,6,9,13,19,29,33,36,48,75,87,126,153,189,258,310,362,423,484,601,697,808,942,1071,1214,1340,1477,1604,1703,1787,1867,1985,2078,2115,2068,2008,1906,1834,1757,1653,1525,1345,1221,1102,997,851,781,745,677,639,616,607,598,623,605,596,568,572,566,568,535,539,580,599,638,688,711,712,758,789,783,808,832,831,842,888,956,971,971,965,962,958,979,969,982,962,952,940,962,974,1033,1088,1084,1105,1110,1054,1012,917,861,840,792,793,810,811,861,887,954,1012,1073,1108,1131,1123,1085,1029,1018,1092,1071,1021,1003,981,986,1021,1029,1075,1113,1128,1124,1126,1126,1119,1120,1095,1106,1111,1106,1117,1153,1144,1088,1030,991,915,852,826,769,732,687,635,628,617,621,625,598,604,584,637,683,777,793,873,944,977,982,938,929,897,899,904,887,856,869,888,874,879,883,922,951,1030,1072,1127,1109,1163,1254,1360,1395,1456,1526,1637,1736,1899,2025,2170,2318,2425,2470,2513,
1,3,6,5,6,9,13,19,29,33,36,48,75,87,126,153,189,258,310,362,423,484,601,697,808,942,1071,1214,1340,1477,1604,1703,1787,1867,1985,2078,2115,2068,2008,1906,1834,1757,1653,1525,1345,1221,1102,997,851,781,745,677,639,616,607,598,623,605,596,568,572,566,568,535,539,580,599,638,688,711,712,758,789,783,808,832,831,842,888,956,971,971,965,962,958,979,969,982,962,952,940,962,974,1033,1088,1084,1105,1110,1054,1012,917,861,840,792,793,810,811,861,887,954,1012,1073,1108,1131,1123,1085,1029,1018,1092,1071,1021,1003,981,986,1021,1029,1075,1113,1128,1124,1126,1126,1119,1120,1095,1106,1111,1106,1117,1153,1144,1088,1030,991,915,852,826,769,732,687,635,628,617,621,625,598,604,584,637,683,777,793,873,944,977,982,938,929,897,899,904,887,856,869,888,874,879,883,922,951,1030,1072,1127,1109,1163,1254,1360,1395,1456,1526,1637,1736,1899,2025,2170,2318,2425,2470,2513,
1,3,6,5,6,9,13,19,29,33,36,48,75,87,126,153,189,258,310,362,423,484,601,697,808,942,1071,1214,1340,1477,1604,1703,1787,1867,1985,2078,2115,2068,2008,1906,1834,1757,1653,1525,1345,1221,1102,997,851,781,745,677,639,616,607,598,623,605,596,568,572,566,568,535,539,580,599,638,688,711,712,758,789,783,808,832,831,842,888,956,971,971,965,962,958,979,969,982,962,952,940,962,974,1033,1088,1084,1105,1110,1054,1012,917,861,840,792,793,810,811,861,887,954,1012,1073,1108,1131,1123,1085,1029,1018,1092,1071,1021,1003,981,986,1021,1029,1075,1113,1128,1124,1126,1126,1119,1120,1095,1106,1111,1106,1117,1153,1144,1088,1030,991,915,852,826,769,732,687,635,628,617,621,625,598,604,584,637,683,777,793,873,944,977,982,938,929,897,899,904,887,856,869,888,874,879,883,922,951,1030,1072,1127,1109,1163,1254,1360,1395,1456,1526,1637,1736,1899,2025,2170,2318,2425,2470,2513,
1,3,6,5,6,9,13,19,29,33,36,48,75,87,126,153,189,258,310,362,423,484,601,697,808,942,1071,1214,1340,1477,1604,1703,1787,1867,1985,2078,2115,2068,2008,1906,1834,1757,1653,1525,1345,1221,1102,997,851,781,745,677,639,616,607,598,623,605,596,568,572,566,568,535,539,580,599,638,688,711,712,758,789,783,808,832,831,842,888,956,971,971,965,962,958,979,969,982,962,952,940,962,974,1033,1088,1084,1105,1110,1054,1012,917,861,840,792,793,810,811,861,887,954,1012,1073,1108,1131,1123,1085,1029,1018,1092,1071,1021,1003,981,986,1021,1029,1075,1113,1128,1124,1126,1126,1119,1120,1095,1106,1111,1106,1117,1153,1144,1088,1030,991,915,852,826,769,732,687,635,628,617,621,625,598,604,584,637,683,777,793,873,944,977,982,938,929,897,899,904,887,856,869,888,874,879,883,922,951,1030,1072,1127,1109,1163,1254,1360,1395,1456,1526,1637,1736,1899,2025,2170,2318,2425,2470,2513,
1,3,6,5,6,9,13,19,29,33,36,48,75,87,126,153,189,258,310,362,423,484,601,697,808,942,1071,1214,1340,1477,1604,1703,1787,1867,1985,2078,2115,2068,2008,1906,1834,1757,1653,1525,1345,1221,1102,997,851,781,745,677,639,616,607,598,623,605,596,568,572,566,568,535,539,580,599,638,688,711,712,758,789,783,808,832,831,842,888,956,971,971,965,962,958,979,969,982,962,952,940,962,974,1033,1088,1084,1105,1110,1054,1012,917,861,840,792,793,810,811,861,887,954,1012,1073,1108,1131,1123,1085,1029,1018,1092,1071,1021,1003,981,986,1021,1029,1075,1113,1128,1124,1126,1126,1119,1120,1095,1106,1111,1106,1117,1153,1144,1088,1030,991,915,852,826,769,732,687,635,628,617,621,625,598,604,584,637,683,777,793,873,944,977,982,938,929,897,899,904,887,856,869,888,874,879,883,922,951,1030,1072,1127,1109,1163,1254,1360,1395,1456,1526,1637,1736,1899,2025,2170,2318,2425,2470,2513,
1,3,6,5,6,9,13,19,29,33,36,48,75,87,126,153,189,258,310,362,423,484,601,697,808,942,1071,1214,1340,1477,1604,1703,1787,1867,1985,2078,2115,2068,2008,1906,1834,1757,1653,1525,1345,1221,1102,997,851,781,745,677,639,616,607,598,623,605,596,568,572,566,568,535,539,580,599,638,688,711,712,758,789,783,808,832,831,842,888,956,971,971,965,962,958,979,969,982,962,952,940,962,974,1033,1088,1084,1105,1110,1054,1012,917,861,840,792,793,810,811,861,887,954,1012,1073,1108,1131,1123,1085,1029,1018,1092,1071,1021,1003,981,986,1021,1029,1075,1113,1128,1124,1126,1126,1119,1120,1095,1106,1111,1106,1117,1153,1144,1088,1030,991,915,852,826,769,732,687,635,628,617,621,625,598,604,584,637,683,777,793,873,944,977,982,938,929,897,899,904,887,856,869,888,874,879,883,922,951,1030,1072,1127,1109,1163,1254,1360,1395,1456,1526,1637,1736,1899,2025,2170,2318,2425,2470,2513,
1,3,6,5,6,9,13,19,29,33,36,48,75,87,126,153,189,258,310,362,423,484,601,697,808,942,1071,1214,1340,1477,1604,1703,1787,1867,1985,2078,2115,2068,2008,1906,1834,1757,1653,1525,1345,1221,1102,997,851,781,745,677,639,616,607,598,623,605,596,568,572,566,568,535,539,580,599,638,688,711,712,758,789,783,808,832,831,842,888,956,971,971,965,962,958,979,969,982,962,952,940,962,974,1033,1088,1084,1105,1110,1054,1012,917,861,840,792,793,810,811,861,887,954,1012,1073,1108,1131,1123,1085,1029,1018,1092,1071,1021,1003,981,986,1021,1029,1075,1113,1128,1124,1126,1126,1119,1120,1095,1106,1111,1106,1117,1153,1144,1088,1030,991,915,852,826,769,732,687,635,628,617,621,625,598,604,584,637,683,777,793,873,944,977,982,938,929,897,899,904,887,856,869,888,874,879,883,922,951,1030,1072,1127,1109,1163,1254,1360,1395,1456,1526,1637,1736,1899,2025,2170,2318,2425,2470,2513,
1,3,6,5,6,9,13,19,29,33,36,48,75,87,126,153,189,258,310,362,423,484,601,697,808,942,1071,1214,1340,1477,1604,1703,1787,1867,1985,2078,2115,2068,2008,1906,1834,1757,1653,1525,1345,1221,1102,997,851,781,745,677,639,616,607,598,623,605,596,568,572,566,568,535,539,580,599,638,688,711,712,758,789,783,808,832,831,842,888,956,971,971,965,962,958,979,969,982,962,952,940,962,974,1033,1088,1084,1105,1110,1054,1012,917,861,840,792,793,810,811,861,887,954,1012,1073,1108,1131,1123,1085,1029,1018,1092,1071,1021,1003,981,986,1021,1029,1075,1113,1128,1124,1126,1126,1119,1120,1095,1106,1111,1106,1117,1153,1144,1088,1030,991,915,852,826,769,732,687,635,628,617,621,625,598,604,584,637,683,777,793,873,944,977,982,938,929,897,899,904,887,856,869,888,874,879,883,922,951,1030,1072,1127,1109,1163,1254,1360,1395,1456,1526,1637,1736,1899,2025,2170,2318,2425,2470,2513,
1,3,6,5,6,9,13,19,29,33,36,48,75,87,126,153,189,258,310,362,423,484,601,697,808,942,1071,1214,1340,1477,1604,1703,1787,1867,1985,2078,2115,2068,2008,1906,1834,1757,1653,1525,1345,1221,1102,997,851,781,745,677,639,616,607,598,623,605,596,568,572,566,568,535,539,580,599,638,688,711,712,758,789,783,808,832,831,842,888,956,971,971,965,962,958,979,969,982,962,952,940,962,974,1033,1088,1084,1105,1110,1054,1012,917,861,840,792,793,810,811,861,887,954,1012,1073,1108,1131,1123,1085,1029,1018,1092,1071,1021,1003,981,986,1021,1029,1075,1113,1128,1124,1126,1126,1119,1120,1095,1106,1111,1106,1117,1153,1144,1088,1030,991,915,852,826,769,732,687,635,628,617,621,625,598,604,584,637,683,777,793,873,944,977,982,938,929,897,899,904,887,856,869,888,874,879,883,922,951,1030,1072,1127,1109,1163,1254,1360,1395,1456,1526,1637,1736,1899,2025,2170,2318,2425,2470,2513,
1,3,6,5,6,9,13,19,29,33,36,48,75,87,126,153,189,258,310,362,423,484,601,697,808,942,1071,1214,1340,1477,1604,1703,1787,1867,1985,2078,2115,2068,2008,1906,1834,1757,1653,1525,1345,1221,1102,997,851,781,745,677,639,616,607,598,623,605,596,568,572,566,568,535,539,580,599,638,688,711,712,758,789,783,808,832,831,842,888,956,971,971,965,962,958,979,969,982,962,952,940,962,974,1033,1088,1084,1105,1110,1054,1012,917,861,840,792,793,810,811,861,887,954,1012,1073,1108,1131,1123,1085,1029,1018,1092,1071,1021,1003,981,986,1021,1029,1075,1113,1128,1124,1126,1126,1119,1120,1095,1106,1111,1106,1117,1153,1144,1088,1030,991,915,852,826,769,732,687,635,628,617,621,625,598,604,584,637,683,777,793,873,944,977,982,938,929,897,899,904,887,856,869,888,874,879,883,922,951,1030,1072,1127,1109,1163,1254,1360,1395,1456,1526,1637,1736,1899,2025,2170,2318,2425,2470,2513,
1,3,6,5,6,9,13,19,29,33,36,48,75,87,126,153,189,258,310,362,423,484,601,697,808,942,1071,1214,1340,1477,1604,1703,1787,1867,1985,2078,2115,2068,2008,1906,1834,1757,1653,1525,1345,1221,1102,997,851,781,745,677,639,616,607,598,623,605,596,568,572,566,568,535,539,580,599,638,688,711,712,758,789,783,808,832,831,842,888,956,971,971,965,962,958,979,969,982,962,952,940,962,974,1033,1088,1084,1105,1110,1054,1012,917,861,840,792,793,810,811,861,887,954,1012,1073,1108,1131,1123,1085,1029,1018,1092,1071,1021,1003,981,986,1021,1029,1075,1113,1128,1124,1126,1126,1119,1120,1095,1106,1111,1106,1117,1153,1144,1088,1030,991,915,852,826,769,732,687,635,628,617,621,625,598,604,584,637,683,777,793,873,944,977,982,938,929,897,899,904,887,856,869,888,874,879,883,922,951,1030,1072,1127,1109,1163,1254,1360,1395,1456,1526,1637,1736,1899,2025,2170,2318,2425,2470,2513,
1,3,6,5,6,9,13,19,29,33,36,48,75,87,126,153,189,258,310,362,423,484,601,697,808,942,1071,1214,1340,1477,1604,1703,1787,1867,1985,2078,2115,2068,2008,1906,1834,1757,1653,1525,1345,1221,1102,997,851,781,745,677,639,616,607,598,623,605,596,568,572,566,568,535,539,580,599,638,688,711,712,758,789,783,808,832,831,842,888,956,971,971,965,962,958,979,969,982,962,952,940,962,974,1033,1088,1084,1105,1110,1054,1012,917,861,840,792,793,810,811,861,887,954,1012,1073,1108,1131,1123,1085,1029,1018,1092,1071,1021,1003,981,986,1021,1029,1075,1113,1128,1124,1126,1126,1119,1120,1095,1106,1111,1106,1117,1153,1144,1088,1030,991,915,852,826,769,732,687,635,628,617,621,625,598,604,584,637,683,777,793,873,944,977,982,938,929,897,899,904,887,856,869,888,874,879,883,922,951,1030,1072,1127,1109,1163,1254,1360,1395,1456,1526,1637,1736,1899,2025,2170,2318,2425,2470,2513,
1,3,6,5,6,9,13,19,29,33,36,48,75,87,126,153,189,258,310,362,423,484,601,697,808,942,1071,1214,1340,1477,1604,1703,1787,1867,1985,2078,2115,2068,2008,1906,1834,1757,1653,1525,1345,1221,1102,997,851,781,745,677,639,616,607,598,623,605,596,568,572,566,568,535,539,580,599,638,688,711,712,758,789,783,808,832,831,842,888,956,971,971,965,962,958,979,969,982,962,952,940,962,974,1033,1088,1084,1105,1110,1054,1012,917,861,840,792,793,810,811,861,887,954,1012,1073,1108,1131,1123,1085,1029,1018,1092,1071,1021,1003,981,986,1021,1029,1075,1113,1128,1124,1126,1126,1119,1120,1095,1106,1111,1106,1117,1153,1144,1088,1030,991,915,852,826,769,732,687,635,628,617,621,625,598,604,584,637,683,777,793,873,944,977,982,938,929,897,899,904,887,856,869,888,874,879,883,922,951,1030,1072,1127,1109,1163,1254,1360,1395,1456,1526,1637,1736,1899,2025,2170,2318,2425,2470,2513,
1,3,6,5,6,9,13,19,29,33,36,48,75,87,126,153,189,258,310,362,423,484,601,697,808,942,1071,1214,1340,1477,1604,1703,1787,1867,1985,2078,2115,2068,2008,1906,1834,1757,1653,1525,1345,1221,1102,997,851,781,745,677,639,616,607,598,623,605,596,568,572,566,568,535,539,580,599,638,688,711,712,758,789,783,808,832,831,842,888,956,971,971,965,962,958,979,969,982,962,952,940,962,974,1033,1088,1084,1105,1110,1054,1012,917,861,840,792,793,810,811,861,887,954,1012,1073,1108,1131,1123,1085,1029,1018,1092,1071,1021,1003,981,986,1021,1029,1075,1113,1128,1124,1126,1126,1119,1120,1095,1106,1111,1106,1117,1153,1144,1088,1030,991,915,852,826,769,732,687,635,628,617,621,625,598,604,584,637,683,777,793,873,944,977,982,938,929,897,899,904,887,856,869,888,874,879,883,922,951,1030,1072,1127,1109,1163,1254,1360,1395,1456,1526,1637,1736,1899,2025,2170,2318,2425,2470,2513,
1,3,6,5,6,9,13,19,29,33,36,48,75,87,126,153,189,258,310,362,423,484,601,697,808,942,1071,1214,1340,1477,1604,1703,1787,1867,1985,2078,2115,2068,2008,1906,1834,1757,1653,1525,1345,1221,1102,997,851,781,745,677,639,616,607,598,623,605,596,568,572,566,568,535,539,580,599,638,688,711,712,758,789,783,808,832,831,842,888,956,971,971,965,962,958,979,969,982,962,952,940,962,974,1033,1088,1084,1105,1110,1054,1012,917,861,840,792,793,810,811,861,887,954,1012,1073,1108,1131,1123,1085,1029,1018,1092,1071,1021,1003,981,986,1021,1029,1075,1113,1128,1124,1126,1126,1119,1120,1095,1106,1111,1106,1117,1153,1144,1088,1030,991,915,852,826,769,732,687,635,628,617,621,625,598,604,584,637,683,777,793,873,944,977,982,938,929,897,899,904,887,856,869,888,874,879,883,922,951,1030,1072,1127,1109,1163,1254,1360,1395,1456,1526,1637,1736,1899,2025,2170,2318,2425,2470,2513,
1,3,6,5,6,9,13,19,29,33,36,48,75,87,126,153,189,258,310,362,423,484,601,697,808,942,1071,1214,1340,1477,1604,1703,1787,1867,1985,2078,2115,2068,2008,1906,1834,1757,1653,1525,1345,1221,1102,997,851,781,745,677,639,616,607,598,623,605,596,568,572,566,568,535,539,580,599,638,688,711,712,758,789,783,808,832,831,842,888,956,971,971,965,962,958,979,969,982,962,952,940,962,974,1033,1088,1084,1105,1110,1054,1012,917,861,840,792,793,810,811,861,887,954,1012,1073,1108,1131,1123,1085,1029,1018,1092,1071,1021,1003,981,986,1021,1029,1075,1113,1128,1124,1126,1126,1119,1120,1095,1106,1111,1106,1117,1153,1144,1088,1030,991,915,852,826,769,732,687,635,628,617,621,625,598,604,584,637,683,777,793,873,944,977,982,938,929,897,899,904,887,856,869,888,874,879,883,922,951,1030,1072,1127,1109,1163,1254,1360,1395,1456,1526,1637,1736,1899,2025,2170,2318,2425,2470,2513,
1,3,6,5,6,9,13,19,29,33,36,48,75,87,126,153,189,258,310,362,423,484,601,697,808,942,1071,1214,1340,1477,1604,1703,1787,1867,1985,2078,2115,2068,2008,1906,1834,1757,1653,1525,1345,1221,1102,997,851,781,745,677,639,616,607,598,623,605,596,568,572,566,568,535,539,580,599,638,688,711,712,758,789,783,808,832,831,842,888,956,971,971,965,962,958,979,969,982,962,952,940,962,974,1033,1088,1084,1105,1110,1054,1012,917,861,840,792,793,810,811,861,887,954,1012,1073,1108,1131,1123,1085,1029,1018,1092,1071,1021,1003,981,986,1021,1029,1075,1113,1128,1124,1126,1126,1119,1120,1095,1106,1111,1106,1117,1153,1144,1088,1030,991,915,852,826,769,732,687,635,628,617,621,625,598,604,584,637,683,777,793,873,944,977,982,938,929,897,899,904,887,856,869,888,874,879,883,922,951,1030,1072,1127,1109,1163,1254,1360,1395,1456,1526,1637,1736,1899,2025,2170,2318,2425,2470,2513,
1,3,6,5,6,9,13,19,29,33,36,48,75,87,126,153,189,258,310,362,423,484,601,697,808,942,1071,1214,1340,1477,1604,1703,1787,1867,1985,2078,2115,2068,2008,1906,1834,1757,1653,1525,1345,1221,1102,997,851,781,745,677,639,616,607,598,623,605,596,568,572,566,568,535,539,580,599,638,688,711,712,758,789,783,808,832,831,842,888,956,971,971,965,962,958,979,969,982,962,952,940,962,974,1033,1088,1084,1105,1110,1054,1012,917,861,840,792,793,810,811,861,887,954,1012,1073,1108,1131,1123,1085,1029,1018,1092,1071,1021,1003,981,986,1021,1029,1075,1113,1128,1124,1126,1126,1119,1120,1095,1106,1111,1106,1117,1153,1144,1088,1030,991,915,852,826,769,732,687,635,628,617,621,625,598,604,584,637,683,777,793,873,944,977,982,938,929,897,899,904,887,856,869,888,874,879,883,922,951,1030,1072,1127,1109,1163,1254,1360,1395,1456,1526,1637,1736,1899,2025,2170,2318,2425,2470,2513,
1,3,6,5,6,9,13,19,29,33,36,48,75,87,126,153,189,258,310,362,423,484,601,697,808,942,1071,1214,1340,1477,1604,1703,1787,1867,1985,2078,2115,2068,2008,1906,1834,1757,1653,1525,1345,1221,1102,997,851,781,745,677,639,616,607,598,623,605,596,568,572,566,568,535,539,580,599,638,688,711,712,758,789,783,808,832,831,842,888,956,971,971,965,962,958,979,969,982,962,952,940,962,974,1033,1088,1084,1105,1110,1054,1012,917,861,840,792,793,810,811,861,887,954,1012,1073,1108,1131,1123,1085,1029,1018,1092,1071,1021,1003,981,986,1021,1029,1075,1113,1128,1124,1126,1126,1119,1120,1095,1106,1111,1106,1117,1153,1144,1088,1030,991,915,852,826,769,732,687,635,628,617,621,625,598,604,584,637,683,777,793,873,944,977,982,938,929,897,899,904,887,856,869,888,874,879,883,922,951,1030,1072,1127,1109,1163,1254,1360,1395,1456,1526,1637,1736,1899,2025,2170,2318,2425,2470,2513,
1,3,6,5,6,9,13,19,29,33,36,48,75,87,126,153,189,258,310,362,423,484,601,697,808,942,1071,1214,1340,1477,1604,1703,1787,1867,1985,2078,2115,2068,2008,1906,1834,1757,1653,1525,1345,1221,1102,997,851,781,745,677,639,616,607,598,623,605,596,568,572,566,568,535,539,580,599,638,688,711,712,758,789,783,808,832,831,842,888,956,971,971,965,962,958,979,969,982,962,952,940,962,974,1033,1088,1084,1105,1110,1054,1012,917,861,840,792,793,810,811,861,887,954,1012,1073,1108,1131,1123,1085,1029,1018,1092,1071,1021,1003,981,986,1021,1029,1075,1113,1128,1124,1126,1126,1119,1120,1095,1106,1111,1106,1117,1153,1144,1088,1030,991,915,852,826,769,732,687,635,628,617,621,625,598,604,584,637,683,777,793,873,944,977,982,938,929,897,899,904,887,856,869,888,874,879,883,922,951,1030,1072,1127,1109,1163,1254,1360,1395,1456,1526,1637,1736,1899,2025,2170,2318,2425,2470,2513,
1,3,6,5,6,9,13,19,29,33,36,48,75,87,126,153,189,258,310,362,423,484,601,697,808,942,1071,1214,1340,1477,1604,1703,1787,1867,1985,2078,2115,2068,2008,1906,1834,1757,1653,1525,1345,1221,1102,997,851,781,745,677,639,616,607,598,623,605,596,568,572,566,568,535,539,580,599,638,688,711,712,758,789,783,808,832,831,842,888,956,971,971,965,962,958,979,969,982,962,952,940,962,974,1033,1088,1084,1105,1110,1054,1012,917,861,840,792,793,810,811,861,887,954,1012,1073,1108,1131,1123,1085,1029,1018,1092,1071,1021,1003,981,986,1021,1029,1075,1113,1128,1124,1126,1126,1119,1120,1095,1106,1111,1106,1117,1153,1144,1088,1030,991,915,852,826,769,732,687,635,628,617,621,625,598,604,584,637,683,777,793,873,944,977,982,938,929,897,899,904,887,856,869,888,874,879,883,922,951,1030,1072,1127,1109,1163,1254,1360,1395,1456,1526,1637,1736,1899,2025,2170,2318,2425,2470,2513,
1,3,6,5,6,9,13,19,29,33,36,48,75,87,126,153,189,258,310,362,423,484,601,697,808,942,1071,1214,1340,1477,1604,1703,1787,1867,1985,2078,2115,2068,2008,1906,1834,1757,1653,1525,1345,1221,1102,997,851,781,745,677,639,616,607,598,623,605,596,568,572,566,568,535,539,580,599,638,688,711,712,758,789,783,808,832,831,842,888,956,971,971,965,962,958,979,969,982,962,952,940,962,974,1033,1088,1084,1105,1110,1054,1012,917,861,840,792,793,810,811,861,887,954,1012,1073,1108,1131,1123,1085,1029,1018,1092,1071,1021,1003,981,986,1021,1029,1075,1113,1128,1124,1126,1126,1119,1120,1095,1106,1111,1106,1117,1153,1144,1088,1030,991,915,852,826,769,732,687,635,628,617,621,625,598,604,584,637,683,777,793,873,944,977,982,938,929,897,899,904,887,856,869,888,874,879,883,922,951,1030,1072,1127,1109,1163,1254,1360,1395,1456,1526,1637,1736,1899,2025,2170,2318,2425,2470,2513,
1,3,6,5,6,9,13,19,29,33,36,48,75,87,126,153,189,258,310,362,423,484,601,697,808,942,1071,1214,1340,1477,1604,1703,1787,1867,1985,2078,2115,2068,2008,1906,1834,1757,1653,1525,1345,1221,1102,997,851,781,745,677,639,616,607,598,623,605,596,568,572,566,568,535,539,580,599,638,688,711,712,758,789,783,808,832,831,842,888,956,971,971,965,962,958,979,969,982,962,952,940,962,974,1033,1088,1084,1105,1110,1054,1012,917,861,840,792,793,810,811,861,887,954,1012,1073,1108,1131,1123,1085,1029,1018,1092,1071,1021,1003,981,986,1021,1029,1075,1113,1128,1124,1126,1126,1119,1120,1095,1106,1111,1106,1117,1153,1144,1088,1030,991,915,852,826,769,732,687,635,628,617,621,625,598,604,584,637,683,777,793,873,944,977,982,938,929,897,899,904,887,856,869,888,874,879,883,922,951,1030,1072,1127,1109,1163,1254,1360,1395,1456,1526,1637,1736,1899,2025,2170,2318,2425,2470,2513,
1,3,6,5,6,9,13,19,29,33,36,48,75,87,126,153,189,258,310,362,423,484,601,697,808,942,1071,1214,1340,1477,1604,1703,1787,1867,1985,2078,2115,2068,2008,1906,1834,1757,1653,1525,1345,1221,1102,997,851,781,745,677,639,616,607,598,623,605,596,568,572,566,568,535,539,580,599,638,688,711,712,758,789,783,808,832,831,842,888,956,971,971,965,962,958,979,969,982,962,952,940,962,974,1033,1088,1084,1105,1110,1054,1012,917,861,840,792,793,810,811,861,887,954,1012,1073,1108,1131,1123,1085,1029,1018,1092,1071,1021,1003,981,986,1021,1029,1075,1113,1128,1124,1126,1126,1119,1120,1095,1106,1111,1106,1117,1153,1144,1088,1030,991,915,852,826,769,732,687,635,628,617,621,625,598,604,584,637,683,777,793,873,944,977,982,938,929,897,899,904,887,856,869,888,874,879,883,922,951,1030,1072,1127,1109,1163,1254,1360,1395,1456,1526,1637,1736,1899,2025,2170,2318,2425,2470,2513,
1,3,6,5,6,9,13,19,29,33,36,48,75,87,126,153,189,258,310,362,423,484,601,697,808,942,1071,1214,1340,1477,1604,1703,1787,1867,1985,2078,2115,2068,2008,1906,1834,1757,1653,1525,1345,1221,1102,997,851,781,745,677,639,616,607,598,623,605,596,568,572,566,568,535,539,580,599,638,688,711,712,758,789,783,808,832,831,842,888,956,971,971,965,962,958,979,969,982,962,952,940,962,974,1033,1088,1084,1105,1110,1054,1012,917,861,840,792,793,810,811,861,887,954,1012,1073,1108,1131,1123,1085,1029,1018,1092,1071,1021,1003,981,986,1021,1029,1075,1113,1128,1124,1126,1126,1119,1120,1095,1106,1111,1106,1117,1153,1144,1088,1030,991,915,852,826,769,732,687,635,628,617,621,625,598,604,584,637,683,777,793,873,944,977,982,938,929,897,899,904,887,856,869,888,874,879,883,922,951,1030,1072,1127,1109,1163,1254,1360,1395,1456,1526,1637,1736,1899,2025,2170,2318,2425,2470,2513,
1,3,6,5,6,9,13,19,29,33,36,48,75,87,126,153,189,258,310,362,423,484,601,697,808,942,1071,1214,1340,1477,1604,1703,1787,1867,1985,2078,2115,2068,2008,1906,1834,1757,1653,1525,1345,1221,1102,997,851,781,745,677,639,616,607,598,623,605,596,568,572,566,568,535,539,580,599,638,688,711,712,758,789,783,808,832,831,842,888,956,971,971,965,962,958,979,969,982,962,952,940,962,974,1033,1088,1084,1105,1110,1054,1012,917,861,840,792,793,810,811,861,887,954,1012,1073,1108,1131,1123,1085,1029,1018,1092,1071,1021,1003,981,986,1021,1029,1075,1113,1128,1124,1126,1126,1119,1120,1095,1106,1111,1106,1117,1153,1144,1088,1030,991,915,852,826,769,732,687,635,628,617,621,625,598,604,584,637,683,777,793,873,944,977,982,938,929,897,899,904,887,856,869,888,874,879,883,922,951,1030,1072,1127,1109,1163,1254,1360,1395,1456,1526,1637,1736,1899,2025,2170,2318,2425,2470,2513,
1,3,6,5,6,9,13,19,29,33,36,48,75,87,126,153,189,258,310,362,423,484,601,697,808,942,1071,1214,1340,1477,1604,1703,1787,1867,1985,2078,2115,2068,2008,1906,1834,1757,1653,1525,1345,1221,1102,997,851,781,745,677,639,616,607,598,623,605,596,568,572,566,568,535,539,580,599,638,688,711,712,758,789,783,808,832,831,842,888,956,971,971,965,962,958,979,969,982,962,952,940,962,974,1033,1088,1084,1105,1110,1054,1012,917,861,840,792,793,810,811,861,887,954,1012,1073,1108,1131,1123,1085,1029,1018,1092,1071,1021,1003,981,986,1021,1029,1075,1113,1128,1124,1126,1126,1119,1120,1095,1106,1111,1106,1117,1153,1144,1088,1030,991,915,852,826,769,732,687,635,628,617,621,625,598,604,584,637,683,777,793,873,944,977,982,938,929,897,899,904,887,856,869,888,874,879,883,922,951,1030,1072,1127,1109,1163,1254,1360,1395,1456,1526,1637,1736,1899,2025,2170,2318,2425,2470,2513,
1,3,6,5,6,9,13,19,29,33,36,48,75,87,126,153,189,258,310,362,423,484,601,697,808,942,1071,1214,1340,1477,1604,1703,1787,1867,1985,2078,2115,2068,2008,1906,1834,1757,1653,1525,1345,1221,1102,997,851,781,745,677,639,616,607,598,623,605,596,568,572,566,568,535,539,580,599,638,688,711,712,758,789,783,808,832,831,842,888,956,971,971,965,962,958,979,969,982,962,952,940,962,974,1033,1088,1084,1105,1110,1054,1012,917,861,840,792,793,810,811,861,887,954,1012,1073,1108,1131,1123,1085,1029,1018,1092,1071,1021,1003,981,986,1021,1029,1075,1113,1128,1124,1126,1126,1119,1120,1095,1106,1111,1106,1117,1153,1144,1088,1030,991,915,852,826,769,732,687,635,628,617,621,625,598,604,584,637,683,777,793,873,944,977,982,938,929,897,899,904,887,856,869,888,874,879,883,922,951,1030,1072,1127,1109,1163,1254,1360,1395,1456,1526,1637,1736,1899,2025,2170,2318,2425,2470,2513,
1,3,6,5,6,9,13,19,29,33,36,48,75,87,126,153,189,258,310,362,423,484,601,697,808,942,1071,1214,1340,1477,1604,1703,1787,1867,1985,2078,2115,2068,2008,1906,1834,1757,1653,1525,1345,1221,1102,997,851,781,745,677,639,616,607,598,623,605,596,568,572,566,568,535,539,580,599,638,688,711,712,758,789,783,808,832,831,842,888,956,971,971,965,962,958,979,969,982,962,952,940,962,974,1033,1088,1084,1105,1110,1054,1012,917,861,840,792,793,810,811,861,887,954,1012,1073,1108,1131,1123,1085,1029,1018,1092,1071,1021,1003,981,986,1021,1029,1075,1113,1128,1124,1126,1126,1119,1120,1095,1106,1111,1106,1117,1153,1144,1088,1030,991,915,852,826,769,732,687,635,628,617,621,625,598,604,584,637,683,777,793,873,944,977,982,938,929,897,899,904,887,856,869,888,874,879,883,922,951,1030,1072,1127,1109,1163,1254,1360,1395,1456,1526,1637,1736,1899,2025,2170,2318,2425,2470,2513,
1,3,6,5,6,9,13,19,29,33,36,48,75,87,126,153,189,258,310,362,423,484,601,697,808,942,1071,1214,1340,1477,1604,1703,1787,1867,1985,2078,2115,2068,2008,1906,1834,1757,1653,1525,1345,1221,1102,997,851,781,745,677,639,616,607,598,623,605,596,568,572,566,568,535,539,580,599,638,688,711,712,758,789,783,808,832,831,842,888,956,971,971,965,962,958,979,969,982,962,952,940,962,974,1033,1088,1084,1105,1110,1054,1012,917,861,840,792,793,810,811,861,887,954,1012,1073,1108,1131,1123,1085,1029,1018,1092,1071,1021,1003,981,986,1021,1029,1075,1113,1128,1124,1126,1126,1119,1120,1095,1106,1111,1106,1117,1153,1144,1088,1030,991,915,852,826,769,732,687,635,628,617,621,625,598,604,584,637,683,777,793,873,944,977,982,938,929,897,899,904,887,856,869,888,874,879,883,922,951,1030,1072,1127,1109,1163,1254,1360,1395,1456,1526,1637,1736,1899,2025,2170,2318,2425,2470,2513,
1,3,6,5,6,9,13,19,29,33,36,48,75,87,126,153,189,258,310,362,423,484,601,697,808,942,1071,1214,1340,1477,1604,1703,1787,1867,1985,2078,2115,2068,2008,1906,1834,1757,1653,1525,1345,1221,1102,997,851,781,745,677,639,616,607,598,623,605,596,568,572,566,568,535,539,580,599,638,688,711,712,758,789,783,808,832,831,842,888,956,971,971,965,962,958,979,969,982,962,952,940,962,974,1033,1088,1084,1105,1110,1054,1012,917,861,840,792,793,810,811,861,887,954,1012,1073,1108,1131,1123,1085,1029,1018,1092,1071,1021,1003,981,986,1021,1029,1075,1113,1128,1124,1126,1126,1119,1120,1095,1106,1111,1106,1117,1153,1144,1088,1030,991,915,852,826,769,732,687,635,628,617,621,625,598,604,584,637,683,777,793,873,944,977,982,938,929,897,899,904,887,856,869,888,874,879,883,922,951,1030,1072,1127,1109,1163,1254,1360,1395,1456,1526,1637,1736,1899,2025,2170,2318,2425,2470,2513,
1,3,6,5,6,9,13,19,29,33,36,48,75,87,126,153,189,258,310,362,423,484,601,697,808,942,1071,1214,1340,1477,1604,1703,1787,1867,1985,2078,2115,2068,2008,1906,1834,1757,1653,1525,1345,1221,1102,997,851,781,745,677,639,616,607,598,623,605,596,568,572,566,568,535,539,580,599,638,688,711,712,758,789,783,808,832,831,842,888,956,971,971,965,962,958,979,969,982,962,952,940,962,974,1033,1088,1084,1105,1110,1054,1012,917,861,840,792,793,810,811,861,887,954,1012,1073,1108,1131,1123,1085,1029,1018,1092,1071,1021,1003,981,986,1021,1029,1075,1113,1128,1124,1126,1126,1119,1120,1095,1106,1111,1106,1117,1153,1144,1088,1030,991,915,852,826,769,732,687,635,628,617,621,625,598,604,584,637,683,777,793,873,944,977,982,938,929,897,899,904,887,856,869,888,874,879,883,922,951,1030,1072,1127,1109,1163,1254,1360,1395,1456,1526,1637,1736,1899,2025,2170,2318,2425,2470,2513,
1,3,6,5,6,9,13,19,29,33,36,48,75,87,126,153,189,258,310,362,423,484,601,697,808,942,1071,1214,1340,1477,1604,1703,1787,1867,1985,2078,2115,2068,2008,1906,1834,1757,1653,1525,1345,1221,1102,997,851,781,745,677,639,616,607,598,623,605,596,568,572,566,568,535,539,580,599,638,688,711,712,758,789,783,808,832,831,842,888,956,971,971,965,962,958,979,969,982,962,952,940,962,974,1033,1088,1084,1105,1110,1054,1012,917,861,840,792,793,810,811,861,887,954,1012,1073,1108,1131,1123,1085,1029,1018,1092,1071,1021,1003,981,986,1021,1029,1075,1113,1128,1124,1126,1126,1119,1120,1095,1106,1111,1106,1117,1153,1144,1088,1030,991,915,852,826,769,732,687,635,628,617,621,625,598,604,584,637,683,777,793,873,944,977,982,938,929,897,899,904,887,856,869,888,874,879,883,922,951,1030,1072,1127,1109,1163,1254,1360,1395,1456,1526,1637,1736,1899,2025,2170,2318,2425,2470,2513,
1,3,6,5,6,9,13,19,29,33,36,48,75,87,126,153,189,258,310,362,423,484,601,697,808,942,1071,1214,1340,1477,1604,1703,1787,1867,1985,2078,2115,2068,2008,1906,1834,1757,1653,1525,1345,1221,1102,997,851,781,745,677,639,616,607,598,623,605,596,568,572,566,568,535,539,580,599,638,688,711,712,758,789,783,808,832,831,842,888,956,971,971,965,962,958,979,969,982,962,952,940,962,974,1033,1088,1084,1105,1110,1054,1012,917,861,840,792,793,810,811,861,887,954,1012,1073,1108,1131,1123,1085,1029,1018,1092,1071,1021,1003,981,986,1021,1029,1075,1113,1128,1124,1126,1126,1119,1120,1095,1106,1111,1106,1117,1153,1144,1088,1030,991,915,852,826,769,732,687,635,628,617,621,625,598,604,584,637,683,777,793,873,944,977,982,938,929,897,899,904,887,856,869,888,874,879,883,922,951,1030,1072,1127,1109,1163,1254,1360,1395,1456,1526,1637,1736,1899,2025,2170,2318,2425,2470,2513,
1,3,6,5,6,9,13,19,29,33,36,48,75,87,126,153,189,258,310,362,423,484,601,697,808,942,1071,1214,1340,1477,1604,1703,1787,1867,1985,2078,2115,2068,2008,1906,1834,1757,1653,1525,1345,1221,1102,997,851,781,745,677,639,616,607,598,623,605,596,568,572,566,568,535,539,580,599,638,688,711,712,758,789,783,808,832,831,842,888,956,971,971,965,962,958,979,969,982,962,952,940,962,974,1033,1088,1084,1105,1110,1054,1012,917,861,840,792,793,810,811,861,887,954,1012,1073,1108,1131,1123,1085,1029,1018,1092,1071,1021,1003,981,986,1021,1029,1075,1113,1128,1124,1126,1126,1119,1120,1095,1106,1111,1106,1117,1153,1144,1088,1030,991,915,852,826,769,732,687,635,628,617,621,625,598,604,584,637,683,777,793,873,944,977,982,938,929,897,899,904,887,856,869,888,874,879,883,922,951,1030,1072,1127,1109,1163,1254,1360,1395,1456,1526,1637,1736,1899,2025,2170,2318,2425,2470,2513,
1,3,6,5,6,9,13,19,29,33,36,48,75,87,126,153,189,258,310,362,423,484,601,697,808,942,1071,1214,1340,1477,1604,1703,1787,1867,1985,2078,2115,2068,2008,1906,1834,1757,1653,1525,1345,1221,1102,997,851,781,745,677,639,616,607,598,623,605,596,568,572,566,568,535,539,580,599,638,688,711,712,758,789,783,808,832,831,842,888,956,971,971,965,962,958,979,969,982,962,952,940,962,974,1033,1088,1084,1105,1110,1054,1012,917,861,840,792,793,810,811,861,887,954,1012,1073,1108,1131,1123,1085,1029,1018,1092,1071,1021,1003,981,986,1021,1029,1075,1113,1128,1124,1126,1126,1119,1120,1095,1106,1111,1106,1117,1153,1144,1088,1030,991,915,852,826,769,732,687,635,628,617,621,625,598,604,584,637,683,777,793,873,944,977,982,938,929,897,899,904,887,856,869,888,874,879,883,922,951,1030,1072,1127,1109,1163,1254,1360,1395,1456,1526,1637,1736,1899,2025,2170,2318,2425,2470,2513,
1,3,6,5,6,9,13,19,29,33,36,48,75,87,126,153,189,258,310,362,423,484,601,697,808,942,1071,1214,1340,1477,1604,1703,1787,1867,1985,2078,2115,2068,2008,1906,1834,1757,1653,1525,1345,1221,1102,997,851,781,745,677,639,616,607,598,623,605,596,568,572,566,568,535,539,580,599,638,688,711,712,758,789,783,808,832,831,842,888,956,971,971,965,962,958,979,969,982,962,952,940,962,974,1033,1088,1084,1105,1110,1054,1012,917,861,840,792,793,810,811,861,887,954,1012,1073,1108,1131,1123,1085,1029,1018,1092,1071,1021,1003,981,986,1021,1029,1075,1113,1128,1124,1126,1126,1119,1120,1095,1106,1111,1106,1117,1153,1144,1088,1030,991,915,852,826,769,732,687,635,628,617,621,625,598,604,584,637,683,777,793,873,944,977,982,938,929,897,899,904,887,856,869,888,874,879,883,922,951,1030,1072,1127,1109,1163,1254,1360,1395,1456,1526,1637,1736,1899,2025,2170,2318,2425,2470,2513,
1,3,6,5,6,9,13,19,29,33,36,48,75,87,126,153,189,258,310,362,423,484,601,697,808,942,1071,1214,1340,1477,1604,1703,1787,1867,1985,2078,2115,2068,2008,1906,1834,1757,1653,1525,1345,1221,1102,997,851,781,745,677,639,616,607,598,623,605,596,568,572,566,568,535,539,580,599,638,688,711,712,758,789,783,808,832,831,842,888,956,971,971,965,962,958,979,969,982,962,952,940,962,974,1033,1088,1084,1105,1110,1054,1012,917,861,840,792,793,810,811,861,887,954,1012,1073,1108,1131,1123,1085,1029,1018,1092,1071,1021,1003,981,986,1021,1029,1075,1113,1128,1124,1126,1126,1119,1120,1095,1106,1111,1106,1117,1153,1144,1088,1030,991,915,852,826,769,732,687,635,628,617,621,625,598,604,584,637,683,777,793,873,944,977,982,938,929,897,899,904,887,856,869,888,874,879,883,922,951,1030,1072,1127,1109,1163,1254,1360,1395,1456,1526,1637,1736,1899,2025,2170,2318,2425,2470,2513,
1,3,6,5,6,9,13,19,29,33,36,48,75,87,126,153,189,258,310,362,423,484,601,697,808,942,1071,1214,1340,1477,1604,1703,1787,1867,1985,2078,2115,2068,2008,1906,1834,1757,1653,1525,1345,1221,1102,997,851,781,745,677,639,616,607,598,623,605,596,568,572,566,568,535,539,580,599,638,688,711,712,758,789,783,808,832,831,842,888,956,971,971,965,962,958,979,969,982,962,952,940,962,974,1033,1088,1084,1105,1110,1054,1012,917,861,840,792,793,810,811,861,887,954,1012,1073,1108,1131,1123,1085,1029,1018,1092,1071,1021,1003,981,986,1021,1029,1075,1113,1128,1124,1126,1126,1119,1120,1095,1106,1111,1106,1117,1153,1144,1088,1030,991,915,852,826,769,732,687,635,628,617,621,625,598,604,584,637,683,777,793,873,944,977,982,938,929,897,899,904,887,856,869,888,874,879,883,922,951,1030,1072,1127,1109,1163,1254,1360,1395,1456,1526,1637,1736,1899,2025,2170,2318,2425,2470,2513,
1,3,6,5,6,9,13,19,29,33,36,48,75,87,126,153,189,258,310,362,423,484,601,697,808,942,1071,1214,1340,1477,1604,1703,1787,1867,1985,2078,2115,2068,2008,1906,1834,1757,1653,1525,1345,1221,1102,997,851,781,745,677,639,616,607,598,623,605,596,568,572,566,568,535,539,580,599,638,688,711,712,758,789,783,808,832,831,842,888,956,971,971,965,962,958,979,969,982,962,952,940,962,974,1033,1088,1084,1105,1110,1054,1012,917,861,840,792,793,810,811,861,887,954,1012,1073,1108,1131,1123,1085,1029,1018,1092,1071,1021,1003,981,986,1021,1029,1075,1113,1128,1124,1126,1126,1119,1120,1095,1106,1111,1106,1117,1153,1144,1088,1030,991,915,852,826,769,732,687,635,628,617,621,625,598,604,584,637,683,777,793,873,944,977,982,938,929,897,899,904,887,856,869,888,874,879,883,922,951,1030,1072,1127,1109,1163,1254,1360,1395,1456,1526,1637,1736,1899,2025,2170,2318,2425,2470,2513,
1,3,6,5,6,9,13,19,29,33,36,48,75,87,126,153,189,258,310,362,423,484,601,697,808,942,1071,1214,1340,1477,1604,1703,1787,1867,1985,2078,2115,2068,2008,1906,1834,1757,1653,1525,1345,1221,1102,997,851,781,745,677,639,616,607,598,623,605,596,568,572,566,568,535,539,580,599,638,688,711,712,758,789,783,808,832,831,842,888,956,971,971,965,962,958,979,969,982,962,952,940,962,974,1033,1088,1084,1105,1110,1054,1012,917,861,840,792,793,810,811,861,887,954,1012,1073,1108,1131,1123,1085,1029,1018,1092,1071,1021,1003,981,986,1021,1029,1075,1113,1128,1124,1126,1126,1119,1120,1095,1106,1111,1106,1117,1153,1144,1088,1030,991,915,852,826,769,732,687,635,628,617,621,625,598,604,584,637,683,777,793,873,944,977,982,938,929,897,899,904,887,856,869,888,874,879,883,922,951,1030,1072,1127,1109,1163,1254,1360,1395,1456,1526,1637,1736,1899,2025,2170,2318,2425,2470,2513,
1,3,6,5,6,9,13,19,29,33,36,48,75,87,126,153,189,258,310,362,423,484,601,697,808,942,1071,1214,1340,1477,1604,1703,1787,1867,1985,2078,2115,2068,2008,1906,1834,1757,1653,1525,1345,1221,1102,997,851,781,745,677,639,616,607,598,623,605,596,568,572,566,568,535,539,580,599,638,688,711,712,758,789,783,808,832,831,842,888,956,971,971,965,962,958,979,969,982,962,952,940,962,974,1033,1088,1084,1105,1110,1054,1012,917,861,840,792,793,810,811,861,887,954,1012,1073,1108,1131,1123,1085,1029,1018,1092,1071,1021,1003,981,986,1021,1029,1075,1113,1128,1124,1126,1126,1119,1120,1095,1106,1111,1106,1117,1153,1144,1088,1030,991,915,852,826,769,732,687,635,628,617,621,625,598,604,584,637,683,777,793,873,944,977,982,938,929,897,899,904,887,856,869,888,874,879,883,922,951,1030,1072,1127,1109,1163,1254,1360,1395,1456,1526,1637,1736,1899,2025,2170,2318,2425,2470,2513,
1,3,6,5,6,9,13,19,29,33,36,48,75,87,126,153,189,258,310,362,423,484,601,697,808,942,1071,1214,1340,1477,1604,1703,1787,1867,1985,2078,2115,2068,2008,1906,1834,1757,1653,1525,1345,1221,1102,997,851,781,745,677,639,616,607,598,623,605,596,568,572,566,568,535,539,580,599,638,688,711,712,758,789,783,808,832,831,842,888,956,971,971,965,962,958,979,969,982,962,952,940,962,974,1033,1088,1084,1105,1110,1054,1012,917,861,840,792,793,810,811,861,887,954,1012,1073,1108,1131,1123,1085,1029,1018,1092,1071,1021,1003,981,986,1021,1029,1075,1113,1128,1124,1126,1126,1119,1120,1095,1106,1111,1106,1117,1153,1144,1088,1030,991,915,852,826,769,732,687,635,628,617,621,625,598,604,584,637,683,777,793,873,944,977,982,938,929,897,899,904,887,856,869,888,874,879,883,922,951,1030,1072,1127,1109,1163,1254,1360,1395,1456,1526,1637,1736,1899,2025,2170,2318,2425,2470,2513,
1,3,6,5,6,9,13,19,29,33,36,48,75,87,126,153,189,258,310,362,423,484,601,697,808,942,1071,1214,1340,1477,1604,1703,1787,1867,1985,2078,2115,2068,2008,1906,1834,1757,1653,1525,1345,1221,1102,997,851,781,745,677,639,616,607,598,623,605,596,568,572,566,568,535,539,580,599,638,688,711,712,758,789,783,808,832,831,842,888,956,971,971,965,962,958,979,969,982,962,952,940,962,974,1033,1088,1084,1105,1110,1054,1012,917,861,840,792,793,810,811,861,887,954,1012,1073,1108,1131,1123,1085,1029,1018,1092,1071,1021,1003,981,986,1021,1029,1075,1113,1128,1124,1126,1126,1119,1120,1095,1106,1111,1106,1117,1153,1144,1088,1030,991,915,852,826,769,732,687,635,628,617,621,625,598,604,584,637,683,777,793,873,944,977,982,938,929,897,899,904,887,856,869,888,874,879,883,922,951,1030,1072,1127,1109,1163,1254,1360,1395,1456,1526,1637,1736,1899,2025,2170,2318,2425,2470,2513,
1,3,6,5,6,9,13,19,29,33,36,48,75,87,126,153,189,258,310,362,423,484,601,697,808,942,1071,1214,1340,1477,1604,1703,1787,1867,1985,2078,2115,2068,2008,1906,1834,1757,1653,1525,1345,1221,1102,997,851,781,745,677,639,616,607,598,623,605,596,568,572,566,568,535,539,580,599,638,688,711,712,758,789,783,808,832,831,842,888,956,971,971,965,962,958,979,969,982,962,952,940,962,974,1033,1088,1084,1105,1110,1054,1012,917,861,840,792,793,810,811,861,887,954,1012,1073,1108,1131,1123,1085,1029,1018,1092,1071,1021,1003,981,986,1021,1029,1075,1113,1128,1124,1126,1126,1119,1120,1095,1106,1111,1106,1117,1153,1144,1088,1030,991,915,852,826,769,732,687,635,628,617,621,625,598,604,584,637,683,777,793,873,944,977,982,938,929,897,899,904,887,856,869,888,874,879,883,922,951,1030,1072,1127,1109,1163,1254,1360,1395,1456,1526,1637,1736,1899,2025,2170,2318,2425,2470,2513,
1,3,6,5,6,9,13,19,29,33,36,48,75,87,126,153,189,258,310,362,423,484,601,697,808,942,1071,1214,1340,1477,1604,1703,1787,1867,1985,2078,2115,2068,2008,1906,1834,1757,1653,1525,1345,1221,1102,997,851,781,745,677,639,616,607,598,623,605,596,568,572,566,568,535,539,580,599,638,688,711,712,758,789,783,808,832,831,842,888,956,971,971,965,962,958,979,969,982,962,952,940,962,974,1033,1088,1084,1105,1110,1054,1012,917,861,840,792,793,810,811,861,887,954,1012,1073,1108,1131,1123,1085,1029,1018,1092,1071,1021,1003,981,986,1021,1029,1075,1113,1128,1124,1126,1126,1119,1120,1095,1106,1111,1106,1117,1153,1144,1088,1030,991,915,852,826,769,732,687,635,628,617,621,625,598,604,584,637,683,777,793,873,944,977,982,938,929,897,899,904,887,856,869,888,874,879,883,922,951,1030,1072,1127,1109,1163,1254,1360,1395,1456,1526,1637,1736,1899,2025,2170,2318,2425,2470,2513,
1,3,6,5,6,9,13,19,29,33,36,48,75,87,126,153,189,258,310,362,423,484,601,697,808,942,1071,1214,1340,1477,1604,1703,1787,1867,1985,2078,2115,2068,2008,1906,1834,1757,1653,1525,1345,1221,1102,997,851,781,745,677,639,616,607,598,623,605,596,568,572,566,568,535,539,580,599,638,688,711,712,758,789,783,808,832,831,842,888,956,971,971,965,962,958,979,969,982,962,952,940,962,974,1033,1088,1084,1105,1110,1054,1012,917,861,840,792,793,810,811,861,887,954,1012,1073,1108,1131,1123,1085,1029,1018,1092,1071,1021,1003,981,986,1021,1029,1075,1113,1128,1124,1126,1126,1119,1120,1095,1106,1111,1106,1117,1153,1144,1088,1030,991,915,852,826,769,732,687,635,628,617,621,625,598,604,584,637,683,777,793,873,944,977,982,938,929,897,899,904,887,856,869,888,874,879,883,922,951,1030,1072,1127,1109,1163,1254,1360,1395,1456,1526,1637,1736,1899,2025,2170,2318,2425,2470,2513,
1,3,6,5,6,9,13,19,29,33,36,48,75,87,126,153,189,258,310,362,423,484,601,697,808,942,1071,1214,1340,1477,1604,1703,1787,1867,1985,2078,2115,2068,2008,1906,1834,1757,1653,1525,1345,1221,1102,997,851,781,745,677,639,616,607,598,623,605,596,568,572,566,568,535,539,580,599,638,688,711,712,758,789,783,808,832,831,842,888,956,971,971,965,962,958,979,969,982,962,952,940,962,974,1033,1088,1084,1105,1110,1054,1012,917,861,840,792,793,810,811,861,887,954,1012,1073,1108,1131,1123,1085,1029,1018,1092,1071,1021,1003,981,986,1021,1029,1075,1113,1128,1124,1126,1126,1119,1120,1095,1106,1111,1106,1117,1153,1144,1088,1030,991,915,852,826,769,732,687,635,628,617,621,625,598,604,584,637,683,777,793,873,944,977,982,938,929,897,899,904,887,856,869,888,874,879,883,922,951,1030,1072,1127,1109,1163,1254,1360,1395,1456,1526,1637,1736,1899,2025,2170,2318,2425,2470,2513,
1,3,6,5,6,9,13,19,29,33,36,48,75,87,126,153,189,258,310,362,423,484,601,697,808,942,1071,1214,1340,1477,1604,1703,1787,1867,1985,2078,2115,2068,2008,1906,1834,1757,1653,1525,1345,1221,1102,997,851,781,745,677,639,616,607,598,623,605,596,568,572,566,568,535,539,580,599,638,688,711,712,758,789,783,808,832,831,842,888,956,971,971,965,962,958,979,969,982,962,952,940,962,974,1033,1088,1084,1105,1110,1054,1012,917,861,840,792,793,810,811,861,887,954,1012,1073,1108,1131,1123,1085,1029,1018,1092,1071,1021,1003,981,986,1021,1029,1075,1113,1128,1124,1126,1126,1119,1120,1095,1106,1111,1106,1117,1153,1144,1088,1030,991,915,852,826,769,732,687,635,628,617,621,625,598,604,584,637,683,777,793,873,944,977,982,938,929,897,899,904,887,856,869,888,874,879,883,922,951,1030,1072,1127,1109,1163,1254,1360,1395,1456,1526,1637,1736,1899,2025,2170,2318,2425,2470,2513,
1,3,6,5,6,9,13,19,29,33,36,48,75,87,126,153,189,258,310,362,423,484,601,697,808,942,1071,1214,1340,1477,1604,1703,1787,1867,1985,2078,2115,2068,2008,1906,1834,1757,1653,1525,1345,1221,1102,997,851,781,745,677,639,616,607,598,623,605,596,568,572,566,568,535,539,580,599,638,688,711,712,758,789,783,808,832,831,842,888,956,971,971,965,962,958,979,969,982,962,952,940,962,974,1033,1088,1084,1105,1110,1054,1012,917,861,840,792,793,810,811,861,887,954,1012,1073,1108,1131,1123,1085,1029,1018,1092,1071,1021,1003,981,986,1021,1029,1075,1113,1128,1124,1126,1126,1119,1120,1095,1106,1111,1106,1117,1153,1144,1088,1030,991,915,852,826,769,732,687,635,628,617,621,625,598,604,584,637,683,777,793,873,944,977,982,938,929,897,899,904,887,856,869,888,874,879,883,922,951,1030,1072,1127,1109,1163,1254,1360,1395,1456,1526,1637,1736,1899,2025,2170,2318,2425,2470,2513,
1,3,6,5,6,9,13,19,29,33,36,48,75,87,126,153,189,258,310,362,423,484,601,697,808,942,1071,1214,1340,1477,1604,1703,1787,1867,1985,2078,2115,2068,2008,1906,1834,1757,1653,1525,1345,1221,1102,997,851,781,745,677,639,616,607,598,623,605,596,568,572,566,568,535,539,580,599,638,688,711,712,758,789,783,808,832,831,842,888,956,971,971,965,962,958,979,969,982,962,952,940,962,974,1033,1088,1084,1105,1110,1054,1012,917,861,840,792,793,810,811,861,887,954,1012,1073,1108,1131,1123,1085,1029,1018,1092,1071,1021,1003,981,986,1021,1029,1075,1113,1128,1124,1126,1126,1119,1120,1095,1106,1111,1106,1117,1153,1144,1088,1030,991,915,852,826,769,732,687,635,628,617,621,625,598,604,584,637,683,777,793,873,944,977,982,938,929,897,899,904,887,856,869,888,874,879,883,922,951,1030,1072,1127,1109,1163,1254,1360,1395,1456,1526,1637,1736,1899,2025,2170,2318,2425,2470,2513,
1,3,6,5,6,9,13,19,29,33,36,48,75,87,126,153,189,258,310,362,423,484,601,697,808,942,1071,1214,1340,1477,1604,1703,1787,1867,1985,2078,2115,2068,2008,1906,1834,1757,1653,1525,1345,1221,1102,997,851,781,745,677,639,616,607,598,623,605,596,568,572,566,568,535,539,580,599,638,688,711,712,758,789,783,808,832,831,842,888,956,971,971,965,962,958,979,969,982,962,952,940,962,974,1033,1088,1084,1105,1110,1054,1012,917,861,840,792,793,810,811,861,887,954,1012,1073,1108,1131,1123,1085,1029,1018,1092,1071,1021,1003,981,986,1021,1029,1075,1113,1128,1124,1126,1126,1119,1120,1095,1106,1111,1106,1117,1153,1144,1088,1030,991,915,852,826,769,732,687,635,628,617,621,625,598,604,584,637,683,777,793,873,944,977,982,938,929,897,899,904,887,856,869,888,874,879,883,922,951,1030,1072,1127,1109,1163,1254,1360,1395,1456,1526,1637,1736,1899,2025,2170,2318,2425,2470,2513,
1,3,6,5,6,9,13,19,29,33,36,48,75,87,126,153,189,258,310,362,423,484,601,697,808,942,1071,1214,1340,1477,1604,1703,1787,1867,1985,2078,2115,2068,2008,1906,1834,1757,1653,1525,1345,1221,1102,997,851,781,745,677,639,616,607,598,623,605,596,568,572,566,568,535,539,580,599,638,688,711,712,758,789,783,808,832,831,842,888,956,971,971,965,962,958,979,969,982,962,952,940,962,974,1033,1088,1084,1105,1110,1054,1012,917,861,840,792,793,810,811,861,887,954,1012,1073,1108,1131,1123,1085,1029,1018,1092,1071,1021,1003,981,986,1021,1029,1075,1113,1128,1124,1126,1126,1119,1120,1095,1106,1111,1106,1117,1153,1144,1088,1030,991,915,852,826,769,732,687,635,628,617,621,625,598,604,584,637,683,777,793,873,944,977,982,938,929,897,899,904,887,856,869,888,874,879,883,922,951,1030,1072,1127,1109,1163,1254,1360,1395,1456,1526,1637,1736,1899,2025,2170,2318,2425,2470,2513,
1,3,6,5,6,9,13,19,29,33,36,48,75,87,126,153,189,258,310,362,423,484,601,697,808,942,1071,1214,1340,1477,1604,1703,1787,1867,1985,2078,2115,2068,2008,1906,1834,1757,1653,1525,1345,1221,1102,997,851,781,745,677,639,616,607,598,623,605,596,568,572,566,568,535,539,580,599,638,688,711,712,758,789,783,808,832,831,842,888,956,971,971,965,962,958,979,969,982,962,952,940,962,974,1033,1088,1084,1105,1110,1054,1012,917,861,840,792,793,810,811,861,887,954,1012,1073,1108,1131,1123,1085,1029,1018,1092,1071,1021,1003,981,986,1021,1029,1075,1113,1128,1124,1126,1126,1119,1120,1095,1106,1111,1106,1117,1153,1144,1088,1030,991,915,852,826,769,732,687,635,628,617,621,625,598,604,584,637,683,777,793,873,944,977,982,938,929,897,899,904,887,856,869,888,874,879,883,922,951,1030,1072,1127,1109,1163,1254,1360,1395,1456,1526,1637,1736,1899,2025,2170,2318,2425,2470,2513,
1,3,6,5,6,9,13,19,29,33,36,48,75,87,126,153,189,258,310,362,423,484,601,697,808,942,1071,1214,1340,1477,1604,1703,1787,1867,1985,2078,2115,2068,2008,1906,1834,1757,1653,1525,1345,1221,1102,997,851,781,745,677,639,616,607,598,623,605,596,568,572,566,568,535,539,580,599,638,688,711,712,758,789,783,808,832,831,842,888,956,971,971,965,962,958,979,969,982,962,952,940,962,974,1033,1088,1084,1105,1110,1054,1012,917,861,840,792,793,810,811,861,887,954,1012,1073,1108,1131,1123,1085,1029,1018,1092,1071,1021,1003,981,986,1021,1029,1075,1113,1128,1124,1126,1126,1119,1120,1095,1106,1111,1106,1117,1153,1144,1088,1030,991,915,852,826,769,732,687,635,628,617,621,625,598,604,584,637,683,777,793,873,944,977,982,938,929,897,899,904,887,856,869,888,874,879,883,922,951,1030,1072,1127,1109,1163,1254,1360,1395,1456,1526,1637,1736,1899,2025,2170,2318,2425,2470,2513,
1,3,6,5,6,9,13,19,29,33,36,48,75,87,126,153,189,258,310,362,423,484,601,697,808,942,1071,1214,1340,1477,1604,1703,1787,1867,1985,2078,2115,2068,2008,1906,1834,1757,1653,1525,1345,1221,1102,997,851,781,745,677,639,616,607,598,623,605,596,568,572,566,568,535,539,580,599,638,688,711,712,758,789,783,808,832,831,842,888,956,971,971,965,962,958,979,969,982,962,952,940,962,974,1033,1088,1084,1105,1110,1054,1012,917,861,840,792,793,810,811,861,887,954,1012,1073,1108,1131,1123,1085,1029,1018,1092,1071,1021,1003,981,986,1021,1029,1075,1113,1128,1124,1126,1126,1119,1120,1095,1106,1111,1106,1117,1153,1144,1088,1030,991,915,852,826,769,732,687,635,628,617,621,625,598,604,584,637,683,777,793,873,944,977,982,938,929,897,899,904,887,856,869,888,874,879,883,922,951,1030,1072,1127,1109,1163,1254,1360,1395,1456,1526,1637,1736,1899,2025,2170,2318,2425,2470,2513,
1,4,4,4,6,8,12,20,30,32,35,41,55,71,88,110,152,195,235,308,383,472,581,735,886,1045,1244,1407,1629,1822,2033,2203,2360,2530,2684,2796,2792,2757,2626,2380,2204,2010,1804,1645,1450,1255,1071,956,892,782,717,669,631,605,590,567,574,554,546,548,544,546,519,512,508,495,495,489,488,499,502,553,579,612,651,666,686,682,667,663,668,694,678,679,644,632,634,625,624,633,623,602,592,601,589,558,538,519,505,521,534,560,583,619,631,656,681,724,759,809,855,880,911,976,971,1012,991,968,949,906,921,927,913,907,879,845,873,916,920,960,972,1003,1004,1025,1044,1069,1131,1146,1108,1088,1032,974,898,847,783,741,688,680,655,654,642,630,636,625,597,587,600,591,591,600,633,613,613,654,701,708,706,704,708,722,778,838,875,881,901,893,909,883,874,847,873,955,1012,1052,1127,1145,1175,1228,1307,1393,1521,1741,1928,1968,1978,2058,2178,2166,2230,
1,4,4,4,6,8,12,20,30,32,35,41,55,71,88,110,152,195,235,308,383,472,581,735,886,1045,1244,1407,1629,1822,2033,2203,2360,2530,2684,2796,2792,2757,2626,2380,2204,2010,1804,1645,1450,1255,1071,956,892,782,717,669,631,605,590,567,574,554,546,548,544,546,519,512,508,495,495,489,488,499,502,553,579,612,651,666,686,682,667,663,668,694,678,679,644,632,634,625,624,633,623,602,592,601,589,558,538,519,505,521,534,560,583,619,631,656,681,724,759,809,855,880,911,976,971,1012,991,968,949,906,921,927,913,907,879,845,873,916,920,960,972,1003,1004,1025,1044,1069,1131,1146,1108,1088,1032,974,898,847,783,741,688,680,655,654,642,630,636,625,597,587,600,591,591,600,633,613,613,654,701,708,706,704,708,722,778,838,875,881,901,893,909,883,874,847,873,955,1012,1052,1127,1145,1175,1228,1307,1393,1521,1741,1928,1968,1978,2058,2178,2166,2230,
1,4,4,4,6,8,12,20,30,32,35,41,55,71,88,110,152,195,235,308,383,472,581,735,886,1045,1244,1407,1629,1822,2033,2203,2360,2530,2684,2796,2792,2757,2626,2380,2204,2010,1804,1645,1450,1255,1071,956,892,782,717,669,631,605,590,567,574,554,546,548,544,546,519,512,508,495,495,489,488,499,502,553,579,612,651,666,686,682,667,663,668,694,678,679,644,632,634,625,624,633,623,602,592,601,589,558,538,519,505,521,534,560,583,619,631,656,681,724,759,809,855,880,911,976,971,1012,991,968,949,906,921,927,913,907,879,845,873,916,920,960,972,1003,1004,1025,1044,1069,1131,1146,1108,1088,1032,974,898,847,783,741,688,680,655,654,642,630,636,625,597,587,600,591,591,600,633,613,613,654,701,708,706,704,708,722,778,838,875,881,901,893,909,883,874,847,873,955,1012,1052,1127,1145,1175,1228,1307,1393,1521,1741,1928,1968,1978,2058,2178,2166,2230,
1,4,4,4,6,8,12,20,30,32,35,41,55,71,88,110,152,195,235,308,383,472,581,735,886,1045,1244,1407,1629,1822,2033,2203,2360,2530,2684,2796,2792,2757,2626,2380,2204,2010,1804,1645,1450,1255,1071,956,892,782,717,669,631,605,590,567,574,554,546,548,544,546,519,512,508,495,495,489,488,499,502,553,579,612,651,666,686,682,667,663,668,694,678,679,644,632,634,625,624,633,623,602,592,601,589,558,538,519,505,521,534,560,583,619,631,656,681,724,759,809,855,880,911,976,971,1012,991,968,949,906,921,927,913,907,879,845,873,916,920,960,972,1003,1004,1025,1044,1069,1131,1146,1108,1088,1032,974,898,847,783,741,688,680,655,654,642,630,636,625,597,587,600,591,591,600,633,613,613,654,701,708,706,704,708,722,778,838,875,881,901,893,909,883,874,847,873,955,1012,1052,1127,1145,1175,1228,1307,1393,1521,1741,1928,1968,1978,2058,2178,2166,2230,
1,4,4,4,6,8,12,20,30,32,35,41,55,71,88,110,152,195,235,308,383,472,581,735,886,1045,1244,1407,1629,1822,2033,2203,2360,2530,2684,2796,2792,2757,2626,2380,2204,2010,1804,1645,1450,1255,1071,956,892,782,717,669,631,605,590,567,574,554,546,548,544,546,519,512,508,495,495,489,488,499,502,553,579,612,651,666,686,682,667,663,668,694,678,679,644,632,634,625,624,633,623,602,592,601,589,558,538,519,505,521,534,560,583,619,631,656,681,724,759,809,855,880,911,976,971,1012,991,968,949,906,921,927,913,907,879,845,873,916,920,960,972,1003,1004,1025,1044,1069,1131,1146,1108,1088,1032,974,898,847,783,741,688,680,655,654,642,630,636,625,597,587,600,591,591,600,633,613,613,654,701,708,706,704,708,722,778,838,875,881,901,893,909,883,874,847,873,955,1012,1052,1127,1145,1175,1228,1307,1393,1521,1741,1928,1968,1978,2058,2178,2166,2230,
1,4,4,4,6,8,12,20,30,32,35,41,55,71,88,110,152,195,235,308,383,472,581,735,886,1045,1244,1407,1629,1822,2033,2203,2360,2530,2684,2796,2792,2757,2626,2380,2204,2010,1804,1645,1450,1255,1071,956,892,782,717,669,631,605,590,567,574,554,546,548,544,546,519,512,508,495,495,489,488,499,502,553,579,612,651,666,686,682,667,663,668,694,678,679,644,632,634,625,624,633,623,602,592,601,589,558,538,519,505,521,534,560,583,619,631,656,681,724,759,809,855,880,911,976,971,1012,991,968,949,906,921,927,913,907,879,845,873,916,920,960,972,1003,1004,1025,1044,1069,1131,1146,1108,1088,1032,974,898,847,783,741,688,680,655,654,642,630,636,625,597,587,600,591,591,600,633,613,613,654,701,708,706,704,708,722,778,838,875,881,901,893,909,883,874,847,873,955,1012,1052,1127,1145,1175,1228,1307,1393,1521,1741,1928,1968,1978,2058,2178,2166,2230,
1,4,4,4,6,8,12,20,30,32,35,41,55,71,88,110,152,195,235,308,383,472,581,735,886,1045,1244,1407,1629,1822,2033,2203,2360,2530,2684,2796,2792,2757,2626,2380,2204,2010,1804,1645,1450,1255,1071,956,892,782,717,669,631,605,590,567,574,554,546,548,544,546,519,512,508,495,495,489,488,499,502,553,579,612,651,666,686,682,667,663,668,694,678,679,644,632,634,625,624,633,623,602,592,601,589,558,538,519,505,521,534,560,583,619,631,656,681,724,759,809,855,880,911,976,971,1012,991,968,949,906,921,927,913,907,879,845,873,916,920,960,972,1003,1004,1025,1044,1069,1131,1146,1108,1088,1032,974,898,847,783,741,688,680,655,654,642,630,636,625,597,587,600,591,591,600,633,613,613,654,701,708,706,704,708,722,778,838,875,881,901,893,909,883,874,847,873,955,1012,1052,1127,1145,1175,1228,1307,1393,1521,1741,1928,1968,1978,2058,2178,2166,2230,
1,4,4,4,6,8,12,20,30,32,35,41,55,71,88,110,152,195,235,308,383,472,581,735,886,1045,1244,1407,1629,1822,2033,2203,2360,2530,2684,2796,2792,2757,2626,2380,2204,2010,1804,1645,1450,1255,1071,956,892,782,717,669,631,605,590,567,574,554,546,548,544,546,519,512,508,495,495,489,488,499,502,553,579,612,651,666,686,682,667,663,668,694,678,679,644,632,634,625,624,633,623,602,592,601,589,558,538,519,505,521,534,560,583,619,631,656,681,724,759,809,855,880,911,976,971,1012,991,968,949,906,921,927,913,907,879,845,873,916,920,960,972,1003,1004,1025,1044,1069,1131,1146,1108,1088,1032,974,898,847,783,741,688,680,655,654,642,630,636,625,597,587,600,591,591,600,633,613,613,654,701,708,706,704,708,722,778,838,875,881,901,893,909,883,874,847,873,955,1012,1052,1127,1145,1175,1228,1307,1393,1521,1741,1928,1968,1978,2058,2178,2166,2230,
1,4,4,4,6,8,12,20,30,32,35,41,55,71,88,110,152,195,235,308,383,472,581,735,886,1045,1244,1407,1629,1822,2033,2203,2360,2530,2684,2796,2792,2757,2626,2380,2204,2010,1804,1645,1450,1255,1071,956,892,782,717,669,631,605,590,567,574,554,546,548,544,546,519,512,508,495,495,489,488,499,502,553,579,612,651,666,686,682,667,663,668,694,678,679,644,632,634,625,624,633,623,602,592,601,589,558,538,519,505,521,534,560,583,619,631,656,681,724,759,809,855,880,911,976,971,1012,991,968,949,906,921,927,913,907,879,845,873,916,920,960,972,1003,1004,1025,1044,1069,1131,1146,1108,1088,1032,974,898,847,783,741,688,680,655,654,642,630,636,625,597,587,600,591,591,600,633,613,613,654,701,708,706,704,708,722,778,838,875,881,901,893,909,883,874,847,873,955,1012,1052,1127,1145,1175,1228,1307,1393,1521,1741,1928,1968,1978,2058,2178,2166,2230,
1,4,4,4,6,8,12,20,30,32,35,41,55,71,88,110,152,195,235,308,383,472,581,735,886,1045,1244,1407,1629,1822,2033,2203,2360,2530,2684,2796,2792,2757,2626,2380,2204,2010,1804,1645,1450,1255,1071,956,892,782,717,669,631,605,590,567,574,554,546,548,544,546,519,512,508,495,495,489,488,499,502,553,579,612,651,666,686,682,667,663,668,694,678,679,644,632,634,625,624,633,623,602,592,601,589,558,538,519,505,521,534,560,583,619,631,656,681,724,759,809,855,880,911,976,971,1012,991,968,949,906,921,927,913,907,879,845,873,916,920,960,972,1003,1004,1025,1044,1069,1131,1146,1108,1088,1032,974,898,847,783,741,688,680,655,654,642,630,636,625,597,587,600,591,591,600,633,613,613,654,701,708,706,704,708,722,778,838,875,881,901,893,909,883,874,847,873,955,1012,1052,1127,1145,1175,1228,1307,1393,1521,1741,1928,1968,1978,2058,2178,2166,2230,
1,4,4,4,6,8,12,20,30,32,35,41,55,71,88,110,152,195,235,308,383,472,581,735,886,1045,1244,1407,1629,1822,2033,2203,2360,2530,2684,2796,2792,2757,2626,2380,2204,2010,1804,1645,1450,1255,1071,956,892,782,717,669,631,605,590,567,574,554,546,548,544,546,519,512,508,495,495,489,488,499,502,553,579,612,651,666,686,682,667,663,668,694,678,679,644,632,634,625,624,633,623,602,592,601,589,558,538,519,505,521,534,560,583,619,631,656,681,724,759,809,855,880,911,976,971,1012,991,968,949,906,921,927,913,907,879,845,873,916,920,960,972,1003,1004,1025,1044,1069,1131,1146,1108,1088,1032,974,898,847,783,741,688,680,655,654,642,630,636,625,597,587,600,591,591,600,633,613,613,654,701,708,706,704,708,722,778,838,875,881,901,893,909,883,874,847,873,955,1012,1052,1127,1145,1175,1228,1307,1393,1521,1741,1928,1968,1978,2058,2178,2166,2230,
1,4,4,4,6,8,12,20,30,32,35,41,55,71,88,110,152,195,235,308,383,472,581,735,886,1045,1244,1407,1629,1822,2033,2203,2360,2530,2684,2796,2792,2757,2626,2380,2204,2010,1804,1645,1450,1255,1071,956,892,782,717,669,631,605,590,567,574,554,546,548,544,546,519,512,508,495,495,489,488,499,502,553,579,612,651,666,686,682,667,663,668,694,678,679,644,632,634,625,624,633,623,602,592,601,589,558,538,519,505,521,534,560,583,619,631,656,681,724,759,809,855,880,911,976,971,1012,991,968,949,906,921,927,913,907,879,845,873,916,920,960,972,1003,1004,1025,1044,1069,1131,1146,1108,1088,1032,974,898,847,783,741,688,680,655,654,642,630,636,625,597,587,600,591,591,600,633,613,613,654,701,708,706,704,708,722,778,838,875,881,901,893,909,883,874,847,873,955,1012,1052,1127,1145,1175,1228,1307,1393,1521,1741,1928,1968,1978,2058,2178,2166,2230,
